150 4 3 3
1.0
0.34742707616427654
0.280046266696199
0.2378508426423297
0.34742707616427654
1.0
0.24843639090036893
0.23984648613462053
0.280046266696199
0.24843639090036893
1.0
0.4514359948098515
0.2378508426423297
0.23984648613462053
0.4514359948098515
1.0
-1.0
0.0
0.0
0.0
0.0
0.0
0.0
0.0
0.0
0.0
0.0
0.0
0.0
-1.0
0.0
0.0
0.0
0.0
0.0
0.0
0.0
0.0
0.0
0.0
0.0
0.0
-1.0
0.0
0.0
0.0
0.0
0.0
0.0
0.0
0.0
0.0
0.0
1.0
0.0
0.0
0.0
0.0
1.0
0.0
0.0
0.0
0.0
1.0
-1.0
-1.0
-1.0
1.0
0.0
0.0
0.0
1.0
0.0
0.0
0.0
1.0
0.075
0.07500000000000001
0.075
-0.22499999999999998
0.075
0.07499999999999998
0.075
-0.22499999999999998
0.07499999999999998
0.075
0.07499999999999998
-0.22499999999999995
0.3726063512944032
0.6250544705279917
1.0554643354596716
2.1027187651588233
0.5624773216619299
0.6447411136060759
1.2245668450741911
0.5370177900519247
0.4358175830741279
1.1478498093303842
2.2235777215090127
0.33068480826602553
1.574211539801424
0.6251453466739691
0.7626941076414726
0.8488134574578166
1.609145733251118
0.4894804589650908
0.2319011915371364
2.4876251024779656
4.017952283189874
0.3467844178817523
1.6186728059894175
1.0251105802472678
1.130305284637405
1.3777239520465292
0.7000686421837914
1.2201057687270236
3.1208188784861663
2.5306837386292678
0.5164986445019222
0.8956199612015296
4.469130653212744
0.29194198277777256
0.501546456455121
2.3786921241412133
2.8656004211621706
1.7712998550316883
0.43665142482448793
5.734304018220794
2.2221698397588328
1.9802555355231113
1.6764976838364225
0.5990989055400933
0.8846483668479468
0.48787069598400695
1.9360808122185882
4.032098044529889
0.7216016632244782
1.7175215625142308
0.6077696210331743
2.0966080575453945
0.6706685514549847
0.9252415150152653
0.3385015992358819
0.8535989746450381
2.5512669909126124
1.74607245371022
0.32762275840482
2.965520355424206
2.9780317577534947
1.1189657551782488
1.4510398647428397
0.461954826403775
1.7023728403446086
0.7488398932065337
1.3567696302724284
1.4162302334741583
4.287837355149542
2.758606217743209
2.6897035086372343
1.0072025358194252
0.9383840666251855
3.2177147410670495
0.36889852006887125
0.6450858029342731
0.27297533467726176
0.9941298444777817
2.0717958592672923
2.1257111300205906
0.799066335567209
0.7170663975581071
0.9373201514205309
0.28627326207022386
2.4151986223526527
0.41870485845164385
1.2467177918290386
0.3444948069828394
2.618811316111849
0.42114508130179995
0.6980057157528888
3.700462850307029
5.2035212319062545
2.104743520851841
0.6573362192925427
0.9357084289721158
0.41233480751039375
2.3809725934630346
0.4025969972405491
0.6624207012576782
2.890922686291968
1.839677193017285
1.8858763589562104
0.5742880759016509
1.800925296329186
3.5841151633348898
0.2914563167198876
2.704986370818432
4.404808291527644
1.4507149999093254
0.5469631037820029
0.3282669832285057
0.40903717676203355
1.5742619820148662
1.21534138059099
0.6294371461514405
2.566407231989081
2.480294521923779
1.2384175129075374
0.5860382417903993
2.26810435933184
1.003014086097599
0.49919257978833226
1.2216984019569554
3.8300352432966203
0.2386981661343517
0.8739833444627976
5.1130605622560195
1.1573191230292372
0.4259642976900845
3.1974054033073047
1.0062828241918822
0.6031432972325208
0.2247453719976617
0.9862850916122263
5.351095284881185
0.820339325933165
0.9413300096679968
0.6317996369536999
1.6389437150181037
5.2577658619610625
1.0677771893612995
0.31919704410812694
1.7671436613369982
1.8975935943602964
1.017270021243925
3.4264573233677313
2.722286807923289
2.203545171832926
1.1723442814294485
1.1617854926478435
-0.3198561897991625
-0.006743179912856686
-0.2958367951697039
-0.3198561897991625
1.1753962451614675
-0.23507358151215985
-0.048467064452140905
-0.006743179912856686
-0.23507358151215985
0.3750775608041113
0.37405901145159476
-0.2958367951697039
-0.048467064452140905
0.37405901145159476
0.45682454044201
1.5240331074933793
-0.42914327514334
-0.20251639677781413
-0.1957040476967381
-0.42914327514333994
1.5123391180066754
-0.2002395874840936
-0.15603145638651855
-0.20251639677781413
-0.2002395874840936
1.4273775944391707
-0.4133934815002912
-0.1957040476967381
-0.15603145638651855
-0.4133934815002912
1.4215619809981075
2.1683598067145393
-0.6065356460267499
-0.20625616705640754
-0.3597752527050111
-0.6065356460267498
2.1642143460195253
-0.33061148987772904
-0.1829113097303691
-0.20625616705640754
-0.33061148987772904
1.6353957597839948
-0.2059402040340419
-0.3597752527050111
-0.1829113097303691
-0.2059402040340419
1.6749170539689182
4.394934299575532
-1.2195435016915428
-0.21917954446966842
-0.9267496781416252
-1.2195435016915428
4.416873993642098
-0.7811325575384598
-0.2757989642379449
-0.21917954446966842
-0.7811325575384598
2.354235971695727
0.5109479470003725
-0.9267496781416252
-0.2757989642379449
0.5109479470003725
2.5504262386660974
-754.6555851533495
1.2014389841714344
-0.3403284915276565
-0.20064401136229965
-0.113558753072137
-0.34032849152765643
1.1859656836133918
-0.13496647431134087
-0.14257355880915065
-0.20064401136229965
-0.13496647431134084
1.323229438285518
-0.5172588160508901
-0.11355875307213699
-0.14257355880915065
-0.5172588160508901
1.294715060401802
0.6007194920857172
-0.17016424576382824
-0.10032200568114982
-0.0567793765360685
-0.17016424576382821
0.5929828418066959
-0.06748323715567044
-0.07128677940457533
-0.10032200568114982
-0.06748323715567042
0.661614719142759
-0.25862940802544504
-0.056779376536068495
-0.07128677940457533
-0.25862940802544504
0.647357530200901
0.6007194920857172
-0.17016424576382824
-0.10032200568114982
-0.0567793765360685
-0.17016424576382821
0.5929828418066959
-0.06748323715567044
-0.07128677940457533
-0.10032200568114982
-0.06748323715567042
0.661614719142759
-0.25862940802544504
-0.056779376536068495
-0.07128677940457533
-0.25862940802544504
0.647357530200901
133.36514100574348
1.2007484962734503
-0.48177243474128356
0.12786895733060477
1.5829166969317316
-1.3347804761489164
-0.1724871806714856
-0.4688857011836554
-0.9728343253675995
-0.06581899911062603
-0.7292130984176877
-0.6804678053657417
-0.9658228697735682
0.37439109165859535
0.16649660308768713
-0.020469315011360373
1.2171126362028766
0.16285497113679764
0.028556916397427322
-0.19819203022870374
0.2028083820208328
-0.28803198555439485
0.5350823808207759
0.526562099566958
-0.03197056160883476
-0.1311211176536305
0.47198541779355924
0.48668683788673667
0.1735091511980784
-1.549902620616872
-1.1320430622223465
-0.7853117964888862
0.06299351548735865
-0.7987597955266763
-1.1220658337943394
1.0323575302405037
-0.082486188480283
0.0550235222890076
-0.4876744101140479
-0.18921728881206695
0.7547815705988046
0.12774831051623434
-0.6323459404399344
-0.5013041611239413
0.6570791240264817
-0.5802582772406744
-2.1066541742950435
-0.7263660052775859
-0.8089466807937584
-0.019889639617240423
-0.3284032822736771
-0.7430962946250668
0.7169272442503808
-0.5751724369480027
-1.1506175123737883
-1.1360713145072636
-0.6826203011685521
-0.42198049473188387
-0.28779847715653084
-0.741345015276229
0.6789388006638245
0.9007011279096527
0.316748494192771
-0.45615975599337716
0.6186030194889979
-0.40741837440215145
0.1991389490583199
0.42058433189718136
0.09017003185643652
0.07898784412382077
0.6054464995330351
0.32496175536486754
-0.8764099958026889
-0.07493736309861088
1.15000175413458
-0.9201298610725974
-1.0913318918100967
0.43622423313962017
0.31514254917014767
-0.5353247761883755
0.5259799015943758
0.0017362540914172544
-0.12529395163364154
-1.1068026037018885
0.9930357955442934
-0.5413234876087549
-1.1826687259105204
-0.2272748038950294
-0.8491992476900714
-0.12110379197728578
0.5550851742445038
1.1931771994188867
0.040325653874502654
0.2826096187971385
0.5454789741019737
0.5713127425866198
1.0571062686609947
0.12875599484580896
0.05745443330095722
0.07408300876082616
-0.5644373230004772
-0.0435077821840646
-0.7645931031555129
-1.0618837339389269
-0.04499800358958414
0.006436892031792949
0.046383976794567745
1.1249797250506217
1.1480736043238187
-0.5595942805391175
-0.0258118835764706
1.004064545551427
-1.2202766820410695
0.4180810132808479
0.0386758012541826
0.5523237120540792
-0.24562146809363364
0.09353607469804895
-0.35300960437095186
0.5733823401708579
-0.14376635018387707
0.11890887971392375
0.002958262301788958
-1.0687188845654163
-1.4915321862525808
-0.7487487521928778
1.160559238984336
0.8159324502764037
1.0469667851438862
0.18730919207172186
0.2010775216232414
0.008620449943337438
0.1597069207427204
0.07928039125842874
0.8251071898583815
0.4202161232499042
0.8683660545642911
0.64221309469638
0.07297839264524858
0.033796320270990735
-0.3398497912157571
0.2877887600070109
-0.013818642959713426
-0.28825014835774937
0.15096053037484342
-0.09756450636477988
-0.0812527444318368
-0.0431815608247967
-0.4512026052109439
-0.4084144802675378
0.358364594347547
-0.32070998447458876
-0.417418478111059
-0.058795239101603426
-0.8345971307414696
0.6985565283104407
1.5115875894276405
-0.2347554961973533
-0.27188820613834114
0.506898324531137
-0.45495154611370003
-0.05890815608394845
-0.07938468187085915
0.07056875157736014
-0.015492010571264259
0.2245154362336071
-0.7039507481219287
-0.764481823466162
0.14783043871341714
0.3562808485979126
-0.2433679737444263
-0.5874815267398215
-0.854096287245808
0.4065788672078152
-0.4448617748458049
-0.33319191608855503
-0.12170536765341478
-0.358044397395148
-1.2413179587754606
-0.020906667501234988
-0.5067547862121103
1.3192168138814944
0.5787136450079282
0.886209626701338
0.027051955845745934
0.5938031047498163
0.5309670357103211
-0.2657032951948139
0.2860475095064644
0.24432104255067696
-0.35563083518826966
-0.7908320570731928
0.8725703021997617
0.6938990117088684
0.5215722724508858
0.7540023718784068
-0.3027439821914534
0.6396893586958113
0.4750884375246383
0.29703079953596445
-0.0956484225321611
0.38718292576732966
-0.09270756223407395
-0.11078273662304594
-0.2063516387371535
0.37731832829607737
0.04349303898875487
-0.5988265940418579
0.2577089197213337
0.15479735757163823
0.4444196118559581
-2.0631181730711035
-1.793271471237488
-0.1385666528992993
-0.14501974843394402
-0.1613848029107082
-0.08098727098206616
-0.3502292315966277
-0.6370032210789058
1.029408875471961
-0.5952519810482643
0.6824652275824898
0.5974895480637663
-0.269693831570532
0.34837547891484
-0.2590950409284052
-0.4661090563460925
-0.5150739601184541
0.5275185086155476
-0.07024128897725278
0.814162116274473
0.1400907962075269
-0.21794146929796626
0.22431814419872603
-0.02721049283546513
-1.264999482203661
0.1393720460164834
-0.30696402367305364
-0.5402494187802859
-0.24411323186057723
-0.19363265394006657
-0.07323918805247591
0.29676168193497005
0.095448630024769
-0.4231451399587723
-0.5850135926477098
-0.7475149818893521
-0.6118975142287182
0.14864313637944918
0.0033758217923286465
0.3096191005820133
1.0897098740320812
-0.11585061471720845
-0.561710076172253
-0.792759375627236
-0.4406649053722742
-0.8785393395946787
0.2360846052408482
0.029415928782522464
0.3072755295120529
0.5462808933430563
0.6698818824113117
0.2142611002582988
0.44197850446106646
1.4220470678380819
0.06069553922787423
-0.23500338774140217
1.0908176863307453
-0.04047034075260175
-0.009850940146702056
0.2074070806342997
-0.008253287774581175
0.5703456705596893
-0.12210708028491968
0.10782931242195039
-0.39386783044586227
0.12748701447194877
-0.04468847265227213
-0.08515113891816659
-0.0625175560743545
0.5824612224533113
-0.2456011293738531
-0.07995977842065527
0.7187082890256525
-0.09970399595508983
-0.5128793974112204
0.21953698163025537
0.1754076106891025
-0.5543212779196315
-0.33974098051640667
0.5937525748714838
-0.545396503060125
0.2292285715499185
0.07057740652048063
-0.234426006556068
1.278880408572236
-0.47841096719022935
-0.5373700832144778
0.8036903825222288
0.10261292327436916
0.16352754741376999
0.6930393961819095
0.4241300508291993
0.5982650455867797
-0.033286244757233185
-1.0054498712586228
0.5461409469000029
0.08483635742656231
-0.5167515517433167
0.45012273460726687
-0.3352886536406614
-1.1182563373906436
0.8806578164015904
-0.4233780714539863
0.7271169228265115
0.5870594804678927
-0.9180884459745604
0.4247057332025359
-0.5154798086131815
-0.514067419724908
-0.08620629923786927
-0.01694627456210632
0.22509327629914383
-0.5684189366372497
0.28898509406193584
0.8903067206932719
-0.11991348048208805
-1.1215166237243968
0.24783182148793687
0.18266829915889146
0.11608380776795518
-0.32729242324743046
-0.7645029216255084
-0.48652243776628057
0.08417790232302008
0.057041110216061466
0.6949515534232016
0.07409053082645223
-0.1266768476462566
0.9028794962272126
-0.5458132280436723
-1.411743343852247
0.6541626694707683
0.06549929717219577
0.5315939443192003
-0.10095819141811133
1.7580307438225253
0.0893493753449962
-0.5617148810516547
-0.4651704492461711
0.5081627581941717
0.5363905301336729
-0.4384615543740431
0.3930606460876998
0.36407606484721533
-0.45362032384817746
0.9741602024476924
-1.224464632326404
-0.9596447093576437
0.14850970959421803
-0.49285466086518703
0.07768404651470358
-0.690644878199311
0.24368866055541652
0.43726366205838796
0.24416438225102458
0.06747836100651396
-0.04726875102035987
0.15382238329735068
-0.07106994991005826
0.1794878439583803
0.48581469577087133
-0.2663874148561235
0.1685375784987679
0.27955089106466174
-0.2433613072521535
-0.08821028889735688
-0.6410175006356764
-1.3078264572842109
-0.7993883576488918
0.49227336310530123
-0.4041746608489769
-0.9606918624113104
-0.09429174798857107
-1.3700257249208545
0.35317785897965537
-1.350851595284371
-0.39255515929045537
-0.5356241330088862
0.005849803046973264
0.07201369955427614
0.8743685666532579
-1.0765653282417065
0.36832039861082205
0.7644613319731715
0.6636427672651926
0.09541627043780708
0.5966975727440078
0.8094909632422084
0.37274270015074007
1.022851114442525
0.35449773990040706
0.15282803996234645
0.03100752901934617
0.10790140347147262
-0.24648966673794614
-0.16694146684758987
-0.2838547704391764
-0.3260080470880311
-0.10026926652329193
-0.05401129809077748
-0.010376509222659713
0.25375012333386315
-1.3179533990032495
-1.211357489090616
-0.262200663826594
-0.10350567210255501
-0.11994485407861484
0.125099641362448
-0.4641808493301259
-0.06279632279510122
0.10879879198101378
-0.019463280168108946
0.14109440616968055
-0.13624148455231228
-0.004958365891712586
-1.52403451172004
-2.401105673876552
-2.2838894747702057
-0.09148042814478789
-0.2840867473742748
0.224092128242785
-0.5483324593307234
0.2019867995082552
0.2080615415831129
0.02457371723958393
0.4173685273681593
0.34841861346188857
0.05566711714622009
-0.40114932094982614
0.17136956831414235
-0.5518670807936266
-0.2904601258489571
-1.2549139867014587
-0.5292991436510573
0.9598288670362243
0.9817784928315467
0.009596346009586698
0.7272783970745421
0.44609665585044533
0.8455604039836135
-0.5358524723305584
-1.0697239658514541
-0.32675698562457905
0.05792577911508645
-0.24651803634689246
0.5561702593783543
0.3175265745182464
0.8661421777475835
0.9326557918802824
-0.11450946671767155
0.33200910219675295
-0.5388144418538574
1.1798486752773825
0.7393143127645417
-0.37350300104477513
-0.07462792658728912
0.06793796148093609
-0.058998395468039866
0.011216392987162354
0.03211997022442553
-0.32129085782265204
0.447973527105165
0.017595274475662653
-0.41678495481674716
1.3071500966798908
-0.9911405808186163
1.1906875862222683
0.16253501342386176
-0.3470959500619312
1.4410352582320498
0.36102621110723165
0.26149424232530305
-0.5096268996995961
0.06874708781037042
0.7742424748866457
0.012079018341981579
0.029600800501863284
0.6573683403524482
0.19081405188784897
-0.4819723661368773
-0.5228902758888901
-0.3849916169866837
-0.062448478626038785
-0.18060515881015898
0.1652692489540782
-1.1777131699832846
-0.36786338802079727
0.2241336905721917
1.009919937882092
-0.8613444961619431
0.12009836218051767
-0.8206531698862348
-0.21251434192488566
-0.648303741663929
-0.32675609196647354
0.7537993933741297
0.5425338049944202
0.5471579204422682
0.07360702226346313
0.31960104311948856
0.750945633938243
-0.42740047179957574
0.7226583354309337
0.44754287235031875
-0.9903116796817629
1.2836795118915194
-0.6756321033911862
0.22450943369642515
-0.520855247804138
0.7208943524588246
0.32031608077795304
-0.18911523979758457
-0.7539444698137547
0.08709553230239664
0.2613304823537173
0.06428640931659385
0.2916955127772007
0.22233606979760442
-0.4479372167507049
-1.6910036641592885
-0.8104132698348312
-0.14906582787357517
-1.5747300414207948
-0.005091696679767277
-0.09559699784946807
0.4162477993464187
0.5891330691404333
-0.06770125056399454
0.6744525042494329
0.2279839838747973
0.3377923264316962
-0.17797517318532496
-0.5253018435454475
0.4187439133840266
-1.1306898353548147
-1.072391306121292
-0.5484170039075973
0.023994779693001567
0.010017003281941071
-0.573354589068343
-0.7982056012959573
0.42231374876837313
-0.19352069204544176
0.5034916654749189
-1.2803414501988861
-0.4320246368482865
0.1704320081061899
-0.5336277874387356
-1.5766092762146533
0.9606294368361337
-0.20222996955034855
0.005868262574315011
0.6350886361199161
-0.7600070591526625
-0.5994739637615772
-0.7253048771593035
-1.3814291629872202
0.2824267786354412
-0.12741471154835693
-0.512774176738497
-0.10195402592744615
-0.1459495567755144
0.004757444740473206
0.34504572957245433
-0.05472679826886301
-0.3814475662081479
0.479082009289151
-0.3973591694310069
-0.13504794258655364
0.7310654745053217
-1.0324014248262985
0.7388284056867087
0.6713028007936486
0.19360522389415935
0.2000901037705132
-0.03662948523559668
-0.7912940466581287
0.9250525310520197
0.10795433472414845
0.5438435276565793
-0.045842982810179844
-0.09389148281103277
0.5370127794756284
-0.002035165858962934
-0.5797876474347787
1.1309290241005416
0.3329250292986187
-0.08358413772735632
-0.2938991398921328
0.18814737856120992
1.2007484962734503
-0.48177243474128356
0.12786895733060477
1.5829166969317316
-1.5127728963463638
0.15427667843548715
-0.32501425969824915
-1.2654772057625312
-0.011153626657038451
-0.6699063190942353
-0.6602661622237349
-1.099996664692615
0.24930334415922267
0.24367607018933835
0.01471296884769513
1.2298386327415427
0.09329104658499304
0.16294838863761185
-0.03710881082862183
-0.023102385067629017
-0.3708811061322208
0.6352914544191535
0.7134800801651029
-0.23624849522753133
-0.04708276139995243
0.4372302000580286
0.5151839394271885
0.09572891113947907
-1.3766599142513523
-1.22288781828343
-0.836290355084735
0.031574123778771335
-0.46783891217380713
-1.1013640416584498
0.9769462808820194
-0.3786976146105576
0.4534745077269595
-0.20938497704768277
-0.6105339940022166
0.49935785728463766
0.4001254481832255
-0.28127250971213735
-0.7294921635662988
0.2618165580740508
-0.45408047405523755
-1.6973606906801928
-0.7618680586766406
-1.3089159141949915
-0.0741545795357621
0.2734315232247022
-0.8667048157416593
0.2929658997871154
-0.6352756509257163
-0.6588968117627401
-1.0277530388212783
-1.2225560634878723
-0.5573371308067028
0.13575514960851898
-0.5905369453186804
0.23993374001604528
0.8746317420892833
0.6416616870877037
-0.18610449142778585
0.04970394784884391
-0.5923853164294526
0.4350456022467952
0.8499629103109614
-0.39014825771851736
0.09442211740608952
0.7335250924282057
0.522037081066093
-1.2169981876813536
-0.0778557672967417
1.0679967770427166
-0.8696917019497721
-1.056846669642928
0.38643275699200785
-0.1574912631730352
-0.2942089086191224
0.8072893225159183
-0.10833340607511488
-0.49502874194623137
-0.7217724204682163
1.0878100627897433
-0.6366924638802391
-1.4216942315667271
0.3564877675516209
-1.0985673372090305
-0.23549999896752638
0.5325329681754871
1.4599584707172224
-0.08950720436457571
0.3639247291642014
0.4882281952473564
0.5251677903368344
1.079186889398335
0.28513175677461566
0.037973266183137344
0.05462578972099541
-0.6818746987716335
0.004517661255391214
-0.8182770415852398
-1.120539481352023
0.019316238813783304
-0.09051665962047561
0.09455945412530609
1.2588621253280263
1.0629692783679445
-0.45495226944018263
0.16843632238173578
0.9347288730954835
-1.4498312266422668
0.599087332666445
0.12227173795247603
0.1424480051240984
-0.10034801724754283
0.15207562367087313
-0.24883575967124072
0.17803166109080837
0.0888709352236372
0.14458642610904215
0.194543519426428
-1.5047183774491528
-1.2727954968886026
-0.9493259282906434
1.1109026456208757
0.6484696759672421
1.4646633289142743
0.44213302362703066
-0.01124663626060074
-0.1827799979901159
0.3086076950047074
0.24321787205420442
0.6579105791812963
0.32540323104206226
0.9664380766534426
0.8976579457957201
-0.12711865986640025
0.005835190670355539
-0.3672364602028131
0.30462157859739936
-0.1450947462816774
-0.2872764839297268
0.2644301506783959
-0.16186712392378166
-0.15874938643946823
0.054226086211973445
-0.406810992681081
-0.4746470669118319
0.27800266200932944
-0.29006026956383746
-0.30147367403929826
-0.04174708181027098
-1.057473237820409
0.7571109479524205
1.658861119573268
-0.10642683327081359
-0.07876596077903253
0.43707584087951634
-0.7065799707479274
0.06724628752996553
0.10326508242829036
-0.16447875363198494
-0.08924871327498263
0.32425478631737836
-0.5585217158224198
-0.956426909857065
0.09460714272103998
0.27653726053839023
-0.012588928946271505
-0.5747050424216851
-1.0179082283025773
0.14422423055186506
-0.30995592179867915
-0.24765378947882377
-0.07979471065432175
-0.7006548175701546
-1.0504138435422283
0.10193908159864673
-0.4778942303702176
1.0272760532362375
0.9252151275625327
0.8189468655803287
0.03975399505740729
0.20451893124142628
0.8107433831039037
-0.3678107128821835
0.49766275330864174
-0.12043523372225684
-0.2331939261179743
-0.6967126842880234
1.0207702966172305
0.36305543948928487
0.7117494932932464
1.0549176838866567
-0.4629929428224804
0.32493388016794533
0.5767455359175284
0.40647553191672015
0.008005225222059043
0.073659296180899
-0.06536211162462324
-0.024568650825487426
-0.006387545557732022
0.039997483968356284
0.08874769719857167
-0.5069413388836739
0.4578898506810538
-0.1885457049742667
0.4690269878785265
-1.8131734892754943
-1.7244804685097606
-0.669633954568999
-0.5054084193910082
0.3882239770514748
0.2608599216825147
-0.7198532325375788
-0.885216251860619
1.4231035766767506
-0.37110965053038925
0.48731652953392457
0.5733607259713511
-0.3444108702376556
0.642370037722944
-0.4985409661128555
-0.5603483645056206
-0.3845700059899886
0.7306997878310608
-0.21358189048615173
0.8345703513083256
0.33250878597468336
-0.2874270925900766
0.1950073714011813
-0.20721810162860144
-1.122378866663401
0.20606981206690467
-0.4644159917527464
-0.7277305809466355
0.16558205981690932
-0.2583948153715103
-0.1877383082253936
0.23122774443356198
0.35909735413813415
-0.506760806397812
-0.6510042715568729
-0.8902302939246911
-0.46379104756065637
0.20924266065589014
-0.0019972970787471844
0.29928915529510647
1.2422699335393652
-0.2527076100665093
-0.4699699422930137
-0.7963620038759833
-0.564271762300109
-0.8430699882973358
0.2682901945505085
0.06419637443908677
0.15242467401676807
0.6341457138721167
0.7055296851217059
0.31371190534902293
0.32532951852663716
1.4035974459713936
0.09079707802441339
-0.02355351263272798
1.0826824864609816
-0.27388655478805113
0.058714437522359386
0.49162597181263834
-0.2754902713027929
0.48479838524050134
-0.01418239462711357
0.30153405130195043
-0.5214840933377833
-0.04652614717393666
0.046441537605902194
-0.002956009216517508
-0.05473798475270675
0.4013565111718407
-0.1391457762868109
0.03237995815658756
0.7721670598837513
-0.3719578564774737
-0.34267205754243024
0.3441709846562264
0.019224517477779868
-0.6929795276030692
-0.11715122961074975
0.5647160762747248
-0.7577661577406436
0.24804497392153957
0.3236508010227279
-0.43753905332187926
1.2891788759272758
-0.5386697822817053
-0.33364536591806715
0.7795856148539626
-0.22609570904779241
0.3126162301077873
1.0367922810034313
0.20608415645443634
0.37731968372864766
0.06195212665413985
-0.8465735521500806
0.392430924176958
-0.12314379096211492
-0.31393769974013663
0.7961293104601799
-0.6735697625174466
-1.3561351573913396
1.1108111694261587
-0.3254176217408107
0.5816994097032766
0.7468138746829154
-1.0303857767795235
0.6182447108778941
-0.8374539032074599
-0.5804039464748207
0.10856534443096377
-0.06070929472812314
0.10252676808909644
-0.5124628640227229
0.3993585498234733
0.8594099758828212
-0.27858453218173507
-0.917168204965924
0.23305119923956186
-0.11379830556830128
0.033241248570933024
0.14445958984892382
-0.8569457707976476
-0.8083277936689397
-0.06811527429123876
0.425977003511782
0.8001141926443993
0.021007122639175257
-0.23231183235844366
1.1702458980840986
-0.6544612370010938
-1.4482928924789968
0.6410572308183946
0.004627925956132373
0.6421203028143867
0.2849435702320817
1.540571578457877
0.015053068875336972
-0.6558611708675404
-0.07589873016327076
-0.08261485220550813
0.5464313315037441
-0.24699646442733503
0.8156710805726539
-0.19134799353773968
-0.5969398255761571
1.2502933280756734
-0.9507297777981636
-1.3618386254661945
0.28009789975416766
-0.4959837894448258
0.44700376241076656
-0.8739212786396295
0.10161340881748959
0.3932955983405706
0.48448233124354756
0.15147770597777388
-0.21472866358384368
-0.003034998102947828
0.055268027874490144
0.24940860530139797
0.41413811044763027
-0.3909695686604482
0.3028835360431994
0.29923745893949016
-0.41469093758745346
-0.07091318398131663
-0.5887978383981609
-1.3691723615851858
-0.8375719412019118
0.5395831887217806
-0.34451256852677403
-0.7804829796714903
-0.05040067061577869
-1.6537877773556704
0.3040049221471621
-1.1486866183558324
-0.5457326804456573
-0.5354386519497294
-0.27896358757497275
0.47434568484426
0.7404718724864492
-1.0601872287429348
0.15787108983732745
1.015164617385838
0.2982795169284089
0.420525544135419
0.4807749946408397
0.8975329210606477
0.05978365235695815
1.3636907825210356
0.30447633969844823
0.18174379775605232
-0.08975293818806174
0.24976751308713352
-0.33938636542292144
-0.1440812449541813
-0.3292217527636483
-0.21060458797199244
-0.16809710191484672
-0.06467374904457035
-0.03372401205149256
0.3555879125080441
-1.328670125108065
-1.195935836618753
-0.26874898432769445
-0.10166227796850258
0.05081316554726323
0.28217575301821096
-0.6072307663346441
-0.24758053707222416
0.22517618307960818
0.013823426719086207
0.14107704020245082
-0.2858882165708718
0.050930302790269444
-1.4878307003413003
-2.436382019397246
-2.3407056093102336
-0.5169199522692747
-0.2675828278625332
0.453681286571876
-0.3689860130470697
-0.12086230193097514
0.25235474645808953
0.06557292660158787
0.654925214570409
0.12572749652938464
0.08815319201120353
-0.3159226956408654
0.27634798507270286
-0.7992034983370133
-0.27134706023940414
-1.0618376043523066
-0.4941521740663761
0.7552629737193088
0.8853051512382892
0.32423348438979804
0.713680493604504
0.21583802813912945
0.684381674740262
-0.11759922154589475
-1.0965398596814513
-0.64531097515373
-0.3321114059264403
0.1834710275254432
0.8347723700766956
0.19562745377436208
0.5787999907231365
1.3106651237341334
-0.0832774908031908
0.30155787612769247
-0.8496604952881128
1.3147946008181268
0.9456656667271126
-0.36599476632328143
-0.002149007806249159
-0.06312766959489657
-0.007919917894740891
0.09558370548420303
0.07230423922590301
-0.46635754014145325
0.4684886279254483
0.08603890276449988
-0.3855405301459829
1.3147421038405835
-1.09842064093891
1.2270810313457696
0.3032030848024352
-0.7401650863893994
1.6570428780574438
0.2128324899132208
0.4947385313493644
-0.49710936702402586
-0.028821012695250392
0.5758220548344171
0.11052479607698196
0.20487419140038954
0.5820695917711509
-0.0698561870584844
-0.3061872296687511
-0.29858234485425994
-0.5244144455431061
-0.39208987698917186
-0.002891868975753109
0.38922386791064056
-1.2497396804111207
-0.6740401401720844
0.3085522242144183
1.0229450795805568
-0.6526114193513477
0.01649708290122165
-0.8284368726879676
-0.506009293280222
-0.24342380822756304
-0.5524094629632259
0.877443785531697
0.28373867477606085
0.9079620294998128
0.12743161716900442
0.29376742663087274
0.5207840283003913
-0.22522984457864936
0.7920099372498952
0.38733551993656246
-1.3229520017456107
1.6071755845501627
-0.7341158047478675
0.15786910330102621
-0.3468422913449771
0.6720054277517442
0.46323585346762597
-0.32194756856129736
-0.49471009332910665
-0.1822262881082124
0.2251058917632789
-0.012135256118553706
0.6591693100207574
-0.03249147142036524
-0.4887199393017436
-1.7008111171904865
-0.5777166300291179
-0.33117229209705146
-1.7012782805776898
0.26296268704980097
0.07803313256860012
0.10111152435567794
0.8785304939115735
0.027026506805362338
0.73023487465165
-0.21192356866791773
0.4704207260319153
0.015434755144974055
-0.5817998125361754
0.14920355444423716
-1.1351932118327994
-0.8796173626031143
-0.4263805874061015
-0.28631220384868783
0.14150883792699354
-0.32125818919603333
-0.7528177609994327
-0.006662326045512756
-0.1749237166520361
0.7815233142324898
-1.0795504894760812
-0.9294442217220675
0.13632646497387935
-0.5952327664722397
-1.1571328021703513
0.6368634849576456
-0.35067162357815285
0.04939494207915285
1.3282667794119938
-1.3482702279217733
-0.6668101404665938
-0.7206926900288702
-1.110827063269399
0.07454866849220387
-0.1764914380088456
-0.4737377744948512
0.32011260087574556
-0.5579758593618624
-0.05797878564159742
0.45959652884031943
0.20469911294736942
-0.692688046310173
0.42726157533725306
-0.42716516807754346
0.05649039548316104
0.6211535690340417
-1.1615698034961035
0.8880024853467035
0.8967245481016839
-0.0518222244040647
0.4622427915656555
-0.11100602576349683
-0.7920395383644827
0.7380218754911319
0.2537256177692546
0.5250602275773888
0.21331481971247257
-0.4800372682996006
0.6450711319469224
-0.1399317794544066
-0.34621953606890443
0.9271991738588188
0.3289209664570176
-0.098042293215296
0.12499375656559408
-0.21228329956697678
0.0
0.0
0.0
0.0
1.2007484962734503
-0.48177243474128356
0.12786895733060477
1.5829166969317316
-0.31202440007291354
-0.3274957563057964
-0.19714530236764438
0.31743949116920045
-0.323178026729952
-0.9974020754000317
-0.8574114645913793
-0.7825571735234145
-0.07387468257072932
-0.7537260052106933
-0.8426984957436842
0.4472814592181281
0.01941636401426372
-0.5907776165730815
-0.879807306572306
0.4241790741504991
-0.3514647421179571
0.04451383784607199
-0.1663272264072031
0.18793057892296777
-0.3985475035179095
0.4817440379041006
0.34885671301998544
0.28365949006244684
-1.7752074177692618
-0.7411437803793294
-0.4874336420647496
0.3152336138412182
-2.243046329943069
-1.842507822037779
0.4895126388172698
-0.06346400076933945
-1.7895718222161094
-2.051892799085462
-0.12102135518494683
0.4358938565152982
-1.389446374032884
-2.333165308797599
-0.8505135187512456
0.697710414589349
-1.8435268480881215
-4.030525999477792
-1.6123815774278862
-0.6112054996056425
-1.9176814276238836
-3.75709447625309
-2.4790863931695455
-0.3182395998185271
-2.5529570785496
-4.41599128801583
-3.506839431990824
-1.5407956633063995
-3.1102942093563026
-4.280236138407311
-4.097376377309504
-1.3008619232903542
-2.2356624672670193
-3.638574451319607
-4.28348086873729
-1.2511579754415103
-2.828047783696472
-3.203528849072812
-3.4335179584263287
-1.6413062331600277
-2.7336256662903824
-2.4700037566446063
-2.9114808773602356
-2.8583044208413813
-2.811481433587124
-1.4020069796018897
-3.7811725793100077
-3.915151090484309
-2.4250486765951162
-1.5594982427749249
-4.07538148792913
-3.107861767968391
-2.533382082670231
-2.0545269847211562
-4.7971539083973465
-2.0200517051786475
-3.1700745465504703
-3.4762212162878834
-4.4406661408457255
-3.118619042387678
-3.4055745455179967
-2.9436882481123963
-2.980707670128503
-3.2081262467522538
-3.0416498163537953
-2.45546005286504
-2.4555398797916688
-2.128939357353919
-2.7565180595791796
-2.4174867866819025
-2.4009140900706734
-2.8108140561255524
-2.7520003983237884
-3.2357638282671424
-3.5214535714226964
-2.791497817311769
-2.842517057944264
-3.1412043741418363
-2.26259144609467
-1.7285285389438245
-3.2974693273844466
-2.9727680517601005
-1.3278625729991866
-3.1783597655860913
-2.6983819947180017
-2.8504963138076245
-1.1854145678750883
-3.278707782833634
-2.5463063710471285
-3.099332073478865
-1.0073829067842799
-3.189836847609997
-2.4017199449380864
-2.904788554052437
-2.5121012842334327
-4.4626323444986
-3.35104587322873
-1.7938859084315615
-1.8636316082661906
-2.9979690155843253
-2.908912849601699
-1.8051325446921622
-2.0464116062563065
-2.689361320579618
-2.6656949775474947
-1.147221965510866
-1.7210083752142442
-1.7229232439261752
-1.7680370317517746
-1.2743406253772662
-1.7151731845438887
-2.0901597041289883
-1.4634154531543753
-1.4194353716589436
-2.0024496684736155
-1.8257295534505924
-1.625282577078157
-1.5781847580984119
-1.948223582261642
-2.2325405461316734
-2.099929643989989
-1.3001820960890824
-2.2382838518254795
-2.5340142201709717
-2.14167672580026
-2.3576553339094914
-1.481172903873059
-0.8751531005977036
-2.2481035590710734
-2.436421294688524
-1.0440970629935427
-1.581733071345631
-2.180857271541108
-2.3331562122602336
-1.2085758166255276
-1.6709817846206136
-1.8566024852237295
-2.8916779280826534
-2.1650027264825926
-1.5763746418995737
-1.5800652246853393
-2.904266857028925
-2.7397077689042777
-2.594282870202151
-1.4358409941334742
-3.214222778827604
-2.9873615583831015
-2.6740775808564727
-2.136495811703629
-4.264636622369832
-2.8854224767844547
-3.1519718112266903
-1.1092197584673913
-3.3394214948072998
-2.066475611204126
-3.112217816169283
-0.904700827225965
-2.528678111703396
-2.4342863240863095
-2.6145550628606413
-1.0251360609482218
-2.7618720378213704
-3.130999008374333
-1.5937847662434108
-0.662080621458937
-2.050122544528124
-2.076081324487676
-2.056777709065891
-0.33714674129099165
-1.4733770086105955
-1.669605792570956
-2.048772483843832
-0.26348744511009264
-1.5387391202352187
-1.6941744433964434
-2.055160029401564
-0.22348996114173636
-1.449991423036647
-2.2011157822801173
-1.5972701787205104
-0.41203566611600306
-0.9809644351581206
-4.0142892715556115
-3.321750647230271
-1.081669620685002
-1.4863728545491288
-3.6260652945041367
-3.060890725547756
-1.8015228532225809
-2.371589106409748
-2.202961717827386
-3.4320003760781455
-1.3142063236886563
-1.7982283804383967
-2.5473725880650417
-2.7896303383552015
-1.8127472898015118
-2.3585767449440174
-2.9319425940550303
-2.0589305505241406
-2.0263291802876635
-1.5240063936356918
-2.599433808080347
-2.3463576431142172
-1.8313218088864822
-1.7312244952642932
-3.721812674743748
-2.1402878310473126
-2.2957378006392286
-2.4589550762109287
-3.5562306149268386
-2.398682646418823
-2.4834761088646222
-2.2277273317773667
-3.1971332607887044
-2.905443452816635
-3.134480380421495
-3.117957625702058
-3.660924308349361
-2.6962007921607447
-3.1364776775002423
-2.8186684704069513
-2.4186543748099956
-2.948908402227254
-3.606447619793256
-3.6150304742829347
-2.9829261371101046
-3.79197839052459
-3.3381574252427475
-3.550834099843848
-2.8305014630933365
-3.157832676652473
-2.6326277401210416
-3.237122194494825
-2.5051719445666993
-1.7542352306810796
-2.5418306620966282
-3.260675707127553
-1.4224894581057177
-2.0281217854691307
-2.483116224574269
-2.7690497353149146
-1.6979797294085106
-1.5433234002286293
-2.4972986192013824
-2.467515684012964
-2.219463822746294
-1.589849547402566
-2.45085708159548
-2.4704716932294817
-2.2742018074990007
-1.1884930362307253
-2.590002857882291
-2.438091735072894
-1.5020347476152494
-1.560450892708199
-2.9326749154247214
-2.0939207504166677
-1.4828102301374695
-2.2534304203112683
-3.049826145035471
-1.529204674141943
-2.240576387878113
-2.0053854463897287
-2.726175344012743
-1.9667437274638222
-0.9513975119508373
-2.544055228671434
-3.0598207099308103
-1.1871581126098596
-1.1774932209986297
-2.2314389985636467
-2.023028428927379
-0.9810739561554233
-0.8001735372699821
-2.169486871909507
-2.8696019810774596
-0.5886430319784652
-0.923317328232097
-2.4834245716496435
-2.0734726706172797
-1.2622127944959118
-2.2794524856234366
-1.3726134022234848
-2.3988902923580904
-0.6805133847926352
-1.5326386109405212
-2.4029991790030083
-1.7806455814801962
-1.5179672880000952
-2.113042557415342
-2.2944338345720445
-1.8413548762083194
-1.4154405199109987
-2.625505421438065
-1.8950752847485712
-0.9819449003254982
-1.6940250520927338
-3.542673626403989
-1.6620240855090094
-1.0957432058937995
-1.6607838035218008
-3.398214036555065
-2.518969856306657
-1.9040709995627392
-1.7288990778130395
-2.972237033043283
-1.7188556636622576
-1.883063876923564
-1.9612109101714832
-1.8019911349591844
-2.3733169006633514
-3.3313567694025608
-1.3201536793530886
-1.797363209003052
-1.7311965978489647
-3.046413199170479
0.22041789910478848
-1.782310140127715
-2.387057768716505
-3.12231192933375
0.13780304689928036
-1.235878808623971
-2.63405423314384
-2.306640848761096
-0.05354494663845932
-1.832818634200128
-1.3837609050681667
-3.2573706265592595
-1.415383572104654
-1.5527207344459604
-1.8797446945129925
-2.810366864148493
-2.2893048507442835
-1.4511073256284708
-1.486449096172422
-2.3258845329049453
-2.1378271447665096
-1.6658359892123145
-1.4894840942753698
-2.270616505030455
-1.8884185394651116
-1.2516978787646842
-1.880453662935818
-1.9677329689872558
-1.5891810805256215
-1.6663888163521376
-1.9513668469171346
-2.5565308073854167
-2.9583534421108073
-2.5039607575540495
-1.411783658195354
-2.9010433759121907
-3.7388364217822976
-2.554361428169828
-3.0655714355510244
-2.5970384537650286
-4.88752304013813
-3.1000941086154854
-3.601010087500754
-2.8760020413400014
-4.41317735529387
-2.359622236129036
-4.661197316243689
-2.718130951502674
-3.398012737908032
-2.0613427192006273
-4.24067177210827
-2.237355956861834
-2.5004798168473843
-2.001559066843669
-2.876980989587234
-1.932879617163386
-2.318736019091332
-2.091312005031731
-2.6272134765001005
-2.2722659825863074
-2.4628172640455133
-2.420533757795379
-2.837818064472093
-2.440363084501154
-2.5274910130900836
-2.4542577698468717
-2.482230151964049
-3.769033209609219
-3.7234268497088365
-2.723006754174566
-2.5838924299325514
-3.718220044061956
-3.4412510966906256
-3.3302375205092103
-2.8314729670047756
-3.4930438609823478
-3.4274276699715394
-3.1891604803067595
-3.1173611835756474
-3.4421135581920783
-4.91525837031284
-5.6255424997040056
-5.458066792885881
-3.959033510461353
-5.182841198175373
-5.1718612131321295
-5.827052805932951
-4.079895812392328
-4.930486451717283
-5.106288286530542
-5.172127591362542
-3.9541683158629435
-4.84233325970608
-5.422210982171407
-4.895779606289839
-4.753371814199957
-5.113680319945484
-6.484048586523714
-5.389931780356215
-3.998108840480648
-4.228375168707195
-6.159815102133916
-4.676251286751711
-3.7822708123415185
-3.5439934939669326
-6.27741432367981
-5.772791146433162
-4.4275817874952486
-3.876104899893373
-6.093943296154367
-4.938018776356467
-4.2319543337208865
-3.2973049091702364
-4.783278172420234
-5.0212962671596575
-3.930396457593194
-4.146965404458349
-3.468483571602107
-4.075630600432545
-4.296391223916475
-4.149114412264598
-3.5316112411970035
-4.083550518327286
-4.200807518432272
-4.076810173038695
-3.997968781338457
-3.6150618904018375
-4.1147686156677725
-4.462350703184678
-2.6832266774978732
-4.713482531340747
-2.887687584322003
-4.159147618382243
-3.4233917638872726
-3.0564396532833036
-2.674855094408782
-3.6644090870328787
-3.9205011309112985
-3.085260665978554
-2.099033039574365
-3.5538842909558968
-3.715626939510909
-2.503191074207403
-2.1688892266328494
-3.860071520624648
-4.014209284365169
-3.027605519750509
-2.5609791036220213
-3.862963389600401
-3.6249854164545283
-4.27734520016163
-3.2350192437941057
-3.5544111653859827
-2.6020403368739715
-4.929956619512978
-3.218522160892884
-4.38284803807395
-3.1080496301541936
-5.173380427740541
-3.77093162385611
-3.5054042525422533
-2.8243109553781327
-4.265418398240728
-3.6435000066871055
-3.2116368259113806
-2.3035269270777414
-4.490648242819377
-2.8514900694372103
-2.824301305974818
-3.626478928823352
-2.8834726582692145
-3.585605874185078
-2.666432202673792
-3.9733212201683292
-2.2114672305174703
-3.122370020717452
-2.9883797712350892
-4.468031313497436
-2.3936935186256827
-2.897264128954173
-3.000515027353643
-3.8088620034766785
-2.426184990046048
-3.3859840682559166
-4.7013261445441294
-4.386578633505796
-2.7573572821430994
-5.087262348833606
-4.4383634574943285
-4.308545500937196
-2.6562457577874214
-4.208731854922033
-4.411336950688966
-3.578310626285546
-2.868169326455339
-3.7383111288901176
-4.395902195543992
-4.160110438821722
-2.718965772011102
-4.873504340722917
-5.275519558147106
-4.586491026227823
-3.00527797585979
-4.7319955027959235
-5.59677774734314
-5.339308787227256
-3.0119403019053026
-4.90691921944796
-4.81525443311065
-6.418859276703337
-3.94138452362737
-4.77059275447408
-5.41048719958289
-7.575992078873688
-3.3045210386697246
-5.121264378052233
-5.361092257503737
-6.2477252994616945
-4.652791266591498
-5.788074518518827
-6.081784947532607
-7.358552362731094
-4.578242598099294
-5.9645659565276725
-6.555522722027458
-7.038439761855348
-5.1362184574611565
-6.02254474216927
-6.095926193187139
-6.833740648907979
-5.8289065037713295
-5.595283166832017
-6.523091361264682
-6.777250253424818
-5.207752934737288
-6.75685297032812
-5.635088875917979
-5.880525705323134
-5.259575159141352
-6.294610178762465
-5.7460949016814755
-6.672565243687616
-4.521553283650221
-6.04088456099321
-5.221034674104087
-6.459250423975144
-5.001590551949821
-5.395813429046288
-5.360966453558493
-6.805469960044048
-4.074391378091002
1.0290832246475987
1.1014765920106429
0.9701767696361374
1.0802120823659311
1.1599634196978081
0.9605150707397769
1.0604308444403907
1.14702768097674
0.9591645383152911
-530.7715390652844
-432.4623385825463
-446.14111719304145
-0.5096117986294406
-0.851859711810575
-1.8386555243877734
-2.4633437765548707
-0.13310062789172125
-0.45144401513669924
-0.8494812709565567
0.13736752403316577
0.427666278689426
2.315976622242451
-1.0604169390729077
-0.7109278823718854
0.5099642430435135
1.3201618581321124
1.509997075293726
-0.3091764829316993
0.06149124323368515
0.4811517064129266
-0.3437615229246449
0.08080497614380555
0.17476314765691942
-0.18502641177476079
-0.32296203709806837
1.1817149408160252
-0.12676969515017292
0.33320188892402386
0.15306897021341057
1.6410436150298602
1.6575506225758303
2.3796974067644823
1.3341249986532744
1.3776622952605608
0.4470740787495718
1.2828130626975163
-0.26060198677578955
-0.9927742122882199
0.7099251105542816
1.2418206092412485
0.19282607006867716
1.459028841180582
-1.0883715743510292
-0.2557888702038532
0.10299583493621937
-1.1008969898706897
-0.34535176323994965
0.7734135294818912
0.06285603553029148
0.5156281195578185
-0.06251448673860299
0.11927445877570567
0.09984528054326001
-1.0586499723278555
2.444788119069699
1.4115962025721456
-0.3813246480650716
0.06777106377455168
0.09758696046228993
0.32098173446391776
0.3805811089879087
0.338257595403043
0.6301551688743775
0.7284660693481286
-1.2965977283344787
0.05705564340412056
-1.6313908987319432
-2.052658071629288
-0.2633440078086967
-0.8551751437096834
-0.9636476728351747
0.6532239648502367
0.7552025008278316
-0.5079479004833817
0.3269296152494075
-0.8965853823335062
0.8134284068226886
-0.5135935731960952
-0.35471121906091163
-1.5380793359307987
0.6229532393896287
-0.04115028346069166
-0.706814044459164
-1.3970101202999956
-1.0959554159660574
0.4886865767873456
-0.1631415402798525
0.4773903032599601
0.7591477284792647
0.1787791607426263
-1.6062117210729923
-2.467330190040328
-2.1421949441924095
-1.5343818487922491
0.8425675908218165
0.25324996056352644
0.30628501020639864
0.3758925401979746
-0.07983653555665586
0.25602312451190756
0.5969211933678662
0.780123182163557
0.8946871707747412
-0.5125845507471152
-0.6428667314147769
-0.12505669544652692
-0.8189838503100612
-0.23674298752269804
0.3608327125222007
-0.4366005523731076
1.9584829151652268
0.7685009326121901
2.226262040525233
-0.11515801208282084
2.022288421834609
1.1693805217421305
-0.8568744412534547
0.013638399873739715
0.9560864445055886
1.8993041394286365
1.9714879250960669
1.0172978172324467
0.5403721445717504
2.169780298578227
2.5605536700872324
1.2882745127296964
-0.6928581551744611
-0.4823138757878781
0.011256247719287772
-0.4927425927777096
0.02030353537906554
-0.7171723459551187
-1.7746427098143678
-0.20847437916211553
0.6830819737230308
2.2237601057161687
1.3169482098941394
-0.4517930354678249
-1.3985613428296821
-1.569032313481026
-0.19936368079097694
-0.5363820782833115
-0.7294202939230401
0.23227288544807428
0.1413777473540431
-1.1284265125681638
-1.187327032302369
-1.0130510482650972
-0.5707777016851738
-0.6999780338857547
0.26654091720454115
0.09483105803082115
0.7620321367152951
0.9002228363257297
-1.201683845517348
-0.5599211885999589
0.42563610973404936
0.9209482204565552
0.6275249839768433
0.7174184997132318
0.45474095129711345
-0.2587814267072137
-0.790116059711182
0.5558862717759699
-0.7526830923991619
-0.5165651126665157
-0.14487363884492013
1.7643142217732852
-0.6115174589901322
-1.682196396913671
0.5233681329042749
-1.3633751790756152
-0.4772519869878782
0.9588863255997109
2.3585761921072232
1.7502707805159168
0.528786335996283
-0.04916227497004877
0.0650137808829641
0.4698374860500502
2.7349747517212744
1.5652397982251314
0.3537525057058916
-1.4061475271060007
1.0774340757441752
-0.042693647802819146
-2.1711732573259788
-0.41111005137441237
-1.0139065743151774
-0.7134872499106331
-0.7138761155526728
-1.487404262512463
-0.2633381719200836
-1.5346027734467187
0.2780765255104106
0.08386113203595548
0.6208072830485102
0.449154288210553
0.6091576684468123
0.1954381787776181
-1.2575886936238811
0.20085173774863058
-0.1017917923004652
0.3969628719311331
-1.6870105484068043
0.4850257513138454
0.24774461183176155
-0.6128672511760201
0.36391443655888045
-0.09132124235524722
0.4380348149407597
1.7052299845408934
-0.6780971924327259
0.7100230410359009
1.1927718607691495
-0.8093633972659715
-1.0716317531947572
0.21366063226314713
1.0870012093788972
0.817100994556582
1.775594626968187
1.05207646905007
-0.058638114624605296
0.33725186555630055
-1.5672503070177393
-0.48222611333325655
-0.2920990278324562
-0.36245417897108667
-0.05323249959791967
-0.2987999233301221
-2.115305508264296
0.6592479615895551
-1.0607064062768985
-2.112048597105821
-0.571861028802774
0.7741560670373585
0.09800235932668025
1.1031826988264
0.6353263476348755
0.11838906157319218
0.24676219071789324
-0.2649644143879919
-1.3238701414598955
-2.0359908609822694
-1.5312972219871628
-0.9566565625794607
-0.5602222180102209
-0.10898697344509274
0.8025194924321043
0.36724695542654984
0.010696184624606633
-0.9360378361859117
0.27470484708835313
-0.0006231553186903938
0.053101064873248685
0.5544507403740421
0.7882553929665606
0.36903506493458144
-0.5026941975936128
0.7568318784056667
-0.4038771677313939
-0.3210067430553084
0.4700748318191876
-0.15919060878146848
1.2226303824201503
0.7587601881351282
0.8304674199659937
1.3333122833775009
0.9474992971546528
-1.9167077682701912
-0.8222158319115971
-2.053042632275638
-0.37429647408169764
-1.0438808384470912
-0.11889429577067684
0.8550139920413455
0.5902342020386637
0.6810849480804311
0.29046138719319214
-0.1833022721050115
0.9612934189571384
0.6527514670029801
0.4624170995019202
-0.45521962067978733
1.952722540011336
-0.31940818297639195
2.1322497560593074
1.2971453022925492
0.5458999371976466
-0.35529527759366275
0.6534704189859423
-1.1794075657084542
1.8570991825325214
-0.9010376892499112
2.277706795265253
1.757796119365321
-1.341381389115845
0.35060313105397434
0.13689030216553286
-1.0580953292421555
-0.6252372655480591
0.6871101838272897
2.4283118183115033
-1.0088011382155884
0.8465136439269524
1.319342975102261
2.08695042785475
0.6446382806082909
0.8246634297720816
0.24773327678100981
-1.0096965699050189
0.2928515120108053
0.31767270557182653
-0.582141181328496
0.4541643401472215
1.5353844812059867
2.2990114589110187
0.5677887139848221
-0.6680243756322343
0.1697736542992395
-0.5485662590331619
-0.4151725865856343
-0.8388515714856382
-1.3073976597699128
-2.136714458029232
0.37911496270538003
-0.05789303222229027
2.598147711235566
2.1952531527259103
0.16862186486266662
1.6585503512953323
-0.12401361354103402
-0.5092969147132633
-0.5164903339933025
-2.5449829149760745
-1.071890069715723
-1.0943754147132274
-0.6660483456861492
0.17389518782580599
0.9023987666641053
0.30738187053106547
-1.0676125513297103
-1.902420579025022
-1.2586160232778063
-1.568150243065958
0.6375681518539327
3.3557152697477908
2.207983709380633
2.9835946866504184
2.2078174514507007
0.3410328461936645
-0.712799930600957
-0.5888388279590127
-0.7790730913654111
0.2497037153714315
-0.8459217322147343
-0.49555062313071674
1.465986518006707
1.3820090288449975
-0.6540798883375291
0.0610146462572648
1.9150951940542753
-0.8023699523691102
-1.4624110327552007
-1.7872529961164487
-2.024588805610068
2.297542368837383
-0.7185614872525029
-0.5519503230405891
0.032981388029991565
0.08286259164346038
1.7988758097070008
-0.5383632687950692
-0.5493585488266748
-0.6157096145081145
-0.2199073267026357
-0.961054160777457
-1.9356883124669286
0.6568621107313004
3.2070904189845826
2.0162627594504894
0.904504237230501
-1.3271044007646264
-0.8219503869647302
0.939095378537002
1.9280350073711938
1.2615332412391715
0.645737556619545
-1.5034835088623215
-0.48627868479487124
-1.68950942929178
-3.0207439486646153
-1.4838821016498391
-1.0751948996153962
-1.4750116481714433
-0.9424263798774117
-1.3909012612109923
-1.4733996829890639
1.4241349059707418
0.914375529470137
-0.779608394556531
1.8383178567901561
-1.6755405574646658
-0.49375284131777736
0.4893997798964734
-0.1735724295884658
1.039437634731346
0.30031884632155037
-1.409025827940977
-2.712449161573251
-0.05702471932139818
2.298051180297765
0.6229816982392472
1.4872938817089127
-0.4880399624175713
-0.8300811601339673
-1.4892430029368822
-0.8784283527098342
1.0411806320215855
-0.37883118595098425
0.28943893610884314
-0.8345685091606736
0.7453885873180216
0.8206058691775818
1.6443964248214642
1.5639519976362417
0.4937135356282872
0.09388307780490115
2.355826939779747
1.501354864608154
-1.2528197746680427
-1.0710834681500245
-0.4103148484986046
1.911158637303287
-0.1495820299599684
-3.6475030890244557
0.343981399253818
0.29668337501181324
0.1004618635330494
0.21011152329686658
-2.427474535138529
2.3698807976648877
1.1267465125844576
1.8472592986305287
2.269710284513477
2.628870337873185
1.2842383078386246
-3.560001786113738
-0.7033427665795093
-1.3302509737934256
-0.48987184739685885
2.3412949371193204e-06
-0.904210793040659
-0.3013470657703635
-4.393697244168846
-0.29763928486620106
-1.0286579207422077
-1.124518401894037
0.9675177052279023
-0.15701851301465286
-2.713814909091444
-1.2045299108445113
-0.29386688366150354
-1.7083203759957257
-1.6722424713973387
0.5875782634961769
-0.17960739549003385
1.10899126145209
0.5839945341254754
0.5705737449009536
1.636766626139798
0.5437413824338184
2.3250514713625936
-1.2358615949965794
-2.9679914687746725
1.1864141248350497
-0.9481569140758039
0.3179446198830015
1.5686960519838786
1.7266209710720801
-0.6798766021361724
-1.1658451380427335
0.8146168056097286
1.2301554786222622
2.5860903092104794
4.875091894121537
-0.2871511381736332
0.14206486376377434
0.34691225200758635
1.234338938317598
0.6036710641347334
-2.0387097915933077
-0.783672349594595
-1.943019943396263
-0.14144061726991713
-0.0972542331734047
0.24749484793161647
0.589227194969537
0.3394537052167264
0.2132918175354222
-0.7650815470059865
1.8538389064692997
0.5465534338150576
-0.017618170507264275
-0.99507110641175
0.23077109713047134
1.7237384538974585
1.7134331139643684
2.519713102906943
2.035551841388662
-1.8599334586187626
-1.1100389066117544
-1.22726977200257
-2.398066518007945
-0.6959002269944679
0.065556903734111
0.8685099353803577
0.23147091933678737
0.40351614077090114
-1.10021775232776
1.845027935647227
1.5211400675749127
-1.2708237593110616
-1.1225251753770422
-0.023232597921789208
-1.107318558086035
0.8612848396110921
1.2848383790027493
2.1647115486516415
0.6923324894546206
-0.6429290539863265
-0.03751115154759607
-0.4488503629732393
0.020680344767246617
-2.301480745810131
-1.674286592831382
-0.5790021623919794
-0.626302479232363
-0.7244220310269106
-0.1176564519682732
1.17053041235213
2.658194572788056
0.7954542555531572
1.3297446156927635
2.5122614310027105
1.0889812762647877
-0.8609708452175355
-0.3474014593903088
-1.0986400517681758
-1.91398067493615
1.0377019949364719
0.8528380473707806
-1.894119099183973
-0.2255622369605219
-0.6534999966737222
-0.813217953366594
-0.669478674370848
-0.8756292746099807
-0.573283006975817
-1.8130758561910163
-1.3580481634077226
-1.4887596469754778
-1.3108985397607469
-1.4535522048913807
-1.2549804029667884
-0.7387802258493922
0.3186209711837992
0.38373366336282716
0.9992157524438458
-0.3491067422984802
2.11869515620806
0.49063689801882626
-0.8162602218707218
-2.2730675629442154
0.5853805891889047
-1.8699360292284075
-0.23996543133481213
-1.4966965450921903
-0.36722195082959674
-0.4958361092857654
-1.8512162715491574
-1.3909930356331839
-0.2692194744950169
0.8068552229491004
0.15293442815120162
1.4921329543201727
0.8256339573936298
-1.8088062189020606
0.9105691273861256
4.689422877130383
1.6866355292070412
-0.5613327548809862
2.9284095940009385
1.3389586375659621
-1.9392412706403037
-0.8151760049841531
-1.145564834289341
-3.155327078588285
0.44477220277481005
-0.023185107781613173
-0.5745509988041155
1.1291914241907972
-0.5096117986294406
-0.851859711810575
-1.8386555243877734
-2.4633437765548707
-0.4049773991565886
-0.6206464124472261
-0.7226449244939239
0.4516103461459271
0.18003334792514947
2.235718769419706
-0.8140364945084837
-0.6294175433492875
0.2812436638632234
0.6421107304449869
2.073510824172226
0.034081475057215815
-0.024281433090248106
-0.16221163839237107
-0.17498001928248863
0.6411594936308798
0.11725138147499353
-0.7587497848474142
-0.08071004745623256
1.5706980904287686
-0.15582015280458822
0.0507401742756034
0.4831706970621248
1.6224540604839817
1.8252870691890757
2.2320544982596653
1.6693163748096354
1.022377380995772
0.5734020538501554
0.97173145395886
0.07997212618174188
-1.148594691607679
0.6999707901785495
0.674957884993665
0.545146865850417
1.683525090022157
-1.0380470844519671
-0.7548689126211765
0.5620426182911933
-1.1111882207074026
-0.1592677679669987
0.3251395408892197
0.1776354134362057
0.6630387349716249
0.24684078302420143
-0.3510504479839782
0.23682497851806628
-1.0346600333057823
2.612437799944181
0.9789330762265926
-0.38304579762674695
0.33450565880729743
-0.2527823933451332
-0.13964900944826297
0.7594860040156068
0.7703527980949485
0.4409260880192818
0.3950355832192134
-1.0602330795626758
0.3433505616163286
-1.9439668694959127
-2.495668296227056
0.3000215013288199
-0.6629544574854624
-1.0532261918913415
0.5987216199796146
0.8683689504257317
-0.47703348615449315
0.5485812706876068
-1.135441896271049
0.6613464882198321
-0.34430679609389525
-0.3178705148383074
-1.4565398509963399
0.25223080431151024
0.21119196246036398
-0.6729362557147753
-0.976832749996343
-1.640671162267337
0.5793471640405843
-0.13071485011637163
0.9872855232671753
0.5033013555628456
-0.10769637651165076
-1.44065740195945
-2.1597074530981155
-2.455118549862532
-1.6946352991778812
0.8590602277158454
0.6275260306278252
0.1486380666876871
0.14277077675835848
-0.18771233434315188
0.5753910180220876
0.5280324624770772
0.6375198183306622
0.9596173946276914
-0.24934164030706096
-0.7536728787121885
-0.34242368244211985
-1.0708754053579441
0.07236585449694866
0.44719186832591984
-0.5801769951485904
1.942991880898452
0.9710379174564773
2.0936015350049013
-0.16954345714000152
1.7867564140147858
1.4434627220659617
-1.2547588165587693
0.37297258267504657
0.3606599801461061
1.916479990797456
2.1261636624231595
1.4408726928960165
0.27506091063814164
2.050325377177515
2.5156935331570827
1.7179008049941666
-0.548764115351994
-0.7249428633943262
-0.2963884022104688
-0.08656299506397103
0.2047774316055735
-0.8665678527448257
-2.1176202172825405
0.09942473886925729
0.6051236980014263
2.1333360122834684
1.4082578251442883
-0.3747202815636701
-1.3751569339118008
-2.016557416558853
-0.24763161904420183
-0.06399344587014211
-0.5712192609854929
0.1119645511840277
-0.11035116133979539
-0.9145903025478268
-0.9690749340958558
-1.2782634609110333
-0.900715975003755
-0.3230794461277511
0.5151804594294314
-0.04723735255218431
0.4419736196874604
1.1137102217116794
-0.9558264200005582
-0.53604637229658
0.12475752792070605
0.95209456044973
1.129003782699298
0.870980674911082
0.08530855831305573
-0.5443900076434605
-0.5117706701775186
0.5637219701214935
-1.0321403272561382
-0.5232889656887263
0.17424210226693226
1.4902724796072944
-0.694093445145334
-1.6446944097043303
0.7396407478628895
-2.1350691605969523
-0.4021704350726374
1.4392261402471926
2.3260786296400076
1.5922195941067017
0.6976410653663518
-0.027468255463687807
-0.32117204295255064
0.1782557489325276
3.03867248900514
1.939309621894302
0.4265482310220987
-1.3885760526373243
0.832160002592456
0.11221322556401692
-2.227666095825808
0.021710144376054785
-1.5101527427540393
-0.5935684387224089
-0.4252949102742245
-1.3843228950442779
-0.6297643025022
-1.5598392156112366
0.39430460461373107
0.3022977687600288
0.14336884395965832
0.5919280114720107
0.7144868083264204
0.4305779270340899
-1.6706453437402224
0.2734394997288927
-0.2297192780675945
0.4840186589285662
-1.6177841785498908
0.4566710802266276
0.12072188067523859
-0.7390280906668285
0.8504650311710895
-0.3246882663201247
0.26785581119611823
1.7938378638645864
-0.4536258155573907
0.5671227885815138
1.1053754122720343
-1.095767578495292
-0.5479333330458429
0.06376284184066794
0.6323999378930392
0.8238348875687169
2.428080847723722
0.8474576267682581
-0.3480763699818441
0.4517182897943499
-1.2883053430827909
-0.5861992461490155
-0.6099290724015889
-0.516317941877789
0.47938936705541835
-0.35972798250762494
-2.325650753342822
0.5847856590163198
-0.7473952719700545
-2.1405521837609043
-0.4316719891327625
0.1770971255049183
0.2883711339702306
1.3696838260452782
1.0102779912737905
-0.4265380103816492
0.45588063239944976
-0.304107427753622
-1.19683840628777
-2.397793040907268
-1.4037794811100937
-0.8494038587036572
-0.5127250699774233
-0.19003735012357037
0.9125849686165424
0.29073470788779154
0.24955264788088138
-0.9225352135970676
0.14853662691807878
-0.12681402099353534
0.16824723678088604
0.7958694300576333
0.5686816877364893
0.2320439085734236
-0.30565902698410885
0.8918529088081004
-0.6616922095462789
-0.3952479022523607
0.7235017432758257
-0.3270314182695637
1.12801703622105
0.7677874323656853
1.0387644179593587
1.4355015088897498
0.6864014496087121
-1.9660961442298648
-0.8359553168889429
-2.2919110170132173
-0.7517219140931553
-0.4138475287207086
-0.20385486893504146
0.9817112291540298
0.11631765300145114
1.1132648331693245
0.4172151881885724
-0.20056049025930456
0.603039487498723
0.9015098156203083
0.5930966441193508
-0.2832193916776664
1.542647062381926
-0.21201247896653364
2.208038695130213
1.677149736487251
-0.20393127145706025
-0.06125744220456353
0.33834772836447247
-1.0310480736132397
1.4399473341616202
-0.3171226423527551
1.8933391121264487
2.2477293595365144
-2.1582581117432253
1.061914296648964
-0.5871247653685536
-1.0141265476892634
-0.5662822054098191
1.308201409670243
1.815984272228178
-0.7250443005157217
1.0109034575283342
1.483523869884337
1.198730147537356
1.4148109558972584
0.9546847535493468
0.23575955803216964
-1.972236988357409
0.9238798066568048
0.44658750941049785
-0.37954386136077733
0.009696503178236782
1.8156503188311284
2.220351494902725
0.810650677336958
-0.7511749889860111
0.2695705708437224
-0.9291054969435955
-0.051279651865907994
-0.8062989056649963
-1.3981211319999316
-2.348171264377971
0.6487425754634941
-0.07623934919560504
2.634071924112071
2.3954590711971075
-0.04916194951172237
2.030885566325839
-0.5105012506530109
-0.6599189903560596
-0.3517158362690358
-2.7437571581647404
-1.2670711199532168
-1.0088655815706256
-0.3576028854025912
0.3949508362047247
0.6840417965307379
0.2922541222630164
-1.0551834813072132
-1.776145435980676
-1.6584807868435494
-1.6472494824860666
0.9902570117954381
3.707962641572725
1.9987917798543409
3.091798889962516
1.9565578058399602
0.3875247593389979
-0.7149960602913357
-0.6015409578434543
-0.8106667449359239
0.04946227543518589
-0.7640949690975916
-0.4582663909420006
1.5471169626370926
1.194995247130647
-0.3149582936386581
0.2638451365810317
1.5601568907459864
-1.1450793846612282
-0.8259990264033057
-1.4607731232055654
-2.644771252580729
1.842610042929822
-0.2900964819934284
-0.24298522218184893
-0.24951639218026234
-0.845351851149978
2.3938706555571745
-0.0770017052887022
-0.6775005153897782
-1.230767258176904
-0.28352243373996
-0.41704084190482593
-1.8010288806334458
0.13110768843144704
2.948605085985111
2.405461374810433
1.299545377169883
-1.3833371651141482
-1.4561632812799683
1.1155095459335813
2.4420664986393765
1.674157296287306
0.5022293165517091
-1.6078665353824038
-0.6510114732550889
-1.7853194178147227
-3.321107838382849
-1.1120920222400859
-1.0508111007839736
-1.5804255897915906
-0.7916576965224138
-1.2306833535708348
-1.6789723323640704
1.3967182183694025
0.9065110988631906
-0.6463159037637922
1.7403064842057026
-1.8671812182512388
-0.5187791092580927
1.0713785341439372
-0.5388842551090427
1.2689413857845633
0.2919163575230801
-1.287470587572276
-3.055105664196698
-0.41683227213814966
1.9934448961077704
0.9221492267450309
1.8525401902098748
-0.3964501805235381
-1.4063732600869532
-1.1403725893852679
-0.7425964482024945
0.97527103220781
-0.8096457437427533
0.7039866906111687
-0.7523921060574548
0.39568916831831125
0.6414765249850465
1.8565396626168456
1.880637523033105
0.38338308205458205
0.08038649203834947
2.3690839947115734
1.6119248490165843
-1.1448067715215409
-0.7753376201914985
-0.7744246106436687
1.8715095483433233
0.2401435455919918
-3.1808854140594844
0.15046956125085043
-0.3661480375021515
0.18141284955350212
1.3942632966257738
-2.9028587673706605
1.5801622705476586
1.1722471174405804
2.6321055566734244
2.6841571561942636
1.38407660329338
1.5685087599826968
-2.974343212552746
-0.5036990592368777
-2.399823706841122
-0.9993558146461989
1.154762087223149
-0.8766591593255679
-0.9741744781643256
-4.730531519392798
0.38353478252659556
-0.8652655915979173
-1.6322505232071736
1.536504421946443
-0.104243344255182
-2.8041813663431245
-1.7359253390708416
-0.4189199156060983
-1.8573606260389033
-1.1544429408252852
0.343872014911895
-0.41049831281967863
1.285645339153704
1.216613086878235
-0.007807968223775497
1.6853216135301925
0.490998269263458
2.74898250892602
-1.65560450678004
-3.179805624072863
1.2315988722561242
-1.103693287819711
0.6401104015040251
2.1299393610476156
1.2214418339563853
-0.685189212394099
-1.2165966997328495
0.8455979525749591
0.467263437535431
2.895054108886561
5.298038988567055
0.20309720958641098
-0.04805962201638536
0.5003064055850004
0.7808209227603022
1.1407026177125035
-2.1067040220749025
-0.6726577489990317
-2.523071867088002
-0.2587496755396055
0.15463291643376298
0.24817694669318158
0.45396700487049113
0.3446215890432569
0.4636411316467983
-0.7940004928180384
1.627240654343444
0.5714475570947712
0.21675152027623223
-0.6626771882122302
-0.36088663513225683
1.55954595410073
1.8651249927169848
3.0332578216221204
1.5345077437175991
-1.892557006233904
-0.9184517872624269
-1.0242696613622222
-2.76003020038248
-0.6554048218825148
0.03803141011908906
0.8841427952862961
0.20286814793391805
0.6758558073068679
-1.103929854119249
1.6306407718265348
1.4668996666511278
-1.0010308555922593
-0.5948483415578609
-0.5266020139155447
-1.4014188796302633
1.1670944932053775
1.7266772084870938
1.5550302300303542
0.5543653249972778
-0.3120102040996464
0.2615620596446284
-1.1498032063496257
0.09164112706472771
-1.9601046014740504
-1.5368277663130394
-1.0181598106439722
-0.6659798018347942
-0.18359490476855456
0.09227030592404262
0.6482403087733903
2.429730792216125
1.6153583409029544
1.735988769468741
2.0194977224528277
0.355596745688894
-0.09619114375011861
-0.03247081806644658
-1.7677699586653972
-2.3245611108302064
1.5147645621805124
0.860935456766164
-2.34949249582999
-0.2553488169539282
-0.6480523951216286
-1.0805867780388532
-0.4371899193056601
-0.8459968065550019
-0.599306629313821
-1.9821555898782055
-1.220489374977423
-1.4312150793805847
-1.5496176738208574
-1.4204727621313609
-1.143762302559515
-0.6443586349565757
0.18792128625982318
0.48608908175213195
1.0966966906088507
-0.41824341392881426
2.033053858758036
0.5486003652343907
-0.9463535175364726
-2.1152964370440066
-0.14617654568263383
-2.0125523513772636
-0.12215235153372461
-0.740336167872883
-1.281517428231333
-0.26127803225643076
-1.9233487925229404
-0.6391231142869997
-1.106954775974681
0.8119016571080366
0.3499114923869726
2.127844757405129
0.48368782352577977
-1.8836275470561263
1.1662754787252139
4.85048398781321
1.5458445290070637
0.27519566180739163
3.1804947824480685
0.39113603263043295
-2.1393353041004293
0.343244038603979
-1.4431777551346592
-3.816040167870973
0.3573305714071564
0.5031135350876692
-0.9683587822466926
1.0841421961317455
0.0
0.0
0.0
0.0
-0.5096117986294406
-0.851859711810575
-1.8386555243877734
-2.4633437765548707
-0.9145891977860292
-1.472506124257801
-2.5613004488816973
-2.0117334304089436
-0.7345558498608797
0.763212645161905
-3.375336943390181
-2.641150973758231
-0.4533121859976563
1.405323375606892
-1.301826119217955
-2.6070694987010152
-0.47759361908790443
1.2431117372145208
-1.4768061385004436
-1.9659100050701355
-0.3603422376129109
0.48436195236710666
-1.5575161859566762
-0.39521191464136685
-0.5161623904174991
0.5351021266427101
-1.0743454888945514
1.2272421458426148
1.3091246787715765
2.767156624902375
0.594970885915084
2.2496195268383867
1.8825267326217319
3.738888078861235
0.6749430120968258
1.1010248352307077
2.5824975228002813
4.4138459638549
1.2200898779472429
2.7845499252528647
1.5444504383483142
3.6589770512337236
1.7821324962384362
1.673361704545462
1.3851826703813155
3.9841165921229433
1.9597679096746419
2.336400439517087
1.632023453405517
3.633066144138965
2.196592888192708
1.3017404062113047
4.244461253349698
4.611999220365558
1.8135470905659612
1.6362460650186021
3.9916788600045647
4.472350210917295
2.573033094581568
2.4065988631135506
4.4326049480238465
4.867385794136508
1.5128000150188923
2.7499494247298792
2.488638078527934
2.371717497909452
1.8128215163477122
2.086994967244417
1.4354118866365924
2.970439117889067
2.681190466773444
1.6099614810899237
1.9839931573241991
1.8349972216180177
3.342536954993276
1.2656546849960284
1.6661226424858917
0.37845737062167784
3.594767759304786
1.4768466474563924
0.9931863867711164
-0.5983753793746651
1.9540965970374493
2.0561938114969767
0.8624715366547447
0.3889101438925102
2.457397952600295
1.948497434985326
-0.5781858653047054
-1.770797309205605
0.0022794027377628368
0.25386213580744466
0.28087436241114005
-1.1432712785777799
0.15091746942544992
0.39663291256580313
0.09316202806798816
-0.5678802605556923
0.6789499319025272
1.0341527308964653
1.0527794226956795
-0.8172219008627533
-0.0747229468096613
0.6917290484543455
-0.018095982662264753
-0.7448560463658046
0.37246892151625854
0.11155205330575502
1.9248958982361872
0.22618187109067267
2.4660704565211597
-0.057991403834246516
3.711652312250973
1.6696445931566344
1.2113116399623904
0.31498117884080007
4.072312292397079
3.5861245839540903
3.33747530238555
1.7558538717368166
4.347373203035221
5.636449961131605
5.853168835542633
3.4737546767309833
3.798609087683227
4.911507097737279
5.556780433332164
3.3871916816670122
4.0033865192888
4.044939244992453
3.4391602160496233
3.4866164205362695
4.608510217290227
6.178275257275922
4.847418041193912
3.1118961389725994
3.2333532833784258
4.161717840717069
4.59978642214971
3.0479026931024573
2.662134022392933
4.2736823919010964
4.489435260809914
2.1333123905546305
1.693059088297077
2.995418930990063
3.5887192858061594
1.8102329444268794
2.2082395477265084
2.948181578437879
4.03069290549362
2.923943166138559
1.2524131277259503
2.412135206141299
4.155450433414326
3.876037726588289
2.3814169104252483
3.283115881052381
4.240758991727382
3.3316477189448284
1.8696462402477296
3.8468378511738743
3.2086186644712433
2.808358753256102
2.043888342514662
5.337110330781169
2.5145252193259093
1.1636643435517717
2.7835290903775514
3.2020411701842164
2.112354784253272
2.6028904837989644
5.109607720017559
4.794260764290918
2.809995849619624
2.5754222283352766
4.788435677065008
4.972516513223446
5.848668338624764
4.514731850229579
5.214983908087107
3.5839404605861214
6.68082834121722
4.6269450757935955
2.987317812261299
3.605650604962176
5.1706755984631805
4.0333766370711865
2.5620229019870746
2.2213277099178983
4.5409112959609805
2.47353742145995
2.9563275066008057
2.523625478677927
4.684280139920639
3.0654654329319606
3.670814314927226
2.954203405712017
3.0136347961804164
3.3389049326608533
3.4410950368596316
3.438222064640583
1.3958506176305256
3.795576012887481
3.56181691753487
2.6991939739737547
2.246315648801615
3.470887746567356
3.8296727287309884
4.493031837838341
1.7926898332442245
4.03801053514887
4.935048141003023
3.397264259343049
1.2447565001983816
4.101773376989538
5.567448078896062
4.221099146911766
3.6728373479221035
4.949231003757796
5.219371708914218
4.672817436706116
2.3845320048393126
4.3630317576087805
4.609442636512629
4.156499494828327
2.863921371894731
4.0033037751011555
2.283791883169807
4.741285153844647
2.1165260999246764
1.8627515913402513
1.8521198940370445
4.918382279349565
2.404897233894907
3.2324354173855294
2.862397885310835
4.491844268967916
2.860777866294357
2.9283279896319074
1.665559479023065
2.094051228060648
1.4569983851842632
2.0789241309282502
1.1528344090456417
1.9040138779370777
2.3695833538008055
2.369658838816042
1.402387056926523
0.9814786643400101
2.5181199807188843
2.2428448178225064
1.5706342937074091
1.7773480943976434
3.0868016684553736
2.47488872639593
1.2649752667233003
2.669201003205744
2.4251094589090947
2.0796408241435693
1.988477009999126
2.34216958493618
3.5531264951301447
2.8474282565092546
3.0272414279584847
3.77767109382593
4.239527944738857
0.8813321122793898
2.191286111069542
1.4857600768127126
3.4878060306457015
0.46748458355868117
1.9874312421345004
2.4674713059667424
3.6041236836471526
1.5807494167280056
2.404646430323073
2.266910815707438
4.207163171145876
2.482259232348314
2.9977430744424236
1.9836914240297714
5.749810233527802
2.2702467533817803
5.205781769572637
3.6608411605170224
5.545878962070741
2.2089893111772168
5.544129497937109
2.6297930869037827
6.985826296232362
1.8918666688244616
7.437468610063558
4.877522446440297
4.827568184489136
2.9537809654734257
6.850343844695004
3.8633958987510337
4.261285979079317
4.261982375143669
8.666328116923182
3.138351598235312
5.272189436607651
5.745506245028006
9.865058264460538
4.55316255413257
6.226874190156998
5.981265803060175
7.892821276103129
5.477042360789375
6.673461699567496
5.601721941699398
7.902517779281366
7.292692679620504
8.893813194470221
6.412372619036356
7.151342790295355
7.562263250464226
7.9647076975266256
6.361092967170448
6.345043884630359
6.164142118464294
5.616536433148655
7.009835542633942
6.268804535434754
8.798214042576365
8.011995504345762
6.96067359312222
8.299690101760593
8.287712791923354
7.352076513989703
6.608957756853184
5.555932943595852
7.020641671970138
6.343210932419077
6.251354871450593
5.950883779800577
7.704683468500876
6.6354650546820935
5.1961713901433795
4.174738343819901
6.046202681657326
4.988215572196027
6.186428401938818
7.882700985392626
8.044994461511667
8.080014462158543
8.142986207778778
8.270225744731624
7.329998401220331
7.4784735043150885
7.332319462842854
8.31968802016681
6.56590343212274
7.020207113373088
8.879436425479946
9.514683267297457
6.250945138484082
7.28405224995412
10.439593316225933
8.369603882636229
5.424946112080776
5.823279126748554
7.794822063645204
10.21221392556605
5.134849630087348
5.580293904566705
7.545305671464941
9.366862074416073
7.528720285644522
5.503292199278003
6.867805156075163
8.136094816239169
7.245197851904562
5.086251357373177
5.066776275441717
8.267202504670616
10.193802937889673
7.49171273218361
6.3663216526116
6.8838653395564675
8.737639656609705
8.607222278117192
8.808388151250977
8.558022635843773
9.239868973161414
6.999355742734788
8.157376677995888
6.772703218029051
5.918761134778565
5.887263720494702
7.1065655772119145
5.19227762823746
5.127103438256151
4.656580366923867
5.427593244847844
6.5889958466068625
6.033614537119342
4.010264463160075
7.167899729053547
4.721814628355624
5.514835427861249
5.081642997304012
6.629015473944504
5.990756014140187
5.806751785384329
3.794172409731736
3.573909809747806
5.573923742002037
7.8001966814921
4.716321636476767
5.426449999957681
5.177473561478499
6.393823421405147
3.575949047091499
4.6838535517551865
6.152744593686309
5.584177677662393
4.279935737702668
3.9314614456977317
6.5484337620046205
6.22565420264744
6.136475400319513
5.812098968730837
6.9318168440592025
6.306040694685789
8.505559395031087
7.424023817747421
5.787010072537662
5.530703074494291
7.731134784387418
9.295533366090744
6.0271536181296534
2.349817660434806
7.8816043456382685
8.929385328588593
6.208566467683156
3.74408095706058
4.978745578267608
10.509547599136251
7.380813585123736
6.376186513734004
7.662902734461872
11.893624202429631
8.949322345106433
3.4018433011812585
7.159203675224994
9.49380049558851
7.949966530460234
4.5566053884044075
6.282544515899426
8.519626017424184
3.2194350110674357
4.940140170931003
5.417278924301509
6.88737549421701
4.755939433013879
4.835896826675821
2.613097557958384
5.151450155146168
4.33701951740778
2.978536200636918
1.458654617133099
5.4953221700580634
3.9265212045881017
4.264181539790622
2.675267704011334
5.487514201834288
5.611842818118294
4.75517980905408
5.424250212937354
3.831909695054248
2.432037194045431
5.986778681310204
4.320556925117643
4.472020096558273
4.561976555093047
7.208220515266589
3.6353677127235438
3.2554233968254236
5.407574507668006
7.67548395280202
6.530421821610105
8.553462385392478
5.610671717254417
7.627424330785635
7.030728227195105
9.33428330815278
6.75137433496692
5.520720308710732
6.3580704781960735
6.811211441064779
6.492624659427315
5.675353225144495
6.606247424889255
7.26517844593527
6.837246248470572
6.138994356791294
5.812246932071217
8.892419100278714
7.408693805565343
6.355745877067526
5.1495697438589865
8.531532465146457
8.968239759666073
8.22087086978451
8.182827565481107
10.066040208864056
7.075682753432169
7.302419082522084
7.158557904118885
7.306010008481576
6.420277931549654
7.340450492641173
8.04270069940518
7.508878156415494
7.096133738856522
6.236520638521924
9.673341471231716
8.975777823066622
6.095102883264262
5.641672296964063
9.14673945731617
7.5743589434363585
7.26219737646964
7.368349505451157
10.701769687346525
8.128724268433636
6.9501871723699935
7.629911565095785
9.5519664809969
8.220365395498364
4.990082570895943
6.093083798782746
8.533806670352927
7.55438559366357
4.8064876661273885
6.185354104706788
9.182046979126318
9.984116385879695
6.421846007030343
7.921342874175529
11.201544701579145
10.339713131568589
6.325654863280224
7.888872056109083
9.433774742913748
8.015152020738382
7.840419425460737
8.749807512875247
7.084282247083758
7.759803203784454
7.192367030339108
7.669220734836394
6.647092327778098
6.913806397229452
6.593060401025287
5.687065144958188
5.426602952800675
5.482591317848867
5.04344272720443
4.266592382826827
4.28284065024116
4.838232682892292
5.231364013464253
4.752681464578959
5.3795373408500105
4.419989268963477
7.264417872222289
5.30128182981335
4.433183823313538
2.304692831919471
7.118241326539655
3.2887294784360863
4.311031471779813
1.5643566640465878
5.836723898308322
3.0274514461796556
2.387682679256873
0.925233549759588
4.729769122333641
3.839353103287692
2.7375941716438454
3.053078307164717
5.213456945859421
1.9557255562315659
3.9038696503690593
7.903562294977927
6.759301474866485
2.2309212180389575
7.084364432817128
8.29469832760836
4.619966170766055
2.5741652566429365
5.641186677682469
4.478658159737387
0.9314119316459682
0.978840196728589
1.0179659948463773
0.9310849778750606
0.9709204997725758
0.9781799593785503
0.9338396830739222
0.9795357233480685
0.9901076767300145
-922.571673917874
-898.6861182085047
-911.1147696115147
