120 4 2
-0.027734756918502586
-0.4115471951845507
1.2225837924750567
-0.9448223443081184
0.2504304687839153
-0.9717200248107127
-1.2773482389465367
0.12367610042923638
-0.057387207589282396
0.6861537612869522
-1.5982803818852866
-0.006584415203040158
0.048600452565051445
-0.9639322387952026
0.9840487535401736
-0.9330767370318854
-0.239778921383365
0.3400490162980178
0.15194027079409997
0.7766629562389156
0.5303151583571175
0.2725143871586107
-2.811586687741335
-1.096390584258161
0.9769931577989464
-1.0284057514399678
1.2856560997257556
0.017927655372030258
-0.17221086083041173
0.32437653758265866
-1.9713902367853295
-0.05635306322183434
1.8575589788482292
1.3281661126975821
-0.6575517299858545
1.4489461057456527
-1.6765186740673648
-0.2560871182674217
-0.38547784817055214
0.3177222209266812
0.11566563004764338
-0.24570159476929265
-0.43550615865625125
-0.5721408364030998
-0.3029927843108046
-0.18927358132398958
-1.03531490881088
0.879040949178619
0.2939094701766725
1.8094997444411784
0.7458412556741115
0.16945964127997581
0.5366557387212648
0.8076663760453558
-0.7638152629380647
0.4403584716957712
0.26856552105456266
-0.9401149660887309
1.630649657339043
-0.08442624964315525
0.3375378208623656
1.3015699793797237
-0.10078327805684718
0.2572370555280655
0.7523374679152107
-0.7413870461482475
-0.1892829790974532
-1.0516026283563813
1.7735134360174338
-0.5410932051192106
-1.1218882136956314
-1.7635404650001654
0.8287987991918947
-1.3009029227540145
1.6158087987176293
0.8892501528153205
0.7761468384986827
-0.08132367997614093
1.33348044420372
1.1571902609108735
1.8640166962279805
-1.3231636487268181
-1.145311959768257
1.3962258630919098
1.1909275364121474
2.1268506889835823
-1.0450763012379094
0.06286768837791509
-0.6765179779167596
1.7159597128260553
-0.5320138361710931
-0.5807301698496827
0.40322249526337844
-0.6647435475659431
-0.5687141206856845
-0.13918950172436947
-0.6665306841539415
-1.195644570505406
-0.657513818468046
-1.6526845232133311
0.9198255657374711
0.53004251487318
-1.0940347633832888
-0.4281208296721884
-1.1022891529500163
2.1669701817868585
-0.39860203693803886
-0.5183294892780576
-1.0046443163268788
0.28696376783232486
-0.9203756041786525
-1.4851532433634218
-0.0239437534053678
-1.5033133579173499
0.013638288236313295
1.0264542924952993
1.1991271704704667
0.20571642074767688
1.205965691955043
-0.7574921249628671
-0.22143325921168985
0.816040791466185
-1.3385962544556311
0.2594601457225991
0.43525096140412084
-0.19800438760458516
0.9645695418611746
0.5880343281539095
1.0957227512573389
-0.15310919352848906
1.1544483677082202
0.08358224232746053
-2.5517843020214808
0.9164247494154548
2.0409735064427887
0.023070706235604324
-0.6567308756431223
0.10845513176340417
-0.21418641292344948
-0.591226517258683
1.0237922807915625
0.11700700185376349
-0.1709418214515683
0.2806120854251357
0.9521995780851226
0.1435131024948438
0.08458297229294914
0.010147254673821568
-0.027260841717550145
0.043158674207791584
1.0299763992855278
0.9944614322373847
0.6271174301847267
-2.3094505043957545
-0.7639985188027199
0.7268073847734614
0.12230140158773259
0.5419690317530416
-0.5670658988558853
-1.7435280864500096
-1.1366905780514496
-0.5563058406765828
-0.6365257417520989
-0.7308354775654399
-0.600223897807009
0.10161066253979915
-2.1320336707234984
-1.0962042428541086
-0.11188882986469734
-0.2127057871185313
1.1705279178796184
1.4694914675842448
0.5036698957903885
-1.4848055427683569
-0.4326385495704918
1.2453931701372947
-0.47917742249872347
1.8952751279107714
-0.39827932816072714
-0.8670688396307676
-0.09956707144355197
-1.320716186423973
-1.110507161715345
1.2868663555612665
-0.8185398746408289
1.7481814820123516
-0.5409565129022231
-1.3979337001280296
-0.21752450637843104
0.12835336182591583
-1.0316584675776215
0.08680775394099184
0.5827705703932018
0.9437564487758447
-0.052408290769541996
-1.1841131609477802
-0.5097598725949734
0.2893385022650156
-1.0375713544903082
0.35882909730640744
1.751879155362756
-0.7572401582531193
0.08988502125683653
0.44799830075775676
0.9551836822972388
0.5331561645685218
-0.5537472821580753
-0.4889704979951245
1.0635929792272367
2.0862164235429725
0.22976221773097114
-0.35361794064488256
-0.4606761971556326
-0.24114484831412017
-0.15121475176597252
0.5329299269565294
-1.894765854618546
-0.32580455943246966
-0.39781584438116835
-0.08417082982562787
0.3958633120057077
0.6644032132281911
0.7246506030843487
0.638043134090346
-1.3920534084433038
-1.0117232686180018
0.3206812736937103
-2.1269157109257826
-0.10042645501744148
0.19747177458400947
-0.5521382728798331
-0.02598869976134748
1.7588230889958154
-0.8356081336686778
-0.007798255203573247
-0.06434132206491991
0.1973247725356729
-0.24662905128451773
0.17280206738758766
-0.7281238542159033
-0.4758551019252221
-0.522679419016438
-1.063166989744486
-1.5081869229414688
-0.44361097466646965
0.9799643452269425
1.231607399664157
-0.9304081340924596
0.5737991945366812
0.8869076675531282
0.3470255374053272
-1.0539199340468721
0.4522724953050252
0.3221293683495713
-1.9528563649722077
0.476583834561426
-0.5151853608740667
-2.1914345761662295
-0.8943313617008543
0.45014085680644467
-0.5551462478609649
-0.15938415213893997
0.6193664665269478
0.2281304058362856
2.0696581688952413
-0.9122753803841366
-2.8095901527714484
0.6409447259559241
0.5341419455632981
-0.021328502958887063
0.04508074303733312
0.4684866626205531
-0.31033870367054256
0.4942025376701354
0.8381125453901542
-2.187475659778821
-1.0092025538000904
-0.6514451064202331
0.23778377886223387
0.16924176868232538
0.15929475196442808
0.7313877402850514
-1.1519357047378767
-0.2285330200347785
0.5479465669084435
-1.2383430148051664
0.09893255542535549
-1.1077708034389506
-1.692941565859751
0.9932469915206318
2.36364456965639
-0.165249225866408
-1.1438831743215667
-1.687172783419636
0.660610020080985
-0.5391201725540812
0.3995320625076593
-0.8160900948376085
0.8687050920255251
-1.7783463973232512
0.6819572584463877
0.6311219754929552
0.8490658648095182
1.3014886419265592
-1.9559037622022133
-0.21498631617371708
-1.600157390081583
0.1701579562347808
0.8343658787422967
0.11787600028610128
0.3012221646004476
0.32665109371957796
-2.0440847837986613
-0.27488644366915466
-0.4625592829200148
0.13282781454799933
-1.207507307613306
-1.142286472776069
0.3134568718084704
-0.16521453794557697
0.8133529135044314
-1.261866618366907
0.7500159002434154
0.689181212775278
-0.11772222849428651
-0.08633750819311796
-1.2356073572124275
-0.26685321309424287
0.02149263580852811
1.5373630900583921
0.7785509950725962
-0.15211922416635337
-0.38766825816041417
1.3511995377408137
2.0476803086364415
-0.3197239672653596
1.5701225582635678
0.3336520954538232
0.15850170016126192
-1.9347459170264216
1.9710229045983154
-0.6787275715418966
-1.830838112348026
1.3449903067666404
2.230784036830576
0.9399969829445742
0.7165223420555961
-0.33583202260992845
1.5789597298372036
0.4772446009728522
-1.6385749040738424
-1.3085023435480063
-0.9437815317137319
-0.006005208814276132
-1.1406841906920677
0.9936941372037946
-0.668512360319363
1.656520737072784
-1.819436130259073
0.7902670846534336
-2.0793678597764247
0.44528495819969716
0.3999559239444228
-2.4587857960142565
-0.4242173359112837
-1.061486487008444
-0.16990864074543816
-0.7911366887424517
-1.1496478372198955
-0.7239877822922293
0.6295548440521905
-1.8859455490483097
-0.474407072423321
-0.4832698861984469
0.2588729229895651
-2.1236962746666674
-0.01785195313683607
1.6019599275207395
0.8294340259632134
1.0930722437644316
-0.46392980056464606
-0.5189432580546268
0.8406518842976981
0.12560853388330276
0.16557160243646876
0.695750223997312
-0.7421931328717407
2.1068736015904928
-1.3722353073574576
-0.3356201480355205
-0.6303909470475179
0.1021869989329517
-1.3493213709977383
0.3403325130198299
1.9701120177236147
0.764267154024345
-1.8993943472454324
-1.9492192411178402
-0.10766648904626806
-1.1236745972465116
-1.2719259843184842
0.40611192403456803
0.22141320414541438
1.8996917868894958
-0.1954608393752886
-2.049245102845043
-0.8509595734407183
-0.11000303580913365
0.2604621044805292
-1.817847819998514
0.5841631838892408
0.25521272684830315
-0.3982291308365729
-0.6645171407432326
-0.009308734085812993
1.6691890485343157
-1.0807344429505032
-0.5152744069568062
0.20920627703377018
0.7714528892048701
1.2399105304120008
0.13652498164848192
-0.39216801050097505
0.5475303892161539
0.21596859088294193
0.12558891202705996
0.7129785615771213
-0.437756663839464
0.40297788996261497
0.5381420285242329
-0.8751377979367952
-0.7802099149506833
-0.4620101039169128
-0.41971464410982373
0.3683112989892776
-0.07172856079749018
0.21542477297663862
-1.046564040030783
-0.6888782218290662
-1.3504458444252785
-0.5714706984605454
0.09659493727218213
1.05340200049297
0.8472689216883593
-0.38438541686751176
0.502538434134745
0.02750409373230497
0.0514454350407391
-0.6756322676129838
0.1010435907004332
0.33783210029346705
0.6899588220541638
0.15480032713484781
1.115330596699663
1.496697201151345
-0.5064743410455825
0.06695440610159621
0.31087454236511997
-0.6513974847686825
-0.016926035938316382
1.3653985739955938
-0.1689352517223765
-1.6123642964375198
1.2224877923402948
-0.44415607268243334
-0.9480566379188412
-1.6691642921517893
0.15704473996027415
0.8654789486908179
-0.3073111687859674
1.3629200770394594
-1.2034197524998151
0.09324532610031083
-0.4971181647603711
1.0720943936145166
0.30039333276360736
0.007154423136302217
-0.6377719776138584
1.0057672161258044
1.4658380062021168
0.7285438584554577
0.42462092295453274
0.7285438584554577
0.49539107678028815
0.7285438584554577
0.5661612306060436
0.7285438584554577
0.6369313844317991
1.9843686566985328
3.150175172550032
1.9843686566985328
3.675204367975037
1.9843686566985328
4.200233563400042
1.9843686566985328
4.725262758825047
0.5950750102551179
0.2832914142641029
0.5950750102551179
0.33050664997478674
0.5950750102551179
0.3777218856854706
0.5950750102551179
0.4249371213961544
1.2847131099010642
1.3203902198013313
1.2847131099010642
1.5404552564348863
1.2847131099010642
1.7605202930684416
1.2847131099010642
1.9805853297019966
0.6072725049937661
0.29502391625712293
0.6072725049937661
0.3441945689666434
0.6072725049937661
0.3933652216761639
0.6072725049937661
0.44253587438568437
0.8796825694409
0.619073138382515
0.8796825694409
0.7222519947796008
0.8796825694409
0.8254308511766867
0.8796825694409
0.9286097075737725
1.8319125908017482
2.6847229922703786
1.8319125908017482
3.1321768243154415
1.8319125908017482
3.579630656360505
1.8319125908017482
4.027084488405568
0.6613350569813803
0.3498912460740524
0.6613350569813803
0.40820645375306114
0.6613350569813803
0.4665216614320699
0.6613350569813803
0.5248368691110786
1.9226679033188996
2.957321493162155
1.9226679033188996
3.4502084086891807
1.9226679033188996
3.943095324216206
1.9226679033188996
4.435982239743232
1.908179779287434
2.9129200560651523
1.908179779287434
3.398406732076011
1.908179779287434
3.8838934080868697
1.908179779287434
4.369380084097728
2.206225229829836
3.8939438117901704
2.206225229829836
4.542934447088532
2.206225229829836
5.191925082386893
2.206225229829836
5.840915717685255
0.8246138681920095
0.5439904252916711
0.8246138681920095
0.6346554961736163
0.8246138681920095
0.7253205670555615
0.8246138681920095
0.8159856379375067
1.4717595072829306
1.7328608378221557
1.4717595072829306
2.0216709774591815
1.4717595072829306
2.3104811170962076
1.4717595072829306
2.5992912567332334
1.5822127778849067
2.0027178196018185
1.5822127778849067
2.336504122868788
1.5822127778849067
2.670290426135758
1.5822127778849067
3.0040767294027275
1.6610478637596213
2.2072640045603213
1.6610478637596213
2.575141338653708
1.6610478637596213
2.943018672747095
1.6610478637596213
3.3108960068404816
0.6925975599740957
0.3837531040656568
0.6925975599740957
0.4477119547432663
0.6925975599740957
0.5116708054208757
0.6925975599740957
0.5756296560984852
2.6169538295343755
5.478757876731707
2.6169538295343755
6.391884189520324
2.6169538295343755
7.305010502308942
2.6169538295343755
8.218136815097559
0.6474415240685953
0.33534442167061246
0.6474415240685953
0.3912351586157145
0.6474415240685953
0.44712589556081656
0.6474415240685953
0.5030166325059187
2.3946656788564753
4.5875389707945144
2.3946656788564753
5.352128799260267
2.3946656788564753
6.116718627726019
2.3946656788564753
6.881308456191772
0.9782588234920417
0.765592260592027
0.9782588234920417
0.8931909706906982
0.9782588234920417
1.0207896807893693
0.9782588234920417
1.1483883908880403
1.0877266852763832
0.9465194734898784
1.0877266852763832
1.104272719071525
1.0877266852763832
1.262025964653171
1.0877266852763832
1.4197792102348175
2.0357070381058153
3.3152825159948414
2.0357070381058153
3.8678296019939817
2.0357070381058153
4.420376687993122
2.0357070381058153
4.972923773992262
0.6611421929116089
0.3496871993983769
0.6611421929116089
0.40796839929810635
0.6611421929116089
0.4662495991978358
0.6611421929116089
0.5245307990975653
1.088006877219292
0.9470071719011802
1.088006877219292
1.1048417005513769
1.088006877219292
1.2626762292015736
1.088006877219292
1.4205107578517702
1.0780924313596645
0.9298266324439943
1.0780924313596645
1.0847977378513267
1.0780924313596645
1.239768843258659
1.0780924313596645
1.3947399486659915
0.7963790629439347
0.5073756895163676
0.7963790629439347
0.5919383044357622
0.7963790629439347
0.6765009193551568
0.7963790629439347
0.7610635342745514
1.7419398918242892
2.427483669383053
1.7419398918242892
2.832064280946895
1.7419398918242892
3.2366448925107374
1.7419398918242892
3.6412255040745793
1.2149406742371684
1.1808646735326924
1.2149406742371684
1.3776754524548078
1.2149406742371684
1.5744862313769232
1.2149406742371684
1.7712970102990386
1.144499773774156
1.0479037857352755
1.144499773774156
1.2225544166911546
1.144499773774156
1.397205047647034
1.144499773774156
1.571855678602913
0.5135922164960192
0.21102157187623508
0.5135922164960192
0.24619183385560758
0.5135922164960192
0.28136209583498006
0.5135922164960192
0.31653235781435257
0.8088349011897724
0.5233711179061351
0.8088349011897724
0.6105996375571576
0.8088349011897724
0.6978281572081801
0.8088349011897724
0.7850566768592027
2.3179200255287356
4.298202595797707
2.3179200255287356
5.014569695097325
2.3179200255287356
5.730936794396943
2.3179200255287356
6.447303893696561
1.2175611334404826
1.185964090931898
1.2175611334404826
1.383624772753881
1.2175611334404826
1.581285454575864
1.2175611334404826
1.778946136397847
0.6664809942122849
0.3553575325169566
0.6664809942122849
0.41458378793644934
0.6664809942122849
0.4738100433559421
0.6664809942122849
0.5330362987754349
1.5402154803952919
1.8978109808394397
1.5402154803952919
2.2141128109793464
1.5402154803952919
2.5304146411192527
1.5402154803952919
2.8467164712591595
0.5064162153588696
0.20516590654272082
0.5064162153588696
0.23936022429984094
0.5064162153588696
0.27355454205696106
0.5064162153588696
0.3077488598140812
0.5954540803934069
0.28365244948572627
0.5954540803934069
0.3309278577333473
0.5954540803934069
0.3782032659809683
0.5954540803934069
0.42547867422858937
0.6025820511697387
0.2904841027135437
0.6025820511697387
0.33889811983246765
0.6025820511697387
0.38731213695139155
0.6025820511697387
0.4357261540703155
0.7317483067052624
0.428364467492815
0.7317483067052624
0.4997585454082841
0.7317483067052624
0.5711526233237533
0.7317483067052624
0.6425467012392224
0.7129313220145144
0.4066168559274906
0.7129313220145144
0.4743863319154057
0.7129313220145144
0.5421558079033207
0.7129313220145144
0.6099252838912358
2.0213415051683414
3.268657184412973
2.0213415051683414
3.8134333818151354
2.0213415051683414
4.358209579217298
2.0213415051683414
4.90298577661946
1.4018948916924385
1.5722474298826832
1.4018948916924385
1.8342886681964636
1.4018948916924385
2.096329906510244
1.4018948916924385
2.3583711448240248
1.593826039774533
2.032225156050697
1.593826039774533
2.3709293487258134
1.593826039774533
2.709633541400929
1.593826039774533
3.0483377340760454
1.1155343648493263
0.9955335353278321
1.1155343648493263
1.1614557912158041
1.1155343648493263
1.327378047103776
1.1155343648493263
1.493300302991748
0.5139202759763892
0.21129124004771846
0.5139202759763892
0.24650644672233818
0.5139202759763892
0.2817216533969579
0.5139202759763892
0.3169368600715777
1.85282857032688
2.7463789688156406
1.85282857032688
3.2041087969515805
1.85282857032688
3.6618386250875203
1.85282857032688
4.119568453223461
0.8320519887832096
0.5538484096304755
0.8320519887832096
0.6461564779022214
0.8320519887832096
0.7384645461739673
0.8320519887832096
0.8307726144457132
0.6364271858351418
0.32403165029603054
0.6364271858351418
0.3780369253453689
0.6364271858351418
0.4320422003947073
0.6364271858351418
0.4860474754440457
1.3576082859504066
1.474480206464961
1.3576082859504066
1.7202269075424543
1.3576082859504066
1.9659736086199477
1.3576082859504066
2.211720309697441
1.268217150883239
1.2866997934355202
1.268217150883239
1.5011497590081069
1.268217150883239
1.7155997245806933
1.268217150883239
1.93004969015328
1.8044008139507748
2.6046898379089747
1.8044008139507748
3.038804810893804
1.8044008139507748
3.4729197838786328
1.8044008139507748
3.907034756863462
2.2348453526742293
3.9956270002956806
2.2348453526742293
4.661564833678294
2.2348453526742293
5.327502667060908
2.2348453526742293
5.993440500443521
1.2829261761924209
1.3167196588477654
1.2829261761924209
1.536172935322393
1.2829261761924209
1.7556262117970203
1.2829261761924209
1.9750794882716478
1.2074941069199734
1.1664336145971714
1.2074941069199734
1.3608392170300332
1.2074941069199734
1.5552448194628952
1.2074941069199734
1.749650421895757
1.426920604632875
1.62888192954068
1.426920604632875
1.9003622511307934
1.426920604632875
2.1718425727209065
1.426920604632875
2.4433228943110197
1.9971440824807214
3.1908675889502103
1.9971440824807214
3.722678853775245
1.9971440824807214
4.2544901186002795
1.9971440824807214
4.7863013834253145
0.9330335092370573
0.6964412234873744
0.9330335092370573
0.8125147607352701
0.9330335092370573
0.9285882979831657
0.9330335092370573
1.0446618352310615
1.9562616430273907
3.0615676927841813
1.9562616430273907
3.571828974914878
1.9562616430273907
4.082090257045575
1.9562616430273907
4.5923515391762715
0.8496420471652695
0.5775132866489521
0.8496420471652695
0.6737655010904441
0.8496420471652695
0.770017715531936
0.8496420471652695
0.866269929973428
0.5698035003517774
0.2597408232105104
0.5698035003517774
0.30303096041226213
0.5698035003517774
0.3463210976140138
0.5698035003517774
0.38961123481576554
1.0193288138732257
0.8312249846337578
1.0193288138732257
0.9697624820727174
1.0193288138732257
1.108299979511677
1.0193288138732257
1.2468374769506365
0.776977257010509
0.4829549263292597
0.776977257010509
0.563447414050803
0.776977257010509
0.6439399017723462
0.776977257010509
0.7244323894938894
0.8480190937684091
0.5753091067166352
0.8480190937684091
0.6711939578360743
0.8480190937684091
0.7670788089555135
0.8480190937684091
0.8629636600749526
0.8319965592420553
0.5537746196724951
0.8319965592420553
0.6460703896179109
0.8319965592420553
0.7383661595633267
0.8319965592420553
0.8306619295087425
0.7211689999196838
0.41606778115612547
0.7211689999196838
0.485412411348813
0.7211689999196838
0.5547570415415006
0.7211689999196838
0.6241016717341882
1.2010181493152028
1.153955675987612
1.2010181493152028
1.3462816219855471
1.2010181493152028
1.5386075679834825
1.2010181493152028
1.7309335139814177
2.4330003835919496
4.7355926932468595
2.4330003835919496
5.524858142121336
2.4330003835919496
6.314123590995812
2.4330003835919496
7.103389039870288
0.5939063762215855
0.2821798269733244
0.5939063762215855
0.3292097981355451
0.5939063762215855
0.3762397692977658
0.5939063762215855
0.4232697404599865
1.4064133719805914
1.582398858308654
1.4064133719805914
1.8461320013600961
1.4064133719805914
2.1098651444115384
1.4064133719805914
2.3735982874629804
1.0220307887774238
0.8356375465672026
1.0220307887774238
0.9749104709950697
1.0220307887774238
1.1141833954229368
1.0220307887774238
1.2534563198508037
1.6885507679143004
2.2809629566591787
1.6885507679143004
2.6611234494357086
1.6885507679143004
3.0412839422122384
1.6885507679143004
3.4214444349887683
0.8182473715270906
0.5356230088087942
0.8182473715270906
0.6248935102769265
0.8182473715270906
0.7141640117450588
0.8182473715270906
0.8034345132131911
1.9549457838971536
3.057450414381805
1.9549457838971536
3.5670254834454393
1.9549457838971536
4.076600552509073
1.9549457838971536
4.586175621572707
0.8731761657011141
0.6099492930787996
0.8731761657011141
0.7116075085919329
0.8731761657011141
0.813265724105066
0.8731761657011141
0.9149239396181993
0.795831434960173
0.5066781382966145
0.795831434960173
0.5911244946793834
0.795831434960173
0.6755708510621525
0.795831434960173
0.7600172074449215
2.538405471066765
5.154801868433349
2.538405471066765
6.01393551317224
2.538405471066765
6.873069157911131
2.538405471066765
7.732202802650022
0.6389586394877707
0.3266145143808503
0.6389586394877707
0.3810502667776587
0.6389586394877707
0.435486019174467
0.6389586394877707
0.48992177157127537
0.503999963976895
0.20321277095096915
0.503999963976895
0.23708156610946401
0.503999963976895
0.27095036126795885
0.503999963976895
0.3048191564264537
0.6551112562763535
0.34333660647998565
0.6551112562763535
0.40055937422664994
0.6551112562763535
0.4577821419733142
0.6551112562763535
0.5150049097199785
1.589549823376989
2.0213349127982534
1.589549823376989
2.3582240649312953
1.589549823376989
2.6951132170643377
1.589549823376989
3.0320023691973796
1.16492884341117
1.085647368169029
1.16492884341117
1.2665885961972005
1.16492884341117
1.4475298242253718
1.16492884341117
1.6284710522535433
0.9612958820408934
0.7392718182630236
0.9612958820408934
0.8624837879735274
0.9612958820408934
0.9856957576840313
0.9612958820408934
1.1089077273945351
1.4961156221709966
1.7906895639232865
1.4961156221709966
2.0891378245771675
1.4961156221709966
2.3875860852310486
1.4961156221709966
2.6860343458849294
1.9379233728020928
3.0044375990821113
1.9379233728020928
3.50517719892913
1.9379233728020928
4.005916798776148
1.9379233728020928
4.506656398623167
0.6862980079963233
0.37680396462377724
0.6862980079963233
0.43960462539440676
0.6862980079963233
0.5024052861650363
0.6862980079963233
0.5652059469356658
1.6665832953765158
2.2219999043424377
1.6665832953765158
2.592333221732844
1.6665832953765158
2.96266653912325
1.6665832953765158
3.3329998565136565
0.7547768374812689
0.4557504595185806
0.7547768374812689
0.5317088694383441
0.7547768374812689
0.6076672793581075
0.7547768374812689
0.6836256892778709
0.5365560116770354
0.23031388293341354
0.5365560116770354
0.26869953008898245
0.5365560116770354
0.30708517724455137
0.5365560116770354
0.3454708244001203
1.540988697242857
1.8997169320241902
1.540988697242857
2.216336420694889
1.540988697242857
2.5329559093655867
1.540988697242857
2.849575398036285
1.312476511143394
1.3780756738425086
1.312476511143394
1.60775495281626
1.312476511143394
1.8374342317900112
1.312476511143394
2.067113510763763
0.6519711707042721
0.3400531259435993
0.6519711707042721
0.3967286469341992
0.6519711707042721
0.4534041679247991
0.6519711707042721
0.5100796889153989
1.6503880734437226
2.179024634372226
1.6503880734437226
2.542195406767597
1.6503880734437226
2.905366179162968
1.6503880734437226
3.268536951558339
1.7616052987443827
2.482602582851429
1.7616052987443827
2.8963696799933336
1.7616052987443827
3.310136777135238
1.7616052987443827
3.7239038742771426
1.6090647624839614
2.0712715278940537
1.6090647624839614
2.4164834492097294
1.6090647624839614
2.7616953705254046
1.6090647624839614
3.1069072918410803
0.8536215384030468
0.5829357846604675
0.8536215384030468
0.6800917487705453
0.8536215384030468
0.7772477128806232
0.8536215384030468
0.8744036769907011
1.071089929898739
0.9177869103443886
1.071089929898739
1.0707513954017867
1.071089929898739
1.2237158804591848
1.071089929898739
1.376680365516583
0.7180819960646361
0.4125134024577376
0.7180819960646361
0.48126563620069385
0.7180819960646361
0.5500178699436501
0.7180819960646361
0.6187701036866063
1.3580680827545917
1.475479133917386
1.3580680827545917
1.721392322903617
1.3580680827545917
1.967305511889848
1.3580680827545917
2.213218700876079
1.3253264526652075
1.405192164907314
1.3253264526652075
1.639390859058533
1.3253264526652075
1.873589553209752
1.3253264526652075
2.107788247360971
0.7653787775040362
0.46864373844285834
0.7653787775040362
0.5467510281833347
0.7653787775040362
0.6248583179238111
0.7653787775040362
0.7029656076642874
1.631684065855943
2.1299143126145452
1.631684065855943
2.4849000313836362
1.631684065855943
2.839885750152727
1.631684065855943
3.194871468921818
1.4092566877200785
1.5888035295070138
1.4092566877200785
1.8536041177581826
1.4092566877200785
2.1184047060093514
1.4092566877200785
2.38320529426052
0.9876976851268828
0.7804373737640025
0.9876976851268828
0.9105102693913362
0.9876976851268828
1.0405831650186699
0.9876976851268828
1.1706560606460035
0.5842735384575148
0.27310045419333207
0.5842735384575148
0.31861719655888737
0.5842735384575148
0.36413393892444273
0.5842735384575148
0.40965068128999804
1.5406844578974017
1.8989668790452887
1.5406844578974017
2.21546135888617
1.5406844578974017
2.5319558387270513
1.5406844578974017
2.8484503185679326
0.8081437123996436
0.5224770079128622
0.8081437123996436
0.6095565092316726
0.8081437123996436
0.696636010550483
0.8081437123996436
0.7837155118692933
0.8896553044808813
0.6331892486327757
0.8896553044808813
0.7387207900715717
0.8896553044808813
0.8442523315103675
0.8896553044808813
0.9497838729491634
2.6595516814249613
5.658572116936272
2.6595516814249613
6.601667469758984
2.6595516814249613
7.544762822581695
2.6595516814249613
8.487858175404407
1.3569297317732454
1.4730066375761695
1.3569297317732454
1.7185077438388643
1.3569297317732454
1.964008850101559
1.3569297317732454
2.2095099563642537
1.3347051065530386
1.4251501771670068
1.3347051065530386
1.6626752066948411
1.3347051065530386
1.9002002362226753
1.3347051065530386
2.1377252657505097
0.761937025333588
0.46443842445935735
0.761937025333588
0.5418448285359169
0.761937025333588
0.6192512326124765
0.761937025333588
0.696657636689036
1.8901131390061467
2.8580221425949355
1.8901131390061467
3.334359166360758
1.8901131390061467
3.8106961901265803
1.8901131390061467
4.2870332138924026
2.480706012220754
4.923121855254556
2.480706012220754
5.743642164463648
2.480706012220754
6.564162473672741
2.480706012220754
7.384682782881833
0.6729009201582478
0.36223651867985324
0.6729009201582478
0.4226092717931621
0.6729009201582478
0.4829820249064709
0.6729009201582478
0.5433547780197798
1.3248810430598605
1.4042478226075072
1.3248810430598605
1.6382891263754251
1.3248810430598605
1.872330430143343
1.3248810430598605
2.106371733911261
0.7038402273571118
0.3963128525168887
0.7038402273571118
0.4623649946030368
0.7038402273571118
0.5284171366891849
0.7038402273571118
0.594469278775333
1.0642796460634183
0.9061529320199
1.0642796460634183
1.0571784206898833
1.0642796460634183
1.2082039093598667
1.0642796460634183
1.35922939802985
2.1103750484403645
3.562946276063737
2.1103750484403645
4.156770655407692
2.1103750484403645
4.750595034751649
2.1103750484403645
5.344419414095605
0.6250935482283695
0.31259355522938637
0.6250935482283695
0.3646924811009507
0.6250935482283695
0.4167914069725151
0.6250935482283695
0.46889033284407944
1.0196932801553436
0.8318195084751712
1.0196932801553436
0.970456093221033
1.0196932801553436
1.1090926779668948
1.0196932801553436
1.2477292627127565
0.09667497662966534
0.10309151655968121
0.021596781995639178
0.156004089135026
-0.022873820700012305
-0.0024038465001786206
-0.00552920099849865
0.022935356688510433
0.02936786809193849
0.058348783610777444
-0.03671062834266013
-0.11508862043572965
-0.015659367085852336
0.1366278020828514
-0.10627639985458143
-0.15130037200388624
0.17991637750031597
-0.06519064587609556
-476.98076616791695
4.010092399590098
-3.9536626401339374
-34.94181979324995
21.423282956325913
10.706427906691786
15.600780237791923
-6.445993986041016
-4.514942698442114
-63.192369436971866
-135.29097301545252
43.05175342565654
104.92074229341038
0.9329349000028632
3.245639102296809
14.704145959820078
9.564443942263692
-31.931151092812968
15.380541877132327
1.0000000000000002
-0.036519388120865165
0.14145832235993544
-0.15560161994012864
-0.036519388120865165
1.0
-0.1128003473943227
0.1822930125814013
0.14145832235993544
-0.1128003473943227
1.0
-0.08428245780961188
-0.15560161994012864
0.1822930125814013
-0.08428245780961188
1.0
