376 1.8211919674413366 0.9977557987638923 0.9962217217553256 0.9951120530342861
126 1.7343631193052715 1.00036421165789 1.0009270269817696 1.001419817909456
876 2.3105348847584537 1.0011920580629734 1.001534711961543 1.0016320704352215
626 8.021577762228844 0.9962067478967098 0.99233302224619 0.9888166799823417
1 6.316769061490049 0.9991662271085792 0.997356606971733 0.9955265502017752
501 2.366868271574276 0.9956640074678336 0.9916418303327577 0.9881459210601936
377 6.311168002695922 1.0050747426860955 1.0092531681334194 1.0127751699221978
127 3.2454928239167202 1.005973585107752 1.0101127875717666 1.0131837896585705
751 14.258195807668017 0.9921674160231635 0.9847647274327637 0.9783922067917312
502 1.9972536793720792 1.0049082172543575 1.008685768266473 1.011618970759689
877 13.233538072061492 0.99763776427758 0.9946820463639744 0.9918786303305744
251 11.737496603293039 0.9844925733843088 0.971891608068687 0.9618394835923173
128 5.266201856757107 1.0000411026573646 1.0012568883117883 1.0028687004537316
503 1.3841022769156552 0.9997892324865814 1.000108857140607 1.000625376900838
378 3.6653171244943223 0.9950530360516356 0.9928202636138495 0.9918338370966732
752 0.9563320569450298 1.0032844695377612 1.0059859908881854 1.0082189974627067
627 5.552392597177459 1.0080180721644243 1.0150240155401853 1.0213471568497963
2 5.88101582967829 1.00383752470786 1.0065706642729377 1.0092211813440666
129 3.186565937989144 0.9976830254889729 0.9957410659207621 0.9940820527556278
252 1.7427481647846434 1.0013235873276018 1.0027269954186095 1.0041348331851836
878 2.3007154655879276 1.003082845681568 1.006137399276816 1.0090102230220503
504 1.4691358831023535 0.9992775907173981 0.9986831734058287 0.9982579924950475
628 1.421483597921906 1.000975587523316 1.0011279637306303 1.0010496579028507
753 2.0383497432376316 0.998690000681477 0.9975778218661613 0.9968444507520318
130 2.7121272652257176 0.9979005722849144 0.9962005253189451 0.9947883901016215
3 3.6508041488505114 1.0013645830665026 1.0034487811955974 1.0056997139392538
754 3.059730935108746 1.000204301291166 1.000724746156809 1.0012650277046369
253 0.7815240017425822 1.0006525581852168 1.0009028566057756 1.001081537791175
629 2.51411805024145 0.9982237316636297 0.9960663555653835 0.9941192307441465
879 1.8188948757888284 1.002398121155153 1.003750595265748 1.004395590504155
379 0.6655442597002548 0.998170643781029 0.9976049768529325 0.9977461274590211
505 2.0517129994768766 1.0046422362279537 1.0079575205812075 1.0105827613593574
131 2.646158916877539 1.0006797520709547 1.000094468235397 0.9990654092540446
254 0.6194923622024362 1.0003489910301473 1.0008584330176313 1.0013983372170379
755 9.810987592323727 1.004090715150286 1.0070595934927957 1.0094250786508119
4 2.537684300361434 0.9965253103909673 0.9942751669286154 0.9927211745826415
630 2.349004430223431 1.0022443870577522 1.0035848911371277 1.0044428075909133
506 2.188077208946197 0.9993763678329022 0.9985457065743089 0.9978468033302152
380 3.229543187766467 1.004123810999634 1.0090009980473191 1.0134843239393865
880 6.39062764600385 1.0039720927387883 1.0077284104095996 1.010978242782936
255 2.0041007001036633 0.9977401120416709 0.9958931658780912 0.994276328293428
132 0.08026305585917726 0.9998456797772727 0.9996404027849539 0.999404174977723
631 5.523354718257906 0.9989590846592563 0.9971841436403632 0.9952441987273581
756 9.7372135593032 0.9988465516721878 0.9989760668785517 0.999355905903017
881 0.5349020946105156 0.9991321419551356 0.9982907377803326 0.9975292857485235
507 1.5001568178413436 1.000048015464222 1.0007845050056683 1.0017415801660692
256 4.1378598495721235 0.9992945714860962 0.9980902680913618 0.9968704683113614
381 5.753269093544077 0.9962848898504674 0.9928283568903459 0.9900028572494426
133 5.267267228675337 1.007242203962953 1.0132738352874466 1.0182499299089134
757 2.719948230893351 0.9997998717533421 0.9991526558916267 0.9984009271326503
5 6.910469304462822 1.0032449456902444 1.0068556342703052 1.010808892556451
632 5.026005695101048 1.0000794942157791 0.9988066221468274 0.9970563522626508
882 0.6439042035617604 0.9999945396559864 1.0002645222404687 1.0005829790191425
508 10.834131825129589 1.0061110893272176 1.0106686434071865 1.0141357683489436
382 5.4259361850890855 1.0003655492543677 0.9998511534214256 0.9987373109614092
257 4.724614913504411 1.0084964859937358 1.0157817927334485 1.0217357547738284
633 5.143799111498083 0.996743807480336 0.995264938624369 0.9944342840827833
134 0.5917061226737133 1.000512684530738 1.0013512798821278 1.0022773855900275
883 2.7930430282976886 1.0036771034737615 1.0058064562735824 1.0072392317283716
6 3.495807736846473 0.99516773630922 0.9925396871192228 0.9913149685511352
509 1.106286089070636 1.0030774068579218 1.005713964434098 1.0079275874050653
383 3.469545341675257 0.9960342756834102 0.9929603161825221 0.9906016110840207
7 3.239340109679688 1.0021718470038714 1.003662711354164 1.0046760859440036
758 7.813084292229178 0.9899150545150978 0.9813759378182773 0.9748087360736738
135 5.324652494917245 1.0070200575844717 1.0107856751150142 1.0129513809461912
258 2.9401261259354214 0.9934514017187298 0.9889383165042257 0.9856555456857996
510 7.192868563248339 1.005332706463467 1.0098373974311996 1.0135262680216288
384 4.707186847319463 0.9952041394166565 0.9915300286802602 0.9885471505230568
759 4.541081828665483 1.0007364457355992 1.001807403078636 1.0031722112466446
385 4.994116247122292 0.9962557597480222 0.9933358355304911 0.990982720879693
884 21.21085525199487 1.0159597796350541 1.0321648836927897 1.0468600434361255
511 6.668519573513549 1.00855342607007 1.0158884234828627 1.0220966310198774
136 0.7439062601752084 1.0035220251331907 1.006132005319404 1.0080071883190482
259 2.5214785738171486 1.002675544904373 1.0051246158133205 1.0072044043906219
8 0.04471790064962988 0.9987318270521659 0.9976706296020644 0.9967979559160568
634 15.866850397353119 0.9850674307607976 0.9732378074320123 0.9633841178834989
885 2.7903686968747934 0.9969312571682221 0.993790056331099 0.9908214748022067
760 1.2526972424602718 0.9979830920247117 0.9963196804673448 0.9948724905684986
137 1.9683807596811675 1.000617703184516 1.0011774816677157 1.001788013641111
260 7.219368651003606 1.0079894426997487 1.0138251544561658 1.0182372693025752
386 3.6020762237767485 0.9964788176880165 0.9950303407726001 0.9945589648907331
512 1.7907659956435964 1.001641691483009 1.0033595949561016 1.0050952145782748
138 3.165554566669016 1.0007045957837208 1.0021407003373206 1.0037385340113345
9 9.685105157976068 1.0069173442944208 1.0119112679872628 1.0155002216207174
635 6.014229729387807 1.007973227826773 1.016531337334575 1.0247575832155527
261 9.484257859221543 1.0051938146359012 1.0090126420371712 1.0120709731914992
387 0.5716843019872613 1.002203888026469 1.0041129404816924 1.0058137419142108
139 0.20289024443627568 1.001154164452109 1.0020688167832943 1.002801571601428
636 0.3957876261411002 1.0009897921674926 1.001811608241375 1.0024518582993602
10 14.207278870704613 0.9958907723140402 0.991883196735415 0.9883019476057722
513 4.330815342040296 1.0070214287005128 1.0127981436664124 1.0175025379237541
388 2.915987273632709 0.9978777853258763 0.9955781754421358 0.9935570209772951
886 16.277600167342825 0.9867722783020442 0.9717538948363733 0.9573578255049514
140 6.311244046655702 1.0041965005921896 1.0079953403615303 1.0116560707161104
262 0.6373828709638474 0.9981608099017736 0.9961847401409145 0.9944438378382041
514 1.894469265214866 1.001687866282303 1.0030779918190662 1.0042483989345223
637 5.692539765745096 1.002892269940146 1.0060824700989204 1.0090431331125338
11 13.40237167910891 1.0098839580839094 1.0176676030491132 1.0237131541602842
887 0.5844396882403089 1.00032413834646 1.0004586684097654 1.00044187142013
141 1.1797919018645189 0.9978839792930764 0.9963354429053157 0.9950356400147168
389 18.022382911109162 0.9951820043566315 0.9912321904217005 0.9881788414616397
638 4.830327774026955 1.0068137228837246 1.0124307538077513 1.017096656328668
263 9.135620643863149 0.9866684142472868 0.977694881616162 0.9711814906299594
12 6.537660942800358 0.9962800296479011 0.9923085509508071 0.9885472094956181
390 2.843978317368965 0.9989783091524963 0.9986894020572157 0.9987045833829903
888 4.580581346595864 1.002735974393405 1.0052709112638256 1.0072782381928203
142 3.2183046972368174 1.0065617500824122 1.0119350450209872 1.016290974062256
761 5.202115044512539 1.0182793855741712 1.0358155652074799 1.0515593375632961
264 4.73569426922586 1.003532079355642 1.006186035283254 1.0081802625718355
13 2.1881255662137846 0.9982287298108508 0.9968990367052053 0.9958665450056081
762 3.258201022994399 1.0013287459982978 1.0022138502745332 1.0026751829528646
515 3.9845035212256334 0.999740007951996 1.0029506414079974 1.0073101602752066
265 3.0588182513765787 0.9959705281058925 0.9930787273579231 0.99100252964501
14 4.210192673152051 1.0008703476585603 1.0016844240020333 1.0025249499516795
639 3.2416647592108347 0.9995524265160404 0.9974395347206703 0.9952459285605245
516 4.4786043593285285 1.0072236271946404 1.012816161291266 1.0170954830957057
143 17.91792084282315 0.9908743277655327 0.9812980810340388 0.9727374422301326
763 3.008297362652229 0.9978790129868392 0.9951316927006635 0.9923540244276343
15 1.1854781906095013 0.9986067963705895 0.9971516499938716 0.9957213227936416
889 4.506016481675033 1.0129682344943176 1.0249991317478764 1.0356186008641004
640 2.747532464849428 0.9966615431792286 0.9950146115012832 0.9943877936581567
517 2.735643113785045 1.002316466494266 1.0045751396174056 1.0065824964951426
144 5.598501202273837 0.9959666417985245 0.9928024617918559 0.9904431905120499
266 9.837076596471888 0.9871809387759612 0.9761023456076189 0.9667998276998462
16 1.3251626220080652 0.9998093184750562 0.9992793308190772 0.9985730710324364
391 1.2533629426743573 0.9904732938031703 0.9836006038131597 0.9783203517527709
764 0.24910600624934887 0.9993658143915592 0.9983982500386731 0.9973920661282121
518 1.3998831774370046 0.9995832265704816 0.9999814026853029 1.0006720591787863
641 4.839529583719923 0.9959791529707849 0.9930445441503929 0.9909878238820862
267 1.924956015909629 0.9964681950822758 0.9932253529318222 0.9904983038344267
890 1.8309415769217594 0.9948389541147779 0.9909928173108666 0.9882523751689285
765 0.9487170390420943 1.0016016991321688 1.0026326580852982 1.003389806771218
145 0.41726228856532543 0.9979630017285157 0.9960988293185215 0.9944159403844689
17 4.540794730437483 1.0074704574004365 1.0155121565081286 1.0232696409474793
642 4.465448188326263 1.0010633514447964 1.002357845747681 1.0036877681792606
519 1.7199534235533065 1.001891619930853 1.003935613008807 1.005842810918395
392 0.778994767990298 1.0001341019766734 1.0002438631397415 1.0001968818657305
891 3.6596609012303816 0.9993329964888344 0.9979858203389805 0.9964745880776645
766 5.642135575753855 0.9980632939117078 0.9952971079817552 0.9924161201411672
520 0.8028097100541345 1.0008859868685587 1.0017042903706816 1.00228671656537
268 2.5799467892138637 1.0026926192860761 1.0052589605422915 1.008093673097299
892 2.1600331968675164 1.0039621612984695 1.0071554984392976 1.0100308564168228
643 8.59358915546727 0.995874955777799 0.9922348564322682 0.9893411339454881
393 3.289989243252421 0.9963188464247396 0.9942823722718749 0.9930233051760772
18 3.498926475924236 0.996948358778512 0.9958134329235449 0.9954114542953415
269 0.014853926531941397 1.0003399921109877 1.0005903494262463 1.0007741422633918
767 8.192603980183776 0.9960139433404318 0.9923160912692642 0.9887958221707801
644 1.6900887706397043 0.997804485702288 0.9960114742959141 0.9944985470037447
521 0.23258111130417092 1.0007271788151253 1.0014325299038378 1.0020666497042539
893 2.1619010522463213 0.9965637308781223 0.9944958911035454 0.9930033542812445
394 1.2263277139500133 1.0031655236528694 1.0065603802391523 1.0099535866246654
768 3.3046187694253604 1.0035276068026722 1.0056945418195382 1.0071370854092945
19 3.3749337768767873 0.9999136358984421 0.9983346921322084 0.996340092443955
270 0.632119066955056 0.9987496734228714 0.9979926911131547 0.9975176846471483
645 2.2510721965354605 0.9980275161563278 0.9965542150299469 0.995380480434379
522 1.3475696977693588 0.9995451333849787 0.99879702877775 0.9981147401655094
894 2.2366952238335216 1.0024458883082898 1.0036768821960256 1.0043878514525113
146 21.773229790811456 1.0252738047147987 1.0465990701284795 1.064066418684483
395 4.6853664543832565 0.9930483776972945 0.9888513415239268 0.9859503202831195
769 6.8747344690527825 1.0038342495250214 1.006958082741143 1.0093870745622076
895 0.39233653940573276 1.0006881872958018 1.0012091044123665 1.001610661700554
20 4.5595714913724805 0.9996054515404159 1.0006190778944994 1.0019535163054545
646 0.22383617533523648 0.99979764560633 0.9999004646289146 1.0000136535516126
271 2.316706512214296 1.0009084958264938 1.002712940564139 1.0043564845911834
523 0.5835796481878788 1.0051798881263625 1.009104331553467 1.0121595647798975
147 4.931212019146187 1.006508498519376 1.011456588118725 1.015691803149408
21 1.888800477850964 1.0016492632759875 1.0022569344395595 1.0022941477255818
896 3.8860567088522657 0.9983798032741279 0.9960006038843813 0.9937036093504191
770 1.2717847400763276 1.0042265995318307 1.00642401366305 1.0077644622861306
272 5.834993022124763 0.9972303648041004 0.9950286069536718 0.9934575916748224
396 5.794783983141315 0.9973161625575865 0.9941904517929538 0.9912352383460311
647 7.900105018148679 0.9981960098251444 0.9984836859982597 0.9994256180702543
524 0.8524570818080974 0.9982373851773879 0.9976702049704681 0.9977745657272101
771 3.9588974585713004 0.9992433292925228 0.9977655746232322 0.9961281806620823
148 0.25202802009698644 0.9993418025954698 0.9988156558840202 0.9983065645503129
273 0.3443440656828898 0.9988323439027584 0.9982054471943536 0.9978295681725698
397 6.0470014463662665 1.0028848176158431 1.0056733166589076 1.008110732734292
525 4.221052603152202 0.9993809514192377 0.9977849734379515 0.9959840325222088
274 2.1603002459960408 0.9995333015818669 0.9997884024674913 1.0003492618876175
22 1.3002033543107245 0.9968507798802169 0.9942695045348141 0.9919878454184624
648 13.175088588432118 0.9958002051420206 0.9908651940565748 0.9865012067444704
897 3.0329578436194424 0.9954793069696124 0.9919754613836437 0.989339983829171
398 0.2520691866266134 1.0008513858123869 1.0011557834680098 1.0012535823494333
772 8.98920809952142 1.0037092396817204 1.007332090602268 1.010739139767698
526 5.560706605145242 1.00391654727488 1.0076945034398175 1.0111435625398721
149 12.988847000739042 0.9818727277944398 0.9695918817639855 0.9606788695027664
898 3.778825583987782 1.0010526822668908 1.0016020127795824 1.0020052607917138
275 2.0864077342248493 1.0018025183676935 1.003442181061996 1.004866393644412
649 0.6394588336879679 1.0008634587848517 1.0014774074536965 1.001825991879755
23 5.14422788837328 1.0046858308309752 1.0093286801481367 1.0135636170965827
773 2.856987327664683 0.9956794854694295 0.9920572504362447 0.9888703201027649
399 6.650528869100526 1.005923660681019 1.0114547096125515 1.0161162856207506
527 2.273191052971015 1.002515704424996 1.0047803509556799 1.0066429229267244
150 3.8698624383705464 1.000347786458125 0.9999602287222978 0.999402110208327
276 1.4153234637451533 1.0022579908880576 1.0044481517531318 1.0063891128619276
899 1.0590111333222012 0.9995988228854321 0.9987159061493968 0.9977194117382923
650 0.2941025453801558 1.0015104599497435 1.002729795890195 1.0037300540039482
24 2.3001968861935893 0.9964373814735707 0.994011367023312 0.9922252222901324
900 0.5213387969943142 0.9985765655009706 0.9973898542365334 0.9963917495629865
277 4.272927316311325 0.9974871442095387 0.9953032952314187 0.9934882833517368
151 3.025584344393792 1.0054878409105505 1.0101832433253388 1.014185929564966
528 1.4703322195218789 1.0026435272675966 1.004446154644845 1.0056836119020822
774 15.136549352833754 1.0088828346905576 1.0162619614454054 1.0222228364186081
651 3.9556720001837675 1.00088515359498 1.0008227636740785 1.0004828387357279
400 2.8999013600605394 0.9947801917273981 0.99128920970178 0.9889771040081865
25 1.2871814716709196 1.001544986131058 1.0024741788862621 1.0029772966732273
775 4.60500789787875 0.9980486618153507 0.9970594930293913 0.9966872445063099
652 1.2580808613420231 0.9992031756551372 0.998858985448393 0.998663912862703
529 8.043803249422126 0.9992670789559012 0.9998335203548435 1.0007434233227794
901 4.721431517993551 0.9961037151432565 0.9933877334407468 0.9916501792219179
152 4.60657465740951 1.0065391773103334 1.010619625444952 1.0130391110054218
401 5.297174856688798 0.9949138060450413 0.990513700192748 0.9868602986943307
776 3.0181892091441114 1.0006021526831956 1.0006013632476585 1.0002565118293594
653 8.055650599058936 0.9989859678997729 0.9979113653687592 0.997028382291826
26 16.08833366386716 0.9924830301253932 0.9849446851790611 0.9777025823280922
530 2.1584868562440533 0.9969461409733721 0.9946737517073956 0.9927735053990712
278 7.807082899991656 1.0149339974776992 1.028733540575257 1.040621932640885
153 4.7097624415746395 0.9978409875595722 0.9971547901951331 0.9971814066440243
902 7.640907415643596 0.9954867436701591 0.9899277409134218 0.9847237683329733
279 1.0592475787525473 1.0011918506367987 1.0017279139204553 1.00195187585349
531 5.226718034053192 0.9998762171810995 0.9991904822542842 0.9984323342701593
402 10.321109168815383 0.9901902281783259 0.9820501679799845 0.975399656470102
27 6.389371993136592 0.9967522893578714 0.9932050381112468 0.98983882769374
154 3.7501153995108325 0.9983045683172767 0.9963353313463001 0.9945666251272768
777 3.276387461286504 0.9972997166294901 0.9949066982172383 0.9929576407026499
903 7.169789034374844 1.0042937368979 1.0082979199871007 1.011739162089373
403 0.47021774316635856 0.9991299647785579 0.9985454571724381 0.9980901095886461
654 5.7323691736801266 1.0085840022967496 1.0163665548004306 1.0233965539297514
532 20.608478522617588 0.9993611725515901 1.0004075976107787 1.0018268804013049
280 2.79647850611218 0.998424966327887 0.9966879623502818 0.9949790666615991
155 2.258470591808873 1.0010807544952456 1.0024546151144913 1.0037287777183372
28 2.1952545634158014 0.996722261759384 0.9943558135736562 0.9926585945141454
904 1.0651949535313179 1.0002190532714776 1.0005598004838798 1.0009342169822535
404 0.5349392593652738 1.0003017905179177 1.0002706815593092 1.0000994762861604
778 1.7644291962842544 0.9983497762457143 0.9969802861897549 0.9959803650510402
281 5.260280651902576 0.9994828537301728 1.0003698809244195 1.0016823168942377
405 2.777974850161627 0.9997277383651473 0.999232537520227 0.9986153268883612
29 4.266617857654637 0.9977824142890291 0.9970026293069246 0.9967400813936402
533 5.7821377818181645 0.9952600729417922 0.9912210936785112 0.9879426970139191
779 4.005648398881021 0.9979321113136449 0.996532640675246 0.9956593950782076
905 3.0350722104049055 0.9978296134393108 0.9959418846211754 0.9943970016627276
655 0.5491669891944184 1.000554665758436 1.0004284302054716 1.0001676699924413
406 1.3242788527895755 0.9977596426548105 0.996201315746742 0.995023586214931
906 1.3147990412635409 0.9998367521990005 0.9999723248264945 1.0001985199650474
780 2.5107905008117086 1.0013070703385953 1.00220955341029 1.0027595228606059
30 9.088086482053768 1.0033789520045373 1.0059054798456941 1.0077107443995816
407 1.0123050616311957 1.0016662346107608 1.0027747130335907 1.003505735658058
656 3.226622907406636 0.9976582218737792 0.995881579980924 0.9945785606280166
282 2.2771962682072626 0.9970809935181739 0.9953034818346133 0.9942811581393939
156 13.22982953182509 1.0168985114916382 1.0334650486263244 1.0485707442430026
907 6.323290249030833 0.99776992475916 0.9966772490625707 0.9959773265644202
31 4.450343812239225 1.0026271567193794 1.0034813312426387 1.0036037019021273
781 3.2542230936032865 0.996992862652229 0.9942212590293916 0.9916152076152002
157 2.566207267849677 0.9995561482070386 0.999708345818641 1.0001155444717231
283 3.495082945246395 1.0014972321344902 1.0022718643941573 1.0029142581729693
534 3.7919987680088525 1.007053320524888 1.0112928136207473 1.0146416775497178
32 1.0403677523281658 0.9983627100898831 0.9966025257589132 0.9949562089724586
408 3.1818857443577144 0.9918443240312306 0.986872265487323 0.9832721541718676
782 4.145572152458044 1.0017611000773903 1.0034142880567207 1.0049439554781834
657 4.233564130887316 1.001042586738342 0.9993635608517377 0.9966673136931071
158 4.472239823036944 1.0035202987641414 1.0050234536904965 1.0056152428337926
908 4.766375455770685 0.9963500561522648 0.9954460971391929 0.9954703951527369
284 1.8075614043737005 0.9984448426704533 0.9969170549162251 0.9956217117480826
33 8.781863391517618 1.003672799021417 1.0069341789193043 1.0094828645707747
783 0.5133762203386141 1.001922871206345 1.0032544398829155 1.0042401582570908
535 7.913761789170167 0.9943015776300009 0.9896399358748219 0.985961672352725
909 6.266800095338112 1.0063089554976155 1.0111145273818354 1.0148621802024205
34 5.7505359294082155 0.99955087173407 1.0002318140465225 1.0012664481704037
285 10.124522616681134 1.0003539655617775 0.9999703103290757 0.9990756373470308
409 11.22916427400196 1.0046518549078411 1.0094499696603085 1.013687457507325
159 7.244616149149806 1.0068048299879861 1.0133019121009468 1.0191714674880028
658 5.236761455002124 1.0104801302982245 1.0184225738619508 1.0247103477152708
35 6.904325091762075 1.0057074823027061 1.0114831265538728 1.016917184847901
910 2.132096176419509 1.0022780614115527 1.00432677316452 1.0059802464895922
784 6.83824286161871 0.9929525724352508 0.986960006647482 0.981911553222249
160 4.328668472342542 1.0014485078762603 1.0017835934212296 1.0014581763477368
286 1.2164562707002915 0.9993322121498908 0.9991317187886657 0.9992224299904406
410 2.4907715911867854 1.0016895674421953 1.002268155329664 1.002338086288411
536 14.030954019679484 1.0047685685473198 1.0102878062035288 1.0154834918135913
911 0.3278825646975747 1.0004991248272395 1.0009494842543034 1.0013380631465738
659 2.2545282316350495 0.9930899352350853 0.9880203289884223 0.9839157080035607
36 0.7538318078713928 0.9975983627281516 0.9962732528905139 0.9954641019818037
161 0.3873370090768731 1.0009249331916916 1.001565352153709 1.0019575331872486
411 1.0613368739977886 1.006476175809237 1.0121065885089595 1.0169207308210542
537 7.848674200315145 0.9892236573069132 0.9816507137181152 0.9763132443394831
785 4.165014437345235 1.0021945233642056 1.005145945321016 1.0079978593984484
912 3.761687356096445 1.00251965807809 1.004984731295267 1.0071952960947381
660 3.526861702623137 0.9981757636269396 0.9980627993421026 0.9986636934518096
287 4.654127026480637 0.9928722396159428 0.9867222999023383 0.981396338365554
37 5.735916719309898 0.9911048846645649 0.984618889347427 0.9796580848657827
661 0.5211205929044809 0.9988779711360093 0.9982733578485089 0.9979365539993588
538 0.3981715830086614 1.0008065129191557 1.0013076181327425 1.0016645987589605
162 1.2857079606001207 0.9968810300236686 0.9935259246658543 0.9903678462861775
786 5.346185906404571 0.9940720700494947 0.9895718092255313 0.9861285223987147
412 9.386133801619508 1.0082752287160524 1.015019565829504 1.020620681567122
288 0.8160501936508808 0.9984839267112178 0.9969171374542546 0.9954605367731699
913 4.752276348344822 1.006510620398817 1.012802359348084 1.018170492694505
539 9.285770677104665 1.0026474895136623 1.0054108652449611 1.0080545014026216
38 6.165384220123087 0.997787287797927 0.9953156798949603 0.993039866530779
413 2.408371424469806 1.00105679088246 1.0027807461778875 1.004611177867879
289 9.50844516514735 1.0058666283404287 1.0108797946404882 1.0151305162296946
163 3.3823595972953626 0.993734241296071 0.9881896403669657 0.9832250706706113
662 3.6736961201258964 1.0070456654088489 1.0142781734174806 1.0207490372150905
787 7.452245826107173 0.9951226905703805 0.9898698783410296 0.984807054995797
914 1.0541379205606063 1.0009092700637445 1.0008118450879673 1.0002363878258433
39 0.6057724137826881 1.0014729775068487 1.0028632793261179 1.004045347414807
915 0.6332416065306461 1.0010325926807906 1.0016492327791733 1.002058118491432
788 1.1557291173685371 1.0007495427513526 1.0011007894758785 1.0011614781200948
414 3.82569556244016 0.9964747209458876 0.9923817247057124 0.9882790515084547
290 4.368721102422569 1.0016003839899235 1.0039387754082074 1.0062969716810717
540 20.19017295424601 0.9887479517715324 0.9772423049818089 0.9666614770850541
663 5.130838220275109 0.997559584366216 0.9968255825901846 0.9962621257871609
40 2.9265723795942904 1.0005759752755055 0.9999547179698474 0.9989282016862568
164 4.23019326861322 0.9940237970605085 0.990243504293557 0.9880998316590561
789 1.0702898905765323 1.001432599393902 1.0022385603325181 1.0028328111418041
916 5.0407090171484015 0.9991013285650524 0.9979272971726582 0.9968058919024518
415 13.84319888279424 0.999966800019887 1.0011768225754938 1.002800982315201
291 1.7706627031675453 1.0007148246863193 1.0009875251087743 1.0012134790053129
41 13.286327493173303 0.9978997080124402 0.9959521604501459 0.9943302549186464
790 2.1882447545085597 1.001774454030659 1.00224634862912 1.0022022053451494
165 2.668967636063826 0.9940755621495599 0.9908078661502587 0.9888661842208155
541 4.398191777152533 0.9978204272556966 0.9964832488112526 0.9958363196369718
42 8.54461108527721 0.9972019682295704 0.9942744824554487 0.9916130110330857
292 0.77972185827457 0.996669534263829 0.994285045847324 0.9924280913408811
791 4.8612957322857255 0.998721684724452 0.9977478157850451 0.9971329788955665
166 3.40059344601832 1.0035622787423457 1.0057350579604607 1.0073628723732444
542 1.0743291485632653 0.9997860873818035 0.9991532874848229 0.9983696474965708
917 20.149870906390788 0.9886411398211342 0.9802746029455419 0.9741700007937195
416 5.0285843606488925 0.9945786388137999 0.9885400222158105 0.9824590929519866
664 7.176127009750417 0.9893369187266668 0.9794625202858455 0.9711481451814824
43 1.314493064846829 0.9991352994920519 0.999033404469021 0.9992416733839741
792 1.5711720395665907 0.9983753236565521 0.9970234873868877 0.9959602784119345
665 2.759357614657347 0.9983111753559466 0.9962438790313183 0.9942367432366417
167 7.000557415325602 0.9999722813854165 1.0002534028328185 1.0004136805137376
417 5.3584830188519845 1.0052360261658984 1.0112464437208775 1.0169287971596697
293 9.544394476290108 1.0129020892800962 1.0223707320104476 1.0296188981660848
918 4.754179192013908 1.003230521723966 1.0068998297479712 1.0100191439120974
44 12.013000452026972 0.9973988985426346 0.9944161688011108 0.9915796041053632
543 0.4007996351374459 0.9992670705332937 0.999483838919223 1.0000377897798776
168 2.2812083415647066 0.9964655213546526 0.9940646528753313 0.9923393688763562
294 2.86476228351421 0.9951871526383808 0.9903374628074499 0.9856870922304821
666 3.4404149042529752 1.0051418992088665 1.0087302579028226 1.011131581574599
544 1.5307144070793584 1.004136778557409 1.0071834965643058 1.0094710606563853
418 6.134196406535921 0.9970577699601968 0.9946648659757704 0.9929435722387109
793 3.037059459637021 0.9974708311745466 0.9908983215410566 0.9838078503440701
45 5.0950368989942945 1.0006086758321981 1.0021105532379764 1.0037972820512886
169 2.9299422626863816 0.9973811107725702 0.9947911247586916 0.9923766852287971
919 6.173542166294283 1.0051019776192724 1.010610018805121 1.015769186067494
545 0.36042541457027255 0.9993078496016033 0.9986047665419808 0.9978745879522224
794 7.2703093833497405 0.9986168790436617 0.9971799489433175 0.9960068925252692
667 5.850471383979311 0.9927845536422376 0.9881691689258922 0.9850376929070842
295 3.130490214281963 1.0008051319906328 1.0004424196484925 0.999761180614223
46 13.051401915809038 1.0079847361792815 1.0150546277337447 1.0211642625549568
170 5.665952989640573 1.001742835935734 1.0035166661749937 1.0051412876866281
419 2.5106835256228806 1.003157765879512 1.0074591282222278 1.0117207081333397
668 1.286260530941945 0.9999811528970743 1.0001497471463299 1.0003348217844525
546 4.3402756435370975 1.0020964759626125 1.0036181653466716 1.0049104911042235
296 1.392810216984799 0.9987276748231191 0.9976335907413066 0.9967588016854184
420 1.4164593150835572 1.000544112053765 1.000648495816165 1.0005838031686205
920 11.335905899559293 0.9921643821167805 0.9869483681570478 0.9835865356064277
795 6.4241761486318865 0.9967418953610842 0.9938544201187127 0.9915538871406896
171 6.4769467531914415 1.0017920130459277 1.0041807006355363 1.0067719258448575
547 12.151156353786064 1.0034337494337309 1.0072003211248974 1.0107104302578167
921 0.5441147036490293 1.001764036389934 1.0029543369134977 1.003800812918825
47 4.36264336369095 1.002332724868668 1.0060904198159402 1.010024313340269
669 2.7993917486564897 1.0045321198734638 1.0077411344479479 1.0103566932563108
297 2.8383035681526962 1.0036225597298167 1.0071295368023632 1.0102060529804298
548 0.6428310094925109 0.9999267300100398 0.9994725881945158 0.9988967021217137
421 5.314702284442319 0.9908957529265806 0.9849526493596124 0.9802194778096132
172 1.7684208277605649 1.0004208946181201 1.001167749205562 1.0020773943185866
796 7.359869460806294 1.0037331195847572 1.0102624429792788 1.0171050438026077
48 4.600067387418676 1.0045744712867481 1.0085689023107203 1.011907411148191
298 1.559875124019527 1.0025330570640592 1.0050998737538859 1.0073491561732444
670 13.940539730494493 0.9939383650487879 0.9894806426981817 0.9860651077396566
922 7.287415213062559 0.9959556791020276 0.9922963437014191 0.9891459779882338
549 2.093069528642445 1.003187191420445 1.0053309050662855 1.0070272915996832
49 0.060281382877292344 0.9996687748091776 0.9993835242320427 0.9991393154942521
299 0.8283263757621171 1.0012128507593319 1.001865942710622 1.0023108287599336
797 6.357150716034084 1.0025586216503233 1.0043007642197872 1.0054342093958162
671 27.741657539327207 1.0078917493907888 1.0147931518903175 1.0203739677133719
923 2.033821715736849 1.0008436120565916 1.00198343698606 1.0032433388985262
798 0.1857122253459238 1.0004735938444735 1.000829999113793 1.0011379659282915
550 4.514063903921851 1.000410207399562 1.0015383544874343 1.0027774596414087
50 7.0077735563863826 1.0044501806321653 1.0096027523353452 1.01453109946809
422 17.492839305807138 1.010020281935685 1.023634683627591 1.0371820821599986
799 0.19349903887632536 0.999494602525256 0.9991247397473718 0.9988737104091495
924 3.8491354554098507 1.0003923004300037 1.0007838824808364 1.0009919548953745
672 1.2690079679778137 0.9987202475586703 0.996671420218019 0.9945283653171726
173 6.570396718912889 1.0035827254266132 1.0068704438162928 1.008989533537965
551 11.43696937763707 1.0037386638887036 1.0070568430740132 1.0098877047856447
423 1.6498949399901903 0.9996547088388269 0.9994980577302037 0.9995398616229441
300 2.8677348555775097 0.9976978778051979 0.9942291917661599 0.990611084021492
800 5.831920093616645 0.9984235329666904 0.9946791952935227 0.9905154500913652
925 0.2756024676382367 0.9997436022149049 0.9997774759270601 0.9999475105296496
174 11.888352001724343 1.0043619781032775 1.0086248099627215 1.0123086343200545
51 12.25724416628691 0.9960715875451674 0.9907079266316142 0.9854927323076433
552 4.841538752381894 1.0086132286455425 1.014238940827386 1.0184821773280095
673 6.835697964575957 0.9955374347523629 0.9913753150987071 0.9872342952530553
301 1.3119717316585593 1.0005597545001341 1.0017695633725505 1.0030934558929214
801 5.614272602368146 0.9943721981960058 0.989486635961706 0.9852363713854267
175 3.686937659223986 0.9955602551384157 0.992764360651271 0.9909974483997799
553 1.2822293181816349 0.9996040147212362 0.9999802322061261 1.0006682299754754
52 2.594865173979997 1.000711684032978 1.000666912029376 1.0004269154556307
424 18.832800231251895 1.0018693279196673 1.0072823997577272 1.0137024690438516
802 1.8347421896178275 0.9990566414569735 0.9977285450101699 0.9964079199908068
926 0.9668920890489971 1.0053922687291756 1.0089131467554249 1.0117034240142868
674 3.3967524374165805 1.0025681865310467 1.0041998116828545 1.0051362662105148
176 1.5594767114744172 0.9978447348498708 0.9960887986859639 0.994647919176728
554 0.44627769242470094 1.0018222977634994 1.002938425639837 1.003742642767081
53 0.5056995814393304 0.9995068734657198 0.9993743039098995 0.9993095967152446
803 5.163846530023875 0.9981471864311962 0.9969078951292238 0.9962053749652243
425 5.518875099263823 0.9925915261098749 0.9876128303334959 0.9840361485515984
302 5.244107542701386 0.9932667295673984 0.9871248290905353 0.9823137986773178
927 2.2800341067340923 1.0008597035407472 1.002333562916031 1.0040262040688577
675 7.795170909987064 1.0000382103493164 1.0003527722247358 1.0009313655858145
54 2.141179891599677 1.0020132361647605 1.0035655973586777 1.00483753893358
303 6.513446472608848 0.9970467952387716 0.9945801393670363 0.9925884005869398
177 3.9802142468452075 0.9932772317169183 0.9887888852962992 0.9853635662933777
928 4.262148683314081 0.9945267008501515 0.990674964540784 0.9876332681589131
676 3.915767097627395 0.999747772075156 1.0000581067704295 1.0006443952034894
55 5.8999099382454006 1.0059389602523403 1.0119836241805025 1.0172600206136793
426 2.5511274024902377 0.9948523728744683 0.9913373579044431 0.9887172078067349
555 5.261700611403285 0.9949063711147226 0.9904588331144737 0.9869828042233811
677 1.570993200328303 0.998817920917475 0.9973347096470813 0.9959976116867584
929 8.779522198285122 0.9972085871268369 0.9940381144168217 0.9911014595449565
304 15.28315172145085 1.0127613172315777 1.0241899299053516 1.0340683363789205
427 1.7430211493556271 0.9977093627056548 0.9966983037208957 0.9962716995732562
556 2.3175625298517843 0.9985900532729101 0.9987255895983859 0.9994683057800853
678 0.9625171585848875 1.0000930478910457 1.0001849254990942 1.0002011012275565
178 0.9987911554799211 1.002319372455114 1.0046816903463194 1.0066284545044804
305 0.3123045783268026 0.9995548346989453 0.9991908940936963 0.9988659795611889
930 4.106642557950181 0.997145366133605 0.995038485763207 0.9933724326229596
56 2.2127931394516054 1.0026259436134046 1.0054781000084954 1.0080464258570205
804 8.698938333734986 1.010317470797866 1.0207100118969823 1.0305952701282244
557 6.897512081608511 1.0058008949752626 1.0109495242933164 1.015127893272833
428 3.64806614014924 1.0010975012267032 1.001444064107144 1.0016673200331316
179 2.6341155139489274 0.998573366465443 0.9968268706503316 0.9950427849190109
679 10.789362788147628 0.9948961112712943 0.991008222067472 0.9879065322393867
805 0.36669940224783204 0.9993488661976333 0.9989802292052269 0.9987051571602957
931 1.465160853580528 1.0014446230104899 1.0015319475407742 1.0012205186104275
57 0.6925215011106047 1.0009360133972627 1.0018891292722287 1.0028208353847348
306 3.199227825154594 0.9976731959876051 0.9950036418048954 0.992626978855281
558 5.048983771052008 0.9945781252389565 0.9905470150778968 0.9874364277680329
429 0.35432246609525464 0.9992966044537154 0.9987416435521581 0.9983605374956148
180 2.779098711980623 0.9969970123984548 0.994739367627649 0.9928893962513534
680 2.1050389272313623 0.9989641437805666 0.9988801987257925 0.9990961645033044
58 3.803435424239069 1.0062080290315787 1.011306019275269 1.0156373698395846
806 4.037009021292761 0.9973831201657574 0.9977208415355115 0.9992589499929584
559 2.0511645977221633 0.9994019112769944 0.9980909050471385 0.9966105737317328
932 6.310264072350037 0.998803680539119 0.9970476239796483 0.9946509132932025
307 1.299601558555878 1.0027856908867179 1.004725874499488 1.0062091249439
681 0.7578076199606585 0.9991652908130969 0.9985584970788044 0.9980633496355242
181 2.3692435243428918 0.9968215259055876 0.9939966786212121 0.9916957926566764
807 3.8461139807095606 0.9970199190815149 0.993973261057281 0.9911004949368991
933 5.177337292203447 1.0009799161647723 1.000836738787472 1.0002369106041804
59 6.078592933903565 1.0045266443311778 1.0082895741710622 1.0115091593291399
560 0.5945616758781398 0.997636811661316 0.9963396880470958 0.9955624505927639
430 1.6728316194221406 0.9941733857881412 0.9903374614365312 0.9878286559120436
682 7.795825761351807 0.9963132802518426 0.9932861850173849 0.9908926366475164
808 1.1196789456753322 1.0015151572131014 1.002304325301056 1.0027995154675704
308 8.203027453000686 0.989227773504062 0.9806783403519065 0.9739893849488428
683 0.7967691133308108 0.9992677668086524 0.9984981656817447 0.9976779346133194
561 4.90627504699296 0.9945657453933456 0.9904670521638611 0.987184780563415
934 5.553685016049712 0.9951362986789198 0.9916370216717051 0.9890470031042807
309 1.747479361747537 1.000752879578165 1.0007717128081333 1.0004703627050653
182 7.16647349718005 0.9995531139283413 1.0001494557671133 1.0007109059708041
60 2.215474401104075 0.9940389766662696 0.9889853498046874 0.9845963615929821
809 5.3913811307993456 0.9946095069546458 0.9908050663320489 0.98793986757252
684 21.161691051747766 1.0039809353183275 1.0071659394881503 1.0097296736217143
562 3.897127082273073 1.0027281474287348 1.0048547401130927 1.0066574402489257
310 3.1720610496795416 0.9974090141247828 0.9956658958811224 0.994477156396029
183 7.206047225959992 1.0036763055974438 1.0066480410549719 1.0089986324359637
810 0.5010149902846024 0.9999445459026624 0.9998547552792715 0.9998015567784914
61 9.740688042624242 1.0034522485152964 1.0065670407164726 1.0091130641068191
431 12.92348628419495 0.9831475303890407 0.9693359079304841 0.9585533794513948
685 3.0196988721436355 0.9987166518087213 0.9980153743223467 0.9974691498116764
935 0.6819637738808524 0.9997677749923622 0.9991641051033796 0.9983285423512782
563 2.2876575446189236 0.9969322291132052 0.9943299425550841 0.9919141761424988
62 0.9451989839490125 1.0019620108873617 1.00347627739848 1.0047052485371426
432 7.151439520101121 0.9981540895950827 0.9960801748130371 0.9941028293741068
184 6.805365123089359 1.0005940222324776 1.0013358035895001 1.0018912249520517
811 3.6473173851882166 0.9965085191393658 0.9951619722966277 0.9946263257911078
936 3.727993114216588 0.9986434252023693 0.9972345768535296 0.9958965450553536
185 3.3442053577509796 0.9995395671654073 1.000627459324133 1.0022862754001436
564 2.8966646438711905 0.9956418841030602 0.9916182749227666 0.9879748954518576
63 12.368757653870489 1.0049166210549771 1.009773253712211 1.0142322094550258
686 8.900387588275407 0.9941981994731616 0.9889591814324281 0.9844932974206093
937 5.616630813468873 0.993890781001159 0.9892535166842985 0.9853822423672437
64 0.09670297169941477 0.9995527749947389 0.9992251274834733 0.9989578762213798
433 6.115427764121705 0.9944895589077134 0.9916486743563395 0.9902311521658971
812 7.17740692084044 0.9850583896498851 0.9754640299042591 0.9691964547535122
687 2.2964025660076004 0.9968010014276063 0.9942176940196792 0.9920833449765847
565 18.258229689074142 1.0026485762391957 1.0058882436298229 1.008873321274036
65 1.1991214411937108 1.000712270763082 1.0008741549084694 1.0007960869750538
938 2.5691569155951584 0.9963092425290235 0.9934821443837649 0.9912882896993801
186 6.426633276663779 0.9968299709625359 0.9921090595238704 0.9870358826699038
311 4.096682749819593 1.0317370040623874 1.0599261602005008 1.0846193782885212
566 6.446594654487853 1.0008441659519514 1.0019401055320971 1.0029611063603743
187 2.5447309963619773 1.000975632022577 1.001354095457514 1.0013558449074949
688 12.530292376828584 0.9993785383719156 1.0007185358726722 1.0025783124076335
312 5.941379961417624 1.0044897203352283 1.008915839941098 1.0124682274349213
939 1.4018719800369581 1.0038354587137146 1.0080467903577128 1.0122469654319421
567 9.648552687100164 0.9953045014387041 0.9913469548955193 0.9878733288007867
188 1.0863999096200132 1.0036032083203923 1.0061476864825734 1.008188876607721
66 8.858599922325084 0.9856933991743594 0.9740226073845469 0.9643969521118919
940 0.27771147504063265 1.0008862146027462 1.0016055856605097 1.002217896482131
313 1.8124836518181837 1.003414286712665 1.0061882187582594 1.0084003927380887
67 7.85350146581186 1.002776909879631 1.0053245697109834 1.0074746661071212
314 3.489218050708587 1.0008198260701242 1.0012266449936913 1.001317313286594
941 0.575816460979695 0.9995071567753241 0.9993829137184933 0.9994670979290703
689 7.3795710913982475 1.007245864512144 1.0137044234381787 1.019976171208293
434 1.8063052542420337 0.9864504585374594 0.9774567423618711 0.971257284971526
189 5.522142886060465 0.9860070892118867 0.9766823901513715 0.9700070769983363
813 22.720932530954087 1.0201800981011686 1.0421301461070973 1.0635949006592222
315 6.179890102423087 1.0015637050139006 1.0029765846928431 1.0040054039341713
568 7.142861919450297 0.9942399017648951 0.9875420569307647 0.9814439716705412
435 2.9976277912792284 0.9988152807145135 0.9984582405782276 0.9983243129643369
942 10.416776920119446 0.9961674245118557 0.9929747747064234 0.9905132458344221
68 9.264083769292483 1.0015611914156843 1.0043926359856346 1.0071548522922946
190 5.493240005042026 1.0016789786978704 1.003384299838358 1.004878407429136
690 6.665328518196475 1.0035910878829097 1.0072065087981397 1.010491368607953
814 0.616722705819484 0.9988443161051674 0.9980297392049317 0.9973848447900568
436 7.495726643668604 0.9984925722459311 0.9975053466243288 0.996476727033953
943 2.8249650805646525 0.9939243568570427 0.9896228287811846 0.9864512875944358
569 8.521335581730455 0.9972596802280855 0.9931829209493711 0.9887850961999723
316 2.346352153510452 1.005523675619594 1.0099628552421704 1.0137668147057035
69 3.7934528636378673 0.9949473242964837 0.9913714604088121 0.9887249098956473
815 6.628793403708187 0.9969727319134399 0.9946238796937548 0.992949660162614
317 8.621509146680182 1.0031577940156722 1.0061116267935026 1.008601804874738
437 3.103867543328306 0.9963027130371942 0.9943641803105705 0.9933890461840643
70 1.6908261462613154 0.9950559467647232 0.9906979698257782 0.986928327369892
570 23.131514141383377 1.004498017729958 1.0079065542116448 1.0103256304344743
191 3.4462637856613583 0.9998671362676748 0.9979306032408235 0.9958142722920431
691 2.667884088223218 0.9900622808331881 0.9824417690922915 0.9763842821936776
816 6.003513961355566 0.9944446938996953 0.990066453757776 0.986646317452238
944 7.108819030952873 0.9985503502778159 0.9960632749007291 0.9935800061076894
438 2.756141902758827 1.0012057390863114 1.000905322476406 0.99983550968397
571 2.060736981631635 0.9973957426922678 0.9944572904255927 0.9917088223292178
71 8.979745259739502 0.9958337139758536 0.992189834128626 0.9893266577651809
318 1.0976869423611788 1.0010263908112955 1.000777525676997 0.9999262608519647
692 2.256184508836668 1.0028679376938041 1.0036790713556996 1.0037699938488178
192 1.9984919779817574 1.0032970298589103 1.006471236081742 1.0095042098801015
817 1.2145576293878548 1.0012024112916758 1.000965740593083 1.000157016577824
439 1.4407400997952209 1.0008839571276031 1.0012237583957955 1.0011830765320298
72 2.2095921982217988 1.000496169457446 1.0013638894768089 1.0022863274431029
572 2.295516914145992 1.0017252984655225 1.0033034369422327 1.004690555823987
693 1.6204399787420698 1.0003818837576124 1.0010719546699207 1.0017442040854276
945 9.202538775956782 0.9983982553064775 0.9999735859588497 1.0025755515075399
319 2.2977357568379375 1.0027238221354244 1.005197414606108 1.0073978984892744
440 1.6018239490149426 1.0005335251009089 1.0006528389160503 1.0005270605704362
694 6.209358938735022 0.9947011712363806 0.9908194883610654 0.9878685367081202
193 0.8159446310783096 0.9953651972219669 0.9917996444493932 0.9891586711654776
573 2.108431909706269 1.003553989321149 1.0052406414450952 1.0061142051396754
946 2.903491897168351 1.0020565899561142 1.003420352633368 1.0045950449460754
320 9.524691488459212 0.995500015867963 0.9914400940208247 0.9880537276709901
574 5.912305824873329 1.0024036743595928 1.0049795930722947 1.0074547058425876
321 0.4204729521443369 1.0012295165582101 1.00214540533983 1.0028531343043794
194 11.060978092040386 0.9938496366839873 0.9892462939981091 0.9858330339681494
73 11.633017193176784 1.0071731673044375 1.011948239205599 1.0148733846913964
441 10.605540006628871 1.010638230836102 1.0201963467570871 1.028440737616711
695 11.170720237540081 1.006861390371161 1.0136509030640748 1.0196103728783976
818 3.212021436836949 1.0108687199516613 1.0207183994080182 1.02924623493539
947 4.05628913295368 1.0038768272310772 1.006993658865814 1.0097287082347972
575 2.6820119521871675 1.0019382128729513 1.003123490676927 1.0036888462088671
195 1.5518760587056022 0.9974795455657443 0.9959202454692013 0.9948975194776044
819 5.604581894864168 0.999785984813876 0.9989663742728411 0.9981009234733338
74 7.12272756989114 1.001613085376955 1.0038793062379519 1.0059705769460827
442 4.497655010314702 1.0029614827348239 1.0044515617688743 1.005109752127355
948 2.7622465528620523 1.002185096310068 1.0035628233146712 1.0046275978861026
576 4.161990627344494 0.9963733038937796 0.9952019353516626 0.9948340301956163
196 2.099952705550095 0.998324634713224 0.9972362679444688 0.9965824188961847
820 1.2503469102593954 1.0030729729513854 1.005572175939826 1.0077562485747418
75 8.58224383527704 0.9939326117922999 0.9886811735204413 0.9843952758572416
949 10.98920606226784 0.9974852489247099 0.994086011295607 0.9906494180204412
577 0.7439391903826618 0.9977542169600702 0.9963570959799665 0.9953149299248176
322 11.944238785565176 0.9823531699642971 0.9660055080100374 0.9525000088481651
197 6.9334370524775295 0.9976853169622018 0.9951479942849918 0.9928216149342836
443 3.3997533946239855 0.990534233633042 0.9816660584726787 0.9738673080395597
821 2.935432210950239 1.0020212081633306 1.0038850505240002 1.0054039429341342
578 2.8841736857721116 1.0008570533251573 1.0013539814791657 1.0015794337608088
76 2.5725262483083498 1.000969925576225 1.0015388344150495 1.002042741545664
444 0.4684309162948921 1.0023413908383105 1.0042180502662343 1.0057275237734489
323 3.3579426579490246 0.9985822966003303 0.9983153124374864 0.9985892271968839
579 4.110495440285376 0.9985609067421434 0.9973170275146668 0.9962787256205197
822 2.8227714530548838 0.9953706163886826 0.9920274970939911 0.989665473770891
77 1.9926101419550832 0.9968109248770443 0.9946666829892606 0.9931328071179342
198 2.532166213644814 1.0011121388486324 1.0008544902406469 0.9999952071714671
696 4.682221328275773 0.9820165848973955 0.967641445385141 0.9563302523870522
324 1.1367056256258365 1.0008282654275675 1.00165521322885 1.0024363473960818
950 10.96003978529734 0.999111888152378 0.9988559942438945 0.9983989450604204
445 4.4738281381924025 1.0015194714967621 1.0020797185118833 1.0023568395662272
78 4.0377445674221235 0.9995697212263747 1.0000315596357845 1.0008948064676324
823 11.289058297534211 0.9951875619265745 0.9905822126166968 0.9861694438889522
325 1.8236445442180411 0.9978727091637706 0.9963287311834652 0.9950671387480019
580 3.919742916321411 0.9953268979482319 0.9920652107714244 0.9896070841689507
199 13.637276513336474 1.006253809082214 1.0110775014671645 1.0148686175049173
79 0.4834140703205776 0.9989523415079244 0.99829515427997 0.9977931168851147
951 2.380547412634769 1.0044419705335608 1.0082073696288392 1.0111191319631345
697 3.132054322899421 0.9998063655901301 1.0006493310633418 1.001658064526916
200 2.9783449587848736 1.0021429200326892 1.0041448448725558 1.0058813496300503
824 6.428402132232804 0.9941512745604578 0.9906740971435795 0.987983179016259
581 6.299184741992576 0.9965392932849373 0.9934210102240543 0.9908591008838726
326 10.95166004224484 0.9976937758628661 0.9977980086452818 0.9987657661426016
952 4.262231873550263 1.003081102719567 1.0058967944499977 1.008349226959404
446 5.817377878873231 0.9924188895708932 0.9878683865632428 0.9850216514372266
80 6.420485271264624 1.0042060522338034 1.0072803018790113 1.0094179105740309
698 5.482259002817955 0.9976496502040355 0.994951734687644 0.9924391061343443
201 5.865457653089834 1.0013755634900374 1.0032041672400147 1.0049394071019795
953 0.5586041650949483 1.0057404439356419 1.009885420973661 1.0129546365644013
699 4.724955542591488 1.0024301567526468 1.0048313624779275 1.0070209909585388
825 4.333929276224808 0.9955641169966957 0.9922596793949718 0.9900926537088371
81 3.9084266540885437 0.9984098027913925 0.996713151102084 0.9951238170709169
327 15.229533401674416 1.008595029656826 1.0164759942585866 1.0233463431597358
202 0.08398428214604792 1.0003819557842812 1.000552674619372 1.0006319375283144
82 8.209828657336402 1.0058605249006303 1.010455152059159 1.014158694047719
954 3.0879571568257234 1.0010338357214426 1.0021343693198106 1.0031254874740303
447 3.181994822794877 0.9956643485167544 0.9937979548749988 0.9935091237932157
582 8.225576086600995 1.0057568317617478 1.0128521264602184 1.0196141222127384
826 6.652497464736371 1.0046729073670013 1.0094522300566713 1.0140732773413332
203 8.184248499534078 0.9990274573670969 0.9977621077457416 0.9964837972197997
448 1.020589039513652 0.9985534618421662 0.9973232464012493 0.9962890958003882
83 1.61896053386954 1.0021847512228048 1.003260251570302 1.0037255581417455
700 6.317920907931693 0.9918329901634712 0.9846685254611787 0.9790156730724779
955 6.831784517060441 1.0055339771993232 1.0104984790568017 1.0148332575220087
827 8.85054109433986 0.996973444252368 0.9942598434691409 0.9920018734400314
328 14.796138376061208 0.9968376804329584 0.9931001643835373 0.990054758380545
204 3.5798776058509247 0.9998837615753227 0.9988284206275526 0.99762518499604
449 1.0108546160390688 1.0027419118541094 1.0049663657099077 1.0068066690259012
583 4.832829480623332 0.9897835316471507 0.9844468517116278 0.9811936407865716
84 3.145034219538502 0.9986067186918844 0.9971595526142926 0.9958711453661068
329 0.9972867443084397 0.9992633937250404 0.9987091241687208 0.9982070104914613
956 4.386754043147448 1.0040185572291085 1.0073967300422195 1.0102826126535123
450 9.822326830582824 1.0063958574695016 1.0120972398290458 1.0166420449823812
584 1.0459088607385638 1.0018013275881692 1.0030990721836675 1.0039711002176552
701 1.8621854756456742 0.9958014863617326 0.9919344133321022 0.9886537096371912
205 6.843139312299172 0.9983916423066207 0.9976909920100666 0.9977597425619595
957 6.517206797203471 0.9959403169916228 0.9930158714622789 0.9908797798113538
85 11.50142148539453 1.0016633716240027 1.0011789688614952 0.9996254578572704
451 0.6609716978582583 1.0014886604181807 1.0031356644848164 1.0047296888947677
206 3.06821182450949 1.0031228745547174 1.004818726504801 1.0058195703906518
585 3.481683021380377 0.9955652913528523 0.99170234092979 0.9885403559581002
702 0.5572050622340612 1.0015197297907599 1.0021370709321076 1.0023813974629565
330 3.905952977367633 0.9950514800884892 0.9910320879521822 0.9878278890078138
86 0.7173814596189914 1.0003108867567796 1.0006278241175899 1.0008716584566553
958 4.63513760751448 0.9959086533193668 0.9927796511971716 0.9901410623713127
452 12.28188450838934 0.9998558836745419 0.9988229400179541 0.9974974838769737
828 18.577118963672547 1.0241671199795825 1.0470200009658148 1.0670626853719352
586 3.8471479991167143 1.0009439771747473 1.002098433878745 1.0031609948485456
703 9.733551553863435 0.9976426251677697 0.9953510555406168 0.993347113543993
207 4.26835087546533 1.007599638876092 1.012764246682724 1.0164972045231688
959 14.307983912181953 0.9913245776851415 0.9841384844756612 0.97808501761944
87 4.698088923230898 1.0036143138433795 1.0072875030950874 1.0107623013695648
331 8.604452115712775 1.0007150605287816 1.0025840720048367 1.0045206898051424
587 1.4410035566124861 1.0010557530878021 1.0020420820861566 1.0030530390921073
453 8.146951838603854 0.986965603392007 0.975103064853154 0.9649421826627761
208 16.592840847966727 1.0031985518575495 1.0054873661847674 1.006991754303943
960 6.096410520749487 1.0051240438186673 1.0090125643957595 1.0119876022427756
829 6.980044126508801 1.0095311212066687 1.0160052746862156 1.0208584483952872
704 1.4439326475076086 1.005185807519682 1.0080747780517696 1.009795921562287
454 20.677683373203763 1.0042726279488654 1.0078146508777537 1.010744906524679
209 1.7630243079820502 1.001646159964477 1.002750931871869 1.0034178389446804
332 8.512588892297572 0.9964546826146569 0.9930852776546271 0.9902427188830993
961 9.217578390842391 1.005530929502939 1.0107074737931074 1.01513847282387
705 2.220804461689113 0.9983968629022749 0.9973617934083656 0.9965344607337424
830 1.1310149781929795 0.9996356846715058 0.9990083720141159 0.9983635898459366
210 4.56901479228145 1.0044250984831842 1.008007678874509 1.0108736421275966
333 2.0696590976713196 1.0021509849060368 1.0038393398561691 1.0050681985258392
962 3.9895380643501994 1.0031588303042474 1.0061271916917394 1.0088125134357007
88 2.384592330758096 0.9971283074847064 0.995649881484571 0.9950899294813788
455 2.073229276253187 1.0035959735910438 1.0081511676204837 1.012365847962168
831 2.521228398898529 0.9991044472133063 0.9977376510020395 0.9963056659445513
211 2.6689376840531622 1.0034646255803579 1.0065340040984383 1.0092627953882414
456 5.625340952326951 1.000501222934799 1.0011045443103688 1.0019281823938935
963 2.7286006197391544 0.997215748504149 0.9971994460083273 0.9981943643448818
706 3.9534507654952904 0.9930847523175285 0.9870963786314209 0.981626779570333
89 6.105265448533828 0.9987805621102367 0.999103609437416 1.000027973357057
832 3.8448382524657063 1.0010731692632961 1.0041214845088413 1.0075723529015266
212 38.64982374216015 0.985274585964468 0.9724388994701137 0.961750800564271
964 0.97412204937973 0.9988276515426304 0.9973641761431948 0.9960044646206537
457 0.8293026680403273 0.9976938442759646 0.9953499980922887 0.9932158739591734
213 2.0234238892808207 0.9997793849704179 0.9999381865983339 1.0002570818507055
334 2.011473254597149 0.9935738744584056 0.9877105052047301 0.9826346591734976
833 7.498228925798685 1.0022057668034146 1.0045026287267276 1.0067070389765318
707 2.9142773096737074 1.0085560426158509 1.014463006452605 1.0188335821892667
90 9.709410655679676 0.9999272897223508 1.0014519977584195 1.0036086688031827
965 5.785258442159829 1.0015867384693526 1.0029587961213782 1.0041019292801325
458 4.380645691939208 0.9991589631296584 0.9984640736854695 0.9980417306603311
214 0.3568648143882456 0.9994368443605537 0.9988476313016222 0.9982053610364697
708 4.389952226269088 0.9945351815407834 0.9896281303767495 0.9853918926196031
966 4.2466500163318415 1.0021544011435952 1.003729511317893 1.0047787735094431
459 0.8673160147700401 0.9982085293913859 0.9968797302760354 0.9958025946407189
834 6.614899254745978 0.9958898487381304 0.9925871755358873 0.9900949878753266
215 1.7590313094460726 0.9975921505158164 0.9961594544178056 0.9953150459969385
709 1.4617840236514894 1.00007225253284 0.9998792459541326 0.9996761845930757
91 2.8833357904477452 0.9952110405655734 0.9927218793358841 0.9916324950188267
588 8.173292175499228 0.97631052186765 0.954620250751711 0.9351932563636874
967 8.465946697275285 0.9958777104211365 0.9919139084754208 0.9883661980265299
335 1.3879308319246775 0.9938008984381784 0.9881465965522785 0.9830833300418391
460 0.584825082711177 1.0010553475057387 1.001505957746919 1.0016641727558018
835 4.083658457580896 0.9997318903096047 1.000348287310943 1.0010402897677868
216 2.842922100238866 0.9986121580174525 0.9982779599731628 0.9984448812091483
589 6.194532469184196 0.9984352886547562 0.9984151750893858 0.9988962176461785
968 6.9456526080357435 0.9968902516537079 0.9936526054415963 0.9906296717482126
336 1.264847845537588 1.0011094849980602 1.001561073706303 1.0018176001399226
461 11.593617274284043 1.0014915660453452 1.003484358145221 1.005342644563428
217 4.192993850836501 0.9953922309496965 0.9909753134069504 0.9868425628340246
710 7.121921793415822 0.9975308140531891 0.9942535384817804 0.9908737566915318
92 6.185574133151022 0.9982249460743462 0.998784715729327 1.0001628832636547
590 1.4459357265532162 1.0000968923727882 1.0007267970449403 1.001541258664292
969 4.169602606485569 0.9991423908187169 0.9991750943833254 0.999445143654478
836 2.51184333053061 1.0014259793298632 1.0031465615701343 1.0047382827157283
711 2.6112085116456 1.0032126859367478 1.005418072927285 1.0071003659577564
93 0.942656723129403 0.9982145042034417 0.9963712478569253 0.9947671510339569
591 0.8404539623043092 1.0004740377686467 1.0009426151301082 1.0012715294739567
218 7.327946057095687 1.0041305397351281 1.0063740609107108 1.0080182396674797
837 5.432281320083348 1.002560965175998 1.0047179617439317 1.0064639980120993
712 0.4898871590339695 0.9997589894494172 0.9999969306992985 1.0004212034855398
970 3.8439983672033122 0.9950536205635527 0.990377464882313 0.9865953862407074
219 0.4148033424444293 1.0010691668929779 1.0016306850223653 1.0019533844572368
592 8.254230691143675 0.9960158614186047 0.9918248340089438 0.988121332792487
838 4.774414825282292 0.9957632712066435 0.9926159347763964 0.9901705471242815
462 1.7722768166859169 1.012248742921281 1.0195784156457206 1.0240490642796318
337 3.693304225236716 0.9854607628824119 0.9737017196137764 0.9644922316587206
94 2.4372044338069827 0.9908310877286253 0.9830059831077448 0.976401572142932
713 1.5867782191435253 1.0048499510600293 1.0069445842802183 1.007764058674652
220 9.99062085485275 1.0065755761945039 1.0118146342807994 1.0157021937326223
593 2.3825067382858833 1.001109794580854 1.002579968107164 1.0041219878904661
971 9.234535783805768 0.9974804855457303 0.9934917721608985 0.9893602681188708
463 10.814358253404862 0.9960985403594774 0.9930128689114313 0.9905318628671195
839 1.4453207648639363 0.998951681473681 0.998955812231838 0.9993835784080418
338 9.08981395536648 0.9974875916156104 0.9949686425949005 0.9928130018841123
714 0.36782074971597467 1.0006244608474035 1.001246851039739 1.0018588630036178
95 0.692554139166532 1.0021356840326041 1.004061321326216 1.0057589198396326
972 1.44202575723466 1.0042053098572798 1.0078289109819827 1.0108917901164625
464 3.6901661031624826 0.9994936381552585 0.9986863937307907 0.997940111575023
840 4.753118588925645 0.996483083245813 0.9932161615570699 0.9903911714270216
594 1.7610652117618883 0.999216087761326 0.9992886425407057 0.9998705753420714
221 5.320643943439791 1.0017911942446718 1.00376909629332 1.0060495719281133
96 6.935389642301743 1.0025866082514354 1.0056305272156973 1.008603775290864
841 1.7422082379525818 0.9999683235209995 0.9997350090612512 0.9993982246841555
973 1.1023126291147491 0.998724755060395 0.9981693384370937 0.9979915836310409
715 4.567681601987715 1.0010338230614213 1.0012523542242364 1.0014382515491336
465 9.237470766433034 1.0067231514901367 1.0128474319575378 1.0184532095430618
222 15.975624885912111 1.0048438016413206 1.0090425785309576 1.0127436079024899
595 2.294248664069528 0.9969013908799189 0.9946931972961558 0.993173004689508
97 1.4685096373050328 0.9975745827601363 0.9968619325446506 0.9968926125095285
716 6.557672596769407 1.0039826293049194 1.0073876805938604 1.0103123254998683
842 8.189324440118071 0.9958631794489836 0.9932598217213277 0.9916594405390938
974 10.58210317935118 1.0097120485511397 1.018193529952034 1.0252139058231131
223 0.10053926755063003 0.9995943439798222 0.9994887910998291 0.9995280391408432
466 2.6906650617183914 0.9991750544211255 0.9976142147973255 0.9961437250913359
339 5.5558649408885685 1.0388545686588893 1.0701206558074146 1.0958961972995926
596 2.1248506256852124 1.0023997186611835 1.004046308571082 1.0053592503939204
98 5.542862736170719 1.0022553442396795 1.0042874302438118 1.0059809451843595
717 4.622531627013814 0.9945984715950255 0.9903033792432379 0.9866980397380287
975 0.28297495125661953 0.999877313750908 0.9993835453941239 0.9987107390720871
467 2.331234185721769 1.0029729575945563 1.0048756231384923 1.0063329424056904
340 5.3662403864072985 1.0082539801006734 1.0145637459688461 1.0195638724950633
99 0.4467541189660551 0.9971396566625687 0.9949609599966232 0.9931488242025619
224 2.57970876526997 1.0090452889944732 1.0176790980850197 1.0255769003780462
718 3.182619761055321 0.9976815097761029 0.9961238129704694 0.9947629224555443
976 0.2010532507465541 1.0004241780996288 1.000682120117875 1.0008921955766725
843 3.5521511395181733 0.992585297941773 0.9870332646788238 0.9831064529893838
468 1.129070810686244 0.9986050593063542 0.9978957294040409 0.9975318913440899
597 0.924555785188204 1.002418768518108 1.0052615343142786 1.0081493696757768
341 1.0349085016132449 0.9998145809329964 0.9992826854923229 0.9985195763729929
977 6.093583473313629 1.005436728917261 1.0098531175033665 1.0135132833553782
719 2.4713684894359176 0.9972334628386025 0.9950238589003616 0.9933793277570171
469 1.3315048180465965 1.00350975393767 1.0070370331878913 1.010307131252484
844 0.8621492486672651 1.0007976801300622 1.0017738517892627 1.0028267606138317
342 3.2543405416581663 1.002570331648564 1.0044773843850439 1.0058453970374732
225 1.1175412010579748 1.0017266492439043 1.0016656156032255 1.0009642437233939
598 9.042507451222264 0.9983400607322711 0.9958941061810733 0.9934984936610266
100 5.812030467448494 1.0037881630078105 1.0060057148640607 1.0081241775142948
978 2.5694104956310184 0.9994252995444974 0.9993846509247797 0.9996466767661047
845 4.655396306083276 0.998828069973239 0.9982629181662741 0.9980722268441895
226 4.84221266361601 0.997240863861106 0.9944169115566788 0.9916712998843261
101 10.24437152235987 1.008401685596726 1.0162846439077093 1.0230658327040973
979 3.339479033198586 0.9947345934685592 0.9906571920610688 0.9873704037227824
343 2.5573299239968037 0.9961894093803639 0.9927562764399432 0.9894511293498043
599 3.0969175377431384 0.9958173543375555 0.9920433599962257 0.9885245880443277
846 4.287698769307099 1.0036335047078164 1.0072416300199838 1.0106303991121424
227 1.0127576750346634 1.0013590185444077 1.0029160419944876 1.004377851824941
102 0.8075186253136053 0.9988958026758511 0.9981034836744322 0.9975005521525617
720 4.862343463119032 1.0113438401392751 1.0237120168829312 1.0353789652818215
600 1.7625860094594827 0.9973442189392294 0.9959915037281734 0.9953236762188381
470 9.065687177628206 0.9852733167070552 0.9731594476520715 0.9635746473328564
980 5.529672655877221 1.0000955886288416 1.0011454721409119 1.002703502609227
103 0.14689702654141001 1.0003234983663583 1.0005631517531655 1.0007045942237767
847 2.941030556208716 0.9948440403126777 0.9905813672402972 0.9871150827607224
344 11.208986960842594 0.999966482024932 0.9981909497673767 0.9956989510195194
721 5.652470808647195 0.9966119073508177 0.9942774342455745 0.9925442084538253
471 3.8955505230442213 0.9959511004436552 0.992129768339653 0.9888372147282557
104 0.4629950377584464 0.999539425111164 0.998837438604487 0.9981215718927328
345 6.681282774614374 1.0048824448792872 1.0074218086729165 1.0090089207390263
981 2.787439140402057 1.0058912364526431 1.0104742541396188 1.0140229618000756
105 1.9374499512468901 1.0023451190925767 1.0039312711923305 1.0051080723866395
848 4.097748319742095 1.0093779426127036 1.0174429890614478 1.0245133420242403
472 4.343621072852329 1.0037268317936527 1.0070756756463544 1.0099548904398092
722 2.192696502796025 1.0028696552736933 1.0055501608093236 1.0078994976423608
346 23.085050512916496 1.0064599667421201 1.0116968255160874 1.016119495060327
228 25.70158768831425 1.01920737691099 1.0353258215135404 1.048447709567316
982 0.3314678582264605 1.0000769670630343 1.000081429008824 1.0000042417626465
601 8.457170556381243 0.9859612944488116 0.9766920185668034 0.9697735273458239
849 7.845601351200457 0.997210515536048 0.9944658871542014 0.992147462389772
473 9.70593518523674 1.0023894716268582 1.0035907108782425 1.004403249499741
347 1.3700360438251664 1.0028352806408087 1.0051808550974215 1.0071473377683358
723 15.696189682515978 1.0075909239940104 1.016013846072603 1.023959063083387
983 0.4862457048584474 0.9990166305297725 0.9983398713668133 0.9978319047532653
229 4.462749269054257 0.9992869785027004 1.0003363535368492 1.0021811882195824
602 0.3522665467353363 0.999642614738614 0.9993743412057661 0.9992002095522491
106 2.326010495222363 0.9996703676846151 0.9983234500593539 0.9967778437220998
850 0.5264562353495421 0.997641931457091 0.9954756837071922 0.9935459243613948
474 0.6791511667961458 1.0000068371936708 0.9998755596820514 0.9997520764390371
348 0.28151104941753147 0.9997450965214649 0.9991116909922867 0.9984016928238105
984 2.054050829849075 0.9995967616601549 0.9998297681512062 1.0003038302010199
724 0.24867201518645743 0.997757773746723 0.9960531263303505 0.9946508597341791
107 4.246221179922941 1.0010386528083772 1.0046928812409994 1.0090910199665244
603 4.64835463039708 1.0073213824391698 1.0140537881025633 1.01962270828207
475 0.2046960522147856 1.0004914464990644 1.0013976882563578 1.0024543969154533
985 5.225387892978688 0.9952156639057981 0.991847646380836 0.9892530081746026
349 0.2648881337954663 1.0000699280619019 1.000618247835647 1.0012730205422578
230 7.955351966655144 1.0200105864338211 1.0367417563881787 1.0503135548253584
604 4.097170357936193 1.0027521198007616 1.0041648641236753 1.0050348667900462
725 2.473320172422973 1.0071347811954725 1.0103957352765491 1.011903563421761
108 7.88156187547429 1.0012407641391425 1.0034880070777399 1.0060086738066032
986 4.855364672204814 0.9976643767835364 0.994988430259788 0.9923269624014736
231 9.158961417871978 1.001065288981528 1.0023687631525267 1.0034510423685323
851 11.933190493307848 0.9876428944016288 0.9754559213730128 0.9657070056272473
605 4.460051499649126 0.9983633946436109 0.9962802617718833 0.9941879114026216
726 2.2064294370684365 1.001830138136303 1.0037739078964598 1.0054882686569442
109 5.490653362123339 1.0016608837243162 1.0045663126284718 1.0076953603491325
476 10.474364538862574 0.9957760309874589 0.9887956367725227 0.9817761092549309
987 6.9474559112786665 0.9981163449438859 0.9965439950458576 0.9953700921856972
852 7.937319723805558 1.0032385954865517 1.0060087251748042 1.0083434463055914
606 1.4176900653837947 1.0025032798228841 1.004183807393722 1.0053412863449118
232 12.221105608143262 1.0032483704042583 1.0074309407276023 1.011772651173401
727 0.6522384273212083 1.0008903067191055 1.0018387059108926 1.0027791574061187
110 2.7892926200111106 0.9985865107236095 0.9982436056002189 0.9982878045256163
350 5.9662399910466775 0.981485618765489 0.965622140727637 0.9528534180471661
477 2.040634084458361 1.0006400021933417 1.0030166123152617 1.0057307893806264
607 2.814936045337163 0.998024323127008 0.997096985411798 0.9964954546300714
728 0.6537283971010766 0.9997730728592183 0.9993820165594538 0.9990240458435782
233 7.11637441865787 0.9980124356224499 0.9970342087675367 0.99637494763115
853 11.307003522797459 0.9887869248869139 0.9799197636630477 0.9732096530338673
111 5.492992818964922 0.9997372562542924 0.9983688135722025 0.9963051138117747
988 1.5138856778739864 0.994974903089802 0.9913214215223229 0.9886585219207908
351 1.5929222160430072 0.9972921495415463 0.994712215806244 0.9924687773307078
478 2.6197543851612863 0.9979282894540046 0.9960653300105174 0.9944513703329282
729 5.596314713720858 0.9968689074577795 0.9934200678843291 0.9903314904243884
608 2.7803580604158924 0.9974018273264572 0.9940936603525948 0.9908224106067502
989 3.2778473848102294 0.9993616732212829 0.9981303741226183 0.996820995959952
352 2.9347139729361515 0.9965994314622038 0.9940267499811762 0.992024899801806
234 5.196684208422084 0.9935244810412387 0.9904724559904007 0.9886112717425534
479 0.4859916047207662 1.0009124526354547 1.0013106417686903 1.0014203143608449
730 4.917573017162795 1.0043731359181383 1.0087058438217538 1.0125547460801447
112 4.6815042233829445 1.0048630297050565 1.010380125202411 1.0157105140576197
854 0.7625692014316883 0.9984920531354979 0.9963815995882315 0.9940976452046797
353 1.816078221787393 0.9986389921211986 0.9972438364427075 0.9960937169609219
609 3.634634532720156 0.9985525814056025 0.9967826167990989 0.9949659741478287
990 0.6900853463030217 0.9991742848224838 0.998835218782879 0.9988144011187366
235 0.9324322915545054 0.9989132299483813 0.9978137303913374 0.9968020687843067
855 4.4278660422332905 1.0064621169406054 1.0121489494392657 1.0169763230116493
731 1.0707584428382688 1.0027842774036206 1.0039098638475101 1.004306790244902
610 3.3265405349520734 0.9978961587660848 0.9955781294452851 0.9932927508700812
991 3.2344187853250332 1.0039052877433243 1.0067563797338395 1.0088996180676266
354 0.2214196893692133 1.0026709859410827 1.0044254606284169 1.0055384821660118
236 21.835770344252524 1.0053846767292933 1.009836848029132 1.0136040500770718
856 2.2822789715064573 0.9981461681770452 0.9963957326492743 0.9948941681254847
113 2.502127329695213 0.9990048251487863 0.998038359368727 0.9973147636977325
992 0.9959269082319224 0.9993539406357588 0.998794386571375 0.9983745706409575
355 1.5865016782954626 1.0013336857432737 1.0019995445431105 1.0023242482081147
732 5.48296271376239 1.0065303432113382 1.0126871611043617 1.0181092998130425
114 0.5391441863193904 1.0004712298431788 1.0009521857072732 1.0013353847884285
480 1.4545055372000206 1.007768323157364 1.01566506817185 1.02333830511388
993 2.68260070397082 0.9991152726101397 0.9987645867220263 0.9985447992601625
611 3.7729760362599336 0.9867637310198937 0.9749825495484924 0.9647876632860206
733 2.043163828788238 1.0029659814481504 1.0059681941799092 1.0087503966648343
356 0.2357338515957963 0.9998774625020995 0.9992509250100257 0.9984336813242041
237 6.93081497563071 1.0020844198137395 1.0045036860173369 1.0064748902762037
481 0.08456987020690576 1.000473971209102 1.0008147456976055 1.0010567434269468
115 8.115197455459565 1.0015613253786988 1.003684027422423 1.0059085499616558
734 1.294615275144679 1.0009556470000447 1.0018265081760862 1.0026475077826156
357 1.424393188299291 0.9983287722663053 0.9972359529047781 0.9964637237781234
482 3.666198777189493 0.9970925825441818 0.9939433425809154 0.9910619280585188
612 3.3305813104161643 0.9946557736626228 0.9897039477028133 0.985406295561397
238 0.24417757043374877 0.9989444301573078 0.9981857765705959 0.9976590215454035
735 4.487359802644278 0.9960431930837639 0.9930852872001023 0.9906996801129955
994 0.796030940971832 0.9956877978418621 0.9931102517873133 0.9914347414151456
358 0.7014928550797777 1.000113487656085 0.9997900714416694 0.9993159921561414
239 2.8675967024992133 1.0014330597243648 1.0021131563905228 1.0025405110384678
857 33.102733114837974 1.0059615365814916 1.0157850911168729 1.0267527995273942
483 4.6973603052938415 1.0039809869003604 1.0070808862512122 1.0094522302012412
116 4.409533515889052 1.0013633139130254 1.0033720168329043 1.0053078428815823
995 0.6362500588638795 1.0001415814906671 1.0005402225721431 1.0009338444163396
613 1.2231074674618867 0.9970732202865648 0.9948030641942841 0.9928513805835701
736 1.4586256743405102 0.9996648510678403 0.9986846596827879 0.9975892412377941
359 7.781566919222314 1.0018502287412985 1.0040646531652682 1.0062690720059164
858 10.143306622154341 1.0003144867937406 1.001343052095597 1.002499734205504
240 2.8982169452629023 0.99860395831106 0.9988047976264691 0.9996971346923678
996 2.220515600278304 0.9980481877651244 0.9958025270301379 0.9936003398792422
117 12.345880817265424 1.0033402306771362 1.0070986340013852 1.0107547755569897
737 0.979039347565049 1.0006591297631773 1.001570853192019 1.0024948227182597
614 1.6119219957618043 1.0028872823276642 1.0049501675275239 1.0065695135176684
484 1.8170216805065138 1.006009492666668 1.0100499430363385 1.01299767811636
360 5.25695987970721 1.0040520899306504 1.0061209002753668 1.0072836851059568
859 11.293223511571341 0.9948007236529176 0.9902374292129988 0.986365305545945
241 2.6104207892367413 1.001603036043884 1.0032364581834206 1.0047014070247744
997 2.7168691084716556 1.0034610686092384 1.0050560267990152 1.005856372302251
485 3.4538063457948738 0.9976035534701034 0.9956465194926878 0.9941523190282673
118 1.6239284903931548 1.000095579704142 1.0007383375439525 1.0015688214181153
738 3.757846078078728 0.9975170745538832 0.995319828486112 0.9935199060477162
615 3.390788012637131 1.0022489719038825 1.0039584708149745 1.0053308392503568
119 3.3139295685468824 0.9987520312236854 0.9975548962437465 0.996531786971419
361 2.227211966403047 0.9994945365266005 0.9983517603181405 0.9971202608861576
739 0.12878719780928805 1.0008145953040752 1.001543052599138 1.0021902675855094
860 5.620039977948181 1.0081027060707717 1.0157269955879376 1.0222261848866676
486 6.433500229850324 1.0031540784708273 1.0058401610940801 1.0082082945932571
998 7.920945986463266 0.9979095806239685 0.995202654862856 0.9925217049538277
242 6.152768587253377 1.0094415865322246 1.0170520144358068 1.0232879239412227
120 4.2745517022976856 0.9981677716911954 0.996423401952847 0.9949591024547358
616 13.241363405026277 0.9970655490706434 0.9953655999078121 0.9945147266109202
861 4.588815082481233 0.9959270886960164 0.9946368256001477 0.9947872510412578
999 0.613978151262927 0.9994415750650923 0.9993911614697358 0.9995923409552677
121 2.021093767409184 0.9991207013719017 0.9981148359020262 0.997219527317072
243 2.746279425049579 1.0015043878349776 1.0022849060391383 1.00267980803575
487 5.184448633988723 1.008093869126248 1.0141058151721707 1.0189689263014552
362 1.4261399886345316 1.0009873831078566 1.0007445782302482 0.9998752446284555
617 0.35037556217139354 0.9979585965196044 0.9962952134310279 0.9948881954495636
862 4.674135071873025 1.0023861022154013 1.0038498333699484 1.0048807631990966
244 1.8159124851226807 0.9975148052137897 0.9951114235793552 0.9929644796777579
122 7.2376783310755854 1.0018231126738861 1.0036793047676464 1.0055870945599465
363 1.2456729684126913 1.0012568744759995 1.002564275810336 1.0039399214547473
863 5.1672386045920575 1.002125080693637 1.0039859039693522 1.0055831257139525
618 3.3928107945212105 1.002343153278957 1.0037770772715888 1.0044845019265896
488 4.480553918523583 1.0044838675702261 1.0097472292801817 1.0149244289981052
123 7.465334577485919 0.9989132054077279 0.9980082911877795 0.9974681476620297
364 7.39068767657227 1.001261761717856 1.0016889158429922 1.0018577957164678
619 0.11365208359347889 0.9999355160477307 0.99995939339602 1.0000332062149466
245 2.6163823847055028 0.9954121674358517 0.9895210510083974 0.9834515939150859
864 12.140304956701584 0.9966803894296535 0.993779444777279 0.9915414942918328
124 2.832258471793466 0.9967684813744577 0.9939248134795934 0.9912398745534307
620 5.7065046958286985 1.0001824622691438 0.999631876532316 0.9988970476765693
489 10.842838347862198 0.9960508015657215 0.9925756315576952 0.9898086750072433
365 9.246815895055988 0.9910376795977066 0.9836307504208154 0.9777241195914932
621 1.548754618732346 0.9987099483243903 0.9972669217665561 0.9957794838477733
865 5.295952688509715 0.9977771943557197 0.997113891787139 0.996737129982233
125 6.069846364409386 0.9951477785486774 0.9904776244082609 0.9860398223537449
246 8.872724335073144 1.011113367206942 1.021033999883257 1.02954720178565
490 3.7386794391059084 0.9946590576023967 0.989998044767328 0.9861450898501101
366 6.714016455620367 0.9918144133663946 0.9842314819691715 0.9776101735981474
622 2.5557871416040143 0.9987347087997072 0.9973662051997231 0.9958446222443991
491 1.8807495616929373 1.0015675618610949 1.0031874783828982 1.0046346813852434
247 11.55389889927028 1.0002432823649454 0.9974177058415272 0.994133037300746
623 0.6559063325403258 1.0002899447789397 1.0002240368347666 1.000043424643087
367 6.210594979751477 1.0034039073784142 1.0067185217592645 1.0096950653657453
866 1.3013249087598524 0.9924523939057367 0.9856800441315329 0.9795959045384405
624 5.307142428273437 1.0010206808935613 1.0020477374345063 1.0028408238876283
492 6.2210958994037355 1.0070014552831124 1.013044737227574 1.0181905077098847
248 5.154499939062589 0.9882834016526028 0.9775234392492304 0.9681613611156508
368 0.7760748799755675 1.0015466394789385 1.0023991689527694 1.0030108863404017
740 20.034436430612914 1.040760421808634 1.0829277693569406 1.1216976531526082
369 0.3461084859245602 1.0008751564498979 1.001268116322344 1.0014258219039753
625 0.32042211947918986 1.0006495872103314 1.001035103857312 1.0011589070616498
741 0.6930711950753903 0.9993470825194337 0.9989835506715492 0.9988166241512009
249 0.8727909904937405 1.0013342565236953 1.0027425805821932 1.0041116706420412
493 0.744939838486971 0.9972815193239185 0.9938315170144103 0.9905046968945909
370 2.477960716625603 1.001683457104993 1.0032604153400184 1.0046598392915316
742 1.0189608546370437 0.999059483745462 0.99808449279656 0.9972506626015801
250 10.82149812876014 0.9981762697823151 0.9978792544160915 0.9977162293355994
494 3.3020691756883025 1.0013378680428229 1.0013330015194797 1.000902117557006
371 37.04863068223858 0.9939738688835303 0.9884825366338641 0.9838187390595745
743 10.010134126712728 0.9966592075477311 0.9935907857314897 0.9909185327953474
867 1.390438342546986 0.9925826644848261 0.987384423753317 0.9839631988931488
495 5.419068744457036 0.9918951613938866 0.9858665455403774 0.9812636352967651
372 3.3940123501943162 1.0046163894238822 1.0088526233413515 1.0126901350751474
868 1.1365134449915786 0.9952346152789209 0.99162225274326 0.9887922865348279
744 2.041053099270357 0.9975640281957906 0.9955898325127496 0.9941635696617515
496 7.593371890878188 0.9960780821109065 0.9915683351850535 0.987269664341283
745 0.21047125031873293 1.0002703283155148 1.000333901337452 1.0002899567468533
373 2.9597139697634702 0.986220862176466 0.9757782959036005 0.9674651176768411
869 1.960052244407052 1.00014170504317 1.0009164302410776 1.0018047098089193
497 9.692395358542854 1.002786461780446 1.005694895925828 1.0083707341661075
374 2.3533214648705325 0.9974792450562583 0.9952385978244349 0.9931742011395084
746 10.724310037070609 0.9941816300970413 0.9896835328670399 0.9860496754154229
870 0.055425237344024936 0.9997125971257012 0.9995684026986728 0.9995037345666773
498 7.84141916320732 1.0056871966164262 1.008347845344722 1.009610337657824
375 7.987402873412066 0.9984363800070911 0.9964426707321625 0.9946227277290971
871 1.9655097404775006 0.9982346243465661 0.9964272051280373 0.9946385995684093
747 12.492803547998847 0.9937729990249092 0.9886379763946482 0.9843787917353279
872 3.866746329207672 1.0021310423713066 1.0040439878964922 1.0057049325800402
499 16.186747795229167 0.9977597043087235 0.9946667575451233 0.9915837013734817
748 9.166755927188206 1.0031073692670878 1.0070366580829138 1.0108276325402248
500 8.670170727738878 1.009775810525712 1.019974421641276 1.0294487730030735
873 1.548231873617624 0.9986023921876926 0.9965591821789042 0.994637987735797
749 8.415443762003633 1.006762815422101 1.0118611384499743 1.0158812196082156
750 1.1203661887338967 0.9983584104682843 0.9970508224497291 0.9959267848542094
874 8.989867502092238 0.9728155496618992 0.9497003862153983 0.93032769059296
875 1.2881894490092236 0.9982077156267977 0.9972890741713549 0.9968639304938253
