126 0.6909336208336754 1.0019121483300752 1.0034637494672647 1.004647803744774
376 3.4192575475826743 0.9966145543285846 0.9937927918814592 0.991403860305356
751 6.333431186056259 1.0008751476131685 1.0006893993727555 1.0003471447513717
1 1.2226251493339078 1.0048230101535982 1.007427570288823 1.008971811753931
626 4.761631783365374 0.9979260956939636 0.9956869450547322 0.9933995831196953
876 1.9045749543402053 1.002818432009573 1.0057492563180317 1.0084680567012174
377 3.662168685843426 1.005681937939365 1.0105174937497001 1.0146656752027918
501 0.48103715826982807 1.0045297148955725 1.007273718948647 1.0089627512457244
752 0.8888523611240089 1.0024060098161378 1.003726792684016 1.0044685299834635
502 1.3956370399027946 1.0027094350661843 1.004518474237279 1.0057532960763975
251 7.343684454866889 0.9879625258468081 0.9776469004488367 0.96910609672884
127 4.871650487562874 1.0154027294443027 1.0273160482379933 1.0366374521602502
627 4.993878715962637 1.0051242583186708 1.0103285962659858 1.0146989424607578
503 2.165313849132872 0.9976435889889279 0.9959650090462407 0.9947496964112602
753 0.8064585661595629 0.9996879255579731 0.9997662391718891 1.0000882589877007
877 0.8716788156416442 0.9955244390373849 0.9923445830118848 0.9900102163375644
754 3.725870697702703 1.0003526114211305 1.0009506210600032 1.001510062330107
504 1.0502501950359147 1.0016384683977664 1.0031308702605117 1.0044348444828635
252 4.011915260056412 1.0019505486189908 1.0038169544628566 1.005878217564325
128 4.132154821232689 0.9927517947471938 0.9878699427284383 0.9843109147360536
755 5.76016869331761 1.0026445381108067 1.0046846854225984 1.0063784659761983
2 7.3843262245973165 1.008879653938197 1.0172207729752596 1.02533775016644
628 1.065722095041565 0.9995043109417364 0.9984571203809381 0.9970584896731218
878 2.391818373935166 1.004156700141061 1.0085323208535373 1.0127402942242925
378 8.57366560855371 0.9875891759123331 0.9805629156917325 0.9763824105931822
505 2.8003257176278566 1.008831121518647 1.015536258789296 1.0208938412735677
129 5.879736544802654 0.9948495077072187 0.990012528774477 0.9856078089544058
253 1.8716232958777255 1.003328110309233 1.005085780785682 1.0059441755433407
379 1.4308331590837042 0.9974243463864746 0.9947448645242769 0.9921987180097503
629 0.34111691080761375 1.0009612767672134 1.0021431767006774 1.003368114684502
254 0.5937226318965259 1.0004641316345124 1.0010720296641824 1.0017148306936612
130 6.615253015959752 0.997781895336452 0.9956039746450297 0.9936193291417392
756 2.8619427114808786 0.9971195351947515 0.995218458589161 0.9937331717788636
506 1.5077354967161227 0.9983656317369914 0.9964985223606874 0.9947321632001314
879 1.7222610533590341 1.0039181257481293 1.0071085424913182 1.009549328700435
131 0.6803665885490773 1.0016458987708652 1.0028982180023438 1.00378481491996
757 0.9914925955563376 1.0014837819660718 1.0024978416551835 1.0032255606322698
630 5.199333934288006 1.00467314015131 1.008303942680173 1.0111739328929192
3 1.799116059213702 0.9966572253632334 0.9937792226056783 0.9916374513389747
255 4.154569374057246 1.0001980251954363 1.0007938359579263 1.0013699792760715
631 0.8014694439971208 1.000381474716561 1.0004284582844203 1.0002818818121189
256 1.6769735868274438 1.0000507211298328 0.9998264808925446 0.9994927765570826
132 0.0924091747001512 1.0000871609737627 0.9999680715870449 0.9997516574881096
380 0.759205415544784 1.0089990235117785 1.0164645797483416 1.0226945023949663
507 1.2003925879125745 1.0022059687788427 1.0043370972841414 1.0061151270997244
4 2.0119619560628053 0.9980921213216183 0.9970390598670535 0.9966082225285934
880 6.002174028859372 1.0041640136367709 1.0089230665030935 1.0133575662259848
632 3.491112503392287 1.0007492648504732 1.0013347976939388 1.001595356886249
257 4.073266583964141 1.0006399904944792 1.0003072318350232 0.9993816625592578
381 1.162083552335389 1.003264130689842 1.0055710682806722 1.007382636834602
758 4.220682400280566 0.9932386071324731 0.9868324760509428 0.9816825520710915
508 3.6750208919347642 1.0044619820738543 1.0079672338080212 1.0108182370655319
133 3.021748420445874 1.0033426815954873 1.0075504080460227 1.0118833933148494
881 3.5331957797643554 0.9957893618641689 0.99238742960356 0.9895576337826453
633 3.215551582576154 0.9967582020672735 0.9943083652997046 0.992248504237506
382 7.665551855208832 1.0013929619276152 1.001817929872846 1.001568966999254
759 2.0134778913834452 1.0004436203693823 1.0013047200006144 1.0025282199351624
5 10.405475391842629 0.9953147973530764 0.9920524560342402 0.9901819728257385
509 1.6913345951343217 1.0094272527836563 1.0161418435560476 1.0210476923628315
258 3.9344366506102233 0.9907419701754324 0.9830154333362789 0.9763926066912214
882 1.5663210883103602 0.9986049067770163 0.9978911893186746 0.9973892967641552
134 7.971754472457178 0.9991866118830832 0.9978662663678344 0.9967808737009316
383 2.65573434496946 0.9974809188888683 0.9952475666717148 0.9934845418181306
760 2.254880480313659 0.995656151070007 0.9925702176140749 0.9902250376337532
6 2.372770901209151 0.9978613335685557 0.9970728777225526 0.9972050124313954
510 2.4209951832181105 1.0038852261835942 1.0066030877896395 1.0084287343689047
883 4.417630500594896 1.007102592751686 1.013025641600338 1.018051284604536
135 4.104912122551468 1.009439324375036 1.0160837424566418 1.0207729475802054
634 2.3714138457144145 0.9907688852630162 0.9837200577644131 0.9779465205752905
7 1.923692803724407 0.9982345732661283 0.9966662035983024 0.9952051076098247
384 3.6828755969581835 0.993086466696646 0.9878164532442113 0.9835824487076646
259 0.6823200461913075 1.0069911134686316 1.012399147081309 1.0168321735117807
385 3.8734295822214335 0.9962046632591636 0.993130489900678 0.9906068587993061
884 3.9722159962548176 1.005445603974625 1.0104257565005403 1.0150885479840592
635 4.379516130924458 1.0058822932584581 1.0123292373095532 1.0187639373960027
136 0.7016417083668784 1.0033735098235461 1.005442517399106 1.0066161389073223
511 3.3663999028740363 1.0123988206789103 1.022976530433869 1.0323548821004913
386 0.6146013707457314 0.9972787037243181 0.9955864540535767 0.9945137608453053
260 11.836605989989039 1.0117031937805525 1.0210854697692509 1.0285803012170698
885 3.0172338485826913 1.0000293801522235 1.0001339500697315 1.0000973459623501
636 3.289545288615045 0.9999734381927625 0.9994290006126052 0.9986209195409546
8 2.1874174088352447 1.0068050534696322 1.0141498373288138 1.0211221961169854
137 1.7449439030042413 1.002579133759609 1.0051574661558613 1.007643174945359
261 4.720605145301306 1.0042648002484968 1.0076315088118681 1.0105086561771857
761 4.930279290532781 1.008288376303926 1.0152598446741583 1.0207066202573958
512 1.619787623456432 0.9995580053483213 0.9993166670489393 0.9993483862702582
138 1.7498233867809176 0.9985066996766491 0.9976541078267848 0.9971486788130268
637 0.05106123354198644 1.0003589338959091 1.0007033172837325 1.0010405601582126
762 2.3699090295103815 1.0009656569889165 1.0013720774757155 1.0013500198096992
9 8.69958424732613 1.009223902341584 1.016141280005579 1.021581504219364
886 11.594134443341318 1.0063868256801978 1.008325028805099 1.0077590981906737
139 2.4569048609555466 0.9962740837903463 0.9931383869942348 0.99042659018931
10 6.006764750332877 1.0007484795950383 1.0004312617021105 0.9997968722542965
638 4.925586775247211 1.004788640412006 1.008258896182801 1.0109527349432688
887 3.042631811236788 0.9979914321315052 0.9963423986742239 0.9948184287698899
513 0.3040862199759431 0.9969011725759155 0.994554275136064 0.9926711267224303
387 3.6409106078281184 1.0116475283535846 1.0213765749566017 1.0294957756906458
140 6.535948542781625 1.0057259114971953 1.010894105262472 1.015720376301421
763 0.6494733456274844 0.9994813735037938 0.9989070214143024 0.9981972096613334
11 3.2089208133984357 1.0030950424637248 1.0049887868924654 1.0062056045698005
514 0.9885701047132898 1.0010713071833865 1.0020269280415144 1.0028816710374107
888 1.7465793246537942 1.0020464427793603 1.0034346139687995 1.004312345899517
262 1.2699786573757592 0.9999356488790071 1.0017220629422767 1.0041463643933384
12 3.198202329216656 0.9981515111866031 0.9958240817679155 0.9933524951889047
141 3.544697592020384 0.9974114706793105 0.9946219218164479 0.9918576459703131
388 5.048650458207703 1.0122297229396113 1.0223263546224606 1.030606026407751
515 0.6602900849247817 0.9983229482731181 0.9975598928177779 0.9975044270470944
142 2.0517586674304766 1.0032229066575673 1.0059603838101396 1.0083537182413354
13 0.8556544623279478 0.9962650541362411 0.9934892835471804 0.9913113641965489
764 1.1715174931505317 0.998605350733642 0.9964272760951998 0.994252327952352
889 0.3430727212489728 0.997710108229427 0.996236950231466 0.9952904685175409
14 4.872882656176444 1.0003986343261444 1.0007463082319175 1.0011852828939665
263 3.465589254068618 0.9888507686220177 0.9797395311522461 0.9720840576588822
765 0.20889596656888898 1.000684216193261 1.0011691949130719 1.0015206525988447
389 5.937794630803182 0.9954426306351108 0.9917533619912626 0.9888672943917608
639 0.9437892908736103 0.9866113725546837 0.976044623204825 0.9676560142483501
390 3.5632577790511277 0.9980732466702773 0.9967352845289811 0.995783109212276
766 0.9893328886664676 1.0014491607236 1.0024384881716564 1.003045439872729
264 0.7192464179806848 1.0014785654411373 1.0026176642806544 1.0035366996014286
640 3.4918500491003215 1.0021178258655234 1.0047021512618866 1.0072736511907938
516 1.2604661029181443 1.001505912722442 1.0040946729708224 1.0068195508066213
15 1.0580710406029539 0.9989292767084345 0.997376582156907 0.995749703393245
143 4.965671456644486 0.9917741148726855 0.9846521833833589 0.9786788964532345
265 1.7854953637306608 0.9970529542337881 0.995205664782098 0.9940174964807222
890 2.0338210793124745 0.9929869489388921 0.9866804551641889 0.9813041982084795
767 2.8291234595453716 1.0001566719553423 1.0002814362132177 1.0001392202688848
16 1.9871895244832558 1.0005093122510267 1.0006456488996933 1.0004875526329553
391 4.143129328778741 1.0064358049897477 1.0129955509909783 1.0192438194683429
517 0.5963611807892448 0.9975277262873109 0.9957250691014944 0.9943892288128955
641 2.868910800692902 0.994332896083035 0.9904263077392053 0.987851680354608
768 0.5448361908383959 1.0007616179071037 1.0010759398978666 1.0011810514127388
17 3.7987146846771793 1.0060657439970357 1.0114963998228683 1.0162164283072792
266 4.123147685990261 0.9900559209557493 0.9811877695131932 0.9734940572643694
518 1.08537183108092 0.9978801024608369 0.9963447570864554 0.9951542610862971
144 1.2449587117607734 0.9992749122917117 0.9991733082047016 0.9996351907273184
891 3.076697330150637 0.9999841569662654 0.9986337556185757 0.9967723839982124
642 2.604580989911483 1.000371216925409 1.0010041847057556 1.0017765877140785
392 0.8596947312071279 1.000317376685613 1.000844429202046 1.001315296217101
892 2.7412520864309045 1.0030507930184 1.005966519394961 1.0089228837064035
643 3.8385538589918724 0.997266161480456 0.9949398167940368 0.9932112592838747
267 0.622394254351093 0.9966968543723108 0.9945554808824215 0.9929728863608204
519 5.690206352364839 1.0054687140330447 1.0105754674022507 1.015003942031573
145 2.8795675855926675 1.0081208641207042 1.0151326681355046 1.0209175986288281
18 2.0931458397644747 0.9980727020569348 0.995428395603709 0.9927687296094427
393 2.067514571974243 0.9987199319725657 0.9989264301797224 0.9996404729715106
769 0.5229144920049293 1.0036207223898161 1.0065395582891405 1.0089308893877877
644 3.377723686846366 0.9966757395515343 0.9943787979441596 0.9927024161654512
520 1.1375147899252624 1.0028468800260368 1.0046732106723268 1.0057737933817585
893 2.5705852090468397 0.9942926904582512 0.9908096572130871 0.9883963028883838
645 1.0706684546275937 0.9983469479449334 0.9971406339503279 0.9961654161883462
19 2.86599392727112 0.9992419942713789 0.9977079151524791 0.9958343516541651
146 0.6208042360194668 1.0003107334776873 1.0001312069944825 0.9996576796719879
394 0.6937950239625934 0.9977204969532046 0.9957389775160982 0.9941844801496328
770 1.9392599360871827 1.0108490373879098 1.019698496675161 1.027122190596663
894 0.26946882239826664 1.0001718068723744 1.0000827702492594 0.9999142881735372
20 0.7296110255956592 1.0011247737858573 1.0017640723132144 1.0019803091617436
521 1.2551129297426087 0.9966473670145016 0.9934304663053232 0.9904494779019967
895 0.6756371307383233 0.9995488820557086 0.9990306273464097 0.9985746271557533
268 3.764758492834517 1.0151113506652194 1.0267026120208105 1.0364511531081977
646 1.8700247058804962 0.9985368929114303 0.996684308831596 0.994600710128502
771 1.7226121040876023 1.0008125015670204 1.0005904596342503 0.9999019349022228
395 2.4513206900246587 0.9914095406537881 0.9850952441844661 0.9802875737831631
147 1.9292918138871755 1.0066344409652996 1.0122371158639567 1.0171920702993
269 0.45934613061035634 1.000259628835216 1.0001206444216968 0.9997621318179015
896 2.572089235203748 1.0087924284157865 1.0144176994419336 1.0182727941422451
522 1.458381992437353 1.0043188581415732 1.0085323496044794 1.012401547367451
21 2.099048993526594 1.0029842211915398 1.0052581785196946 1.0069353626136157
270 1.0312154297625966 0.9981194489381271 0.9967951628710883 0.9957199979511524
772 2.1490731083322316 0.9976057712696671 0.9961338214866609 0.9954303986413447
396 1.2643531198555138 0.9993639900176384 0.998781698133228 0.9981028511730639
148 1.9437770097447356 0.9978419266850421 0.9955178318427457 0.9932113990200153
647 1.6076992025973595 0.9981596438850725 0.9976302341619921 0.9978342828811837
22 1.3166453287594777 1.0030437586067773 1.0053328454216854 1.0069299283503166
397 1.6310596434195759 0.9995208769517951 0.9996722398098039 1.0000471834210887
773 6.10304319163879 0.9962246914527073 0.9932757578210908 0.9907048214837189
897 1.7649752412980888 0.9940986895101883 0.9898857172028901 0.9868531458776244
523 0.8405973396693298 1.0059766887534725 1.0108544012563168 1.0150217004008306
271 3.980233491087347 0.9963597367277951 0.9950533878017636 0.9948023293208876
398 0.6334854006563546 1.0020311042267245 1.003855263487899 1.0053613148027425
23 3.7863885013157415 1.01077862574392 1.0192817346637937 1.0261306824820553
149 3.013100711752486 0.9900910433373308 0.9824748721555777 0.9765147617462819
774 3.197646678159799 0.9995702462390511 0.9995759943314736 0.9994172285353508
898 2.252358373156312 1.0012923592691696 1.0024737349022435 1.0035365921502795
648 2.5536075762211112 0.9975171323889905 0.9949235323605127 0.9926662766188539
272 2.100384399811446 1.0000982268175052 1.0002210780078238 1.0005031157876723
524 0.18097169658358325 0.9982196684058547 0.9970861314755378 0.9963480205622545
150 2.285505682191797 1.0000287001375847 0.9997046194248617 0.999273536066986
775 2.4016692774202966 1.0008294151413526 1.0015613929357998 1.0023582909146138
899 0.7638647797357407 1.0035977307031458 1.0062893431715774 1.0082662467768257
24 5.673398131877548 0.9931872873748346 0.9876631152578821 0.983309425206146
525 0.8086513862162974 0.9994660734386668 0.9986021273423475 0.997576184845029
151 2.607942191281836 1.0074888119825032 1.0127042282408596 1.0165674861509
25 1.148535688091215 1.003161604508181 1.0052476174951859 1.0066968124143068
900 2.5926640467623656 0.9985180986191392 0.9965261531227129 0.9944893207901597
649 1.2410267865598144 0.9997906144088652 0.9988282470829513 0.9976723432647352
273 1.8408737078643753 1.0001035591879315 1.0010785010418772 1.0023348457655055
776 8.701456155085907 1.0001182437077072 1.0009573577936375 1.0016580782962738
274 2.2624010280815128 1.0019288775196822 1.0035182889625651 1.0049282757317823
650 0.05147615087480517 1.0002589492230285 1.0005322561596441 1.0007596147714255
152 0.9155825709713099 1.0031091736238402 1.0056532742394526 1.0076225536697443
526 5.591144537203945 1.0027822135153879 1.006675715528381 1.0108899738880526
901 3.8338893533164082 0.9976260657587315 0.9967687015840659 0.9967745840202412
651 1.3092368768466258 1.0011262408328105 1.0015584058423677 1.0016301327248938
399 1.8289044899793225 1.0042994223082617 1.0090033689731492 1.0132873999396235
26 6.321321379125948 0.9892373352993961 0.9799556842188278 0.9715659725752885
527 1.3489374287346436 1.000694982103397 1.0008900617601295 1.0008018737129039
652 1.597636715920089 0.9990003170894753 0.998350888637028 0.9978247324106235
777 1.2838729048635287 1.0001247623056972 1.0009205638377676 1.0018613881838445
275 0.7072149107152654 1.00065869779536 1.0012571890066624 1.0019129361584902
153 7.622821983199174 0.9992232944217352 0.9995649983932037 1.0004643645877818
902 2.021383353299825 0.993835590920981 0.9890202850810068 0.9852383235933192
27 0.06646340653605876 1.0011271646913762 1.0020254948918181 1.0027588642278997
653 4.24046348914635 0.9996506319125597 0.9992882518030897 0.999116740177358
276 3.4914077447974705 1.0024523261352343 1.0049550074509206 1.0072897110441734
778 3.1745439800652093 0.9992698071752221 0.9994356011195605 0.9999168087050397
528 0.4556962057904457 1.0010693672716557 1.0022457800362738 1.0034694630441523
154 0.8072269498770765 0.9997248161914682 0.9993156058620941 0.9989610600201545
28 2.194438640593944 0.9967438067063329 0.99391059628044 0.9915600200748458
155 0.3571139507166663 1.0007769767607115 1.0011340277128868 1.0012905016129034
277 1.5753484515407763 0.9994488258023652 0.9993317668263791 0.999331259458689
779 7.089740022196565 0.9999204091193055 1.0005291146209288 1.0014307702963898
903 5.084937065406848 1.0104847394729959 1.0196781364149266 1.0275566190990695
529 2.9259523082455416 0.9962147363981494 0.9938411776809213 0.9921660486285516
29 2.922141905823082 0.9924820646699029 0.9871336320549908 0.9830918706671292
400 5.957439066723964 1.0028294583998771 1.007192253718259 1.0118898182211535
904 1.8110906213114504 1.0000980450636734 1.0004427587904619 1.0008586069707215
156 1.2547160915546556 1.0005536661405976 1.0013328794528584 1.0023442494424335
780 2.4413259031898633 1.000596841548795 1.0005342814657365 1.00010280391499
530 2.258185892700567 0.9976530520207719 0.9958435393860534 0.9941880249713276
401 1.1934716927262343 0.9966791373578089 0.9939591584873138 0.9917317210863742
30 1.9392313393818768 0.998876237719816 0.9975700577412956 0.9962691975110843
157 7.4894931152775825 1.0019748704769431 1.0042604639226689 1.0065917920748009
654 7.037251243536957 1.0071369864846245 1.0127883900635595 1.0179413900101495
905 1.8685651898686046 0.9993698223776716 0.9992807557172855 0.9996953644022551
531 3.6148764728241076 1.0001586444444481 0.9997245085042064 0.9991529955870891
781 2.948149884981831 0.995237791881962 0.9910592588457501 0.9873209890100321
906 1.6047195702540193 0.9988900736823324 0.9982903646884951 0.9979737745019895
31 2.270108875771257 1.0025266751921569 1.0038992567513025 1.0045145127514172
782 5.265493570799663 1.002742358075705 1.005151809794852 1.0072818357236912
158 1.0116258608177304 1.0028671592770508 1.004757339392311 1.006142304956157
907 2.7250488387398946 0.9973768428883498 0.9952356138066484 0.9933783511487246
402 5.749827282235856 0.9860385839392227 0.9757716684576888 0.968187079798119
532 3.8903124889202445 0.9997387886988517 1.000637723225745 1.0019195919812112
278 3.810693821957102 1.0030960160751121 1.007866518030344 1.0132052186409544
32 0.3685751448319934 0.9972101816648565 0.9951403350183411 0.9935396398203067
655 0.4370119436098321 0.9974597006539627 0.9950045945489051 0.9926974812712939
783 1.121920894493087 1.0026390824050435 1.0040571363765851 1.0048149030680327
908 0.7387204541482788 0.9981318342244796 0.9966573836808934 0.9954676870700323
403 1.5092962617109151 0.9990071868054907 0.9985538356966355 0.9983351655196244
533 0.9913973414350039 0.999239483385253 0.9980518459659732 0.9968919367789727
279 1.9022361719653418 1.0022911689713214 1.0036992546282755 1.0045557859579146
159 2.0559505361889023 1.0026661476337464 1.005315481486201 1.0079525833662841
33 0.9410101977264276 1.0013885879231892 1.0022038088635208 1.0026156272607474
404 4.047891780410282 1.0019933006218926 1.0035456310142892 1.0046384758111688
909 1.8651751993165817 1.0021674024772558 1.0036422248089365 1.004666030375894
656 7.0050652796599024 0.9951324668043195 0.9911315933777275 0.9879694125174459
34 1.5446307119018456 0.9972645745888892 0.9952249913194516 0.993709772458736
405 7.200910315352303 1.0009295240111 1.0017378242975186 1.0023199169183843
280 1.1958841444557038 1.0001686788847086 1.000477244931367 1.0006459691008942
657 1.0108079411893414 0.9987368828957551 0.997584171745481 0.9963872061401917
160 5.439658820387194 1.0066365769923478 1.010846057138187 1.013146554074504
784 7.510426133632791 0.9914822112791692 0.9855228945286972 0.9808779254386778
910 3.172746292535521 1.0031857386780065 1.0052479140761075 1.006565516101884
406 0.9667933567779983 0.9982098752573639 0.9966421482364453 0.9952816183217178
911 0.5326951707102126 1.0008753992030333 1.001358016407777 1.001628240042177
35 5.761926897121157 1.0061212446124659 1.0125498459326907 1.0189226691023427
281 1.7253941291437513 0.9978343583694143 0.9964252283894101 0.9955107147482588
534 4.843004009246215 1.0079028050281258 1.0134455639326352 1.0181812261960854
407 1.7580332675042882 1.0031862767860116 1.0056344069775567 1.0075305032662005
36 0.32354056491203664 0.9994517040590353 0.9986634514559148 0.9977795033968822
785 1.1621975560246938 0.9973456731348395 0.9956640651927622 0.9944366891585115
912 3.898648761867662 1.001559094863951 1.0036813258588952 1.005840085127204
786 0.6608277678260492 0.9977006836282615 0.9957460599746892 0.9941793856349799
535 12.18648756568291 0.9910789495980382 0.9844766456645375 0.9794932103873142
282 2.247857890522937 0.9979963677303415 0.9969731972818405 0.9964478149255731
37 3.0340248377142416 0.9937748275228231 0.9889305619514313 0.9849847132187017
658 1.5715541844056133 1.009242380016671 1.0162149177489874 1.021613102755898
787 7.832331261695799 1.0037786221650271 1.0047211720760307 1.0041494697777331
38 5.706915884789851 0.9968852431169011 0.9936419956003626 0.9906168102122797
283 3.7848267727258644 1.0045796253119283 1.0084740922429454 1.0119973580587591
536 5.1605720890092925 1.002093505154151 1.005103475274422 1.0085811318830313
659 2.1879595859700203 0.9962195989350079 0.9933222331508502 0.9908595152384756
788 1.3119111478972627 1.0013732201814083 1.0022889590864228 1.0028660834210374
39 2.4105243696958496 1.002002301820908 1.0038953461066884 1.0054963092033307
913 3.0988866212501307 1.0126485745326728 1.023785394746515 1.033111316640924
161 3.0821917180310265 1.0082304775514432 1.0136422926653237 1.0176814954103568
408 4.999489820611416 0.9921252957673314 0.9886339422325069 0.9871484065072246
914 1.0203828137291566 1.0008828467173856 1.0009650230534726 1.0006083281902503
537 2.3048950880711345 0.9941283977002953 0.9907775980453927 0.9890517075409236
660 6.77821484236847 0.9993513574955074 1.0000583966540701 1.0012613613701853
284 3.384377728747495 0.9971292557678829 0.9942595527305391 0.9917195399568519
40 0.8282946209237707 1.0021629039689313 1.0038562168911895 1.0051200101797246
915 0.19961910471465671 1.0007045356571218 1.0013414368364222 1.0018973995677434
789 0.2638943100009783 0.9999706111586087 1.0005264236156304 1.0012673214702161
538 0.35831160594352696 1.0008246141302855 1.0013519716024273 1.001692314231809
661 0.9792436443676706 0.9998176890327857 0.9999482827373655 1.0002669158350586
41 8.72478589671664 0.9966562208962354 0.9937308154651681 0.9912614312456454
285 9.035508330651282 0.9980566334574236 0.9959642171151726 0.9937500584228124
409 2.330704880425401 0.9982301357302181 0.997462525665533 0.9971061737892829
790 2.760301164820703 1.0024670547704424 1.0037069963454224 1.0042131376370358
162 0.33912601225893013 1.0042368605190877 1.0074294628608331 1.0099196906083463
916 0.8635597287702694 1.001000739825552 1.0015398349080868 1.0018592405914517
539 8.53176773922678 1.002189186552444 1.004625145663476 1.0070673925816631
42 4.191552079511894 0.9985361353689732 0.9967125277818655 0.9948092310131748
286 4.429271965482258 0.9941741388515973 0.989590183479052 0.9860483845638025
662 2.8035171984993212 1.007474119044787 1.0145930572982065 1.0208025638015754
791 3.334813796023809 0.9979426038939802 0.9971137029479386 0.9970154383015246
410 0.6337054223677114 1.0000660347069854 0.9996676997764941 0.9990690145372424
43 2.7427700981734233 1.0006044048463505 1.0018908810401417 1.0033780944358461
663 2.5447372244616417 0.996883634993811 0.9945367011232781 0.9925583446389761
540 3.2429216900145548 0.9908086490695137 0.9833811060643446 0.9771672868490663
792 1.6009591309593816 0.9982007894110779 0.9968005940778559 0.9957309078288423
917 6.575411351032017 0.9931139050841333 0.988536116270019 0.9855922383172603
163 2.923466762280441 0.9927591238438457 0.9878078383722647 0.9839474101271142
44 0.5145420183816896 0.9996792349999256 0.9994186884754745 0.999115589114947
793 2.4654310188307136 0.9997287100218193 1.0003453477581916 1.0011561510419613
794 1.1190410321778472 1.000060409180897 0.9998483297647907 0.9996216695024887
541 2.7724530738487374 1.0004880765017792 1.0007485317538627 1.001144898172302
411 0.8187284427222039 0.9951498920322962 0.9916637642313607 0.9888811453982073
287 1.1892326290690107 1.0005472813347591 1.0006245912649623 1.0001269167244655
45 2.0078390253656835 0.9967216842743658 0.9945868188176527 0.9930680540463919
918 3.16258860014932 0.9912950005180686 0.9828568994434107 0.9750859589877225
664 0.5348976378427324 0.9947421060608433 0.9904690759130214 0.9871696046408035
542 1.4319735053104523 1.0005849966255955 1.0008572399169926 1.0008827865338585
288 0.8099649885443796 1.0009840402299675 1.001168909616212 1.0010432894529655
164 6.026968751395543 0.9978435745674564 0.9958017380014561 0.9945873306226338
412 3.1836359433364123 1.0051683162550522 1.009534481359704 1.0132645107352491
289 3.631667871726677 1.0048528682479403 1.0089508815270607 1.0124354336687071
46 4.379607161978129 1.0075612979071809 1.0143310332999547 1.0202917330009942
665 7.728747330931583 0.996251713374128 0.9920105152566053 0.9878561070406138
413 4.362064937138712 1.002501642400147 1.005659985871589 1.0090764905493248
795 0.24822438838964445 1.0061600757029217 1.0106249160286958 1.0140753982083277
165 0.8103101534470625 0.999666055100247 1.0002760817692706 1.0011509102685074
543 1.7357038608588482 1.006533602966138 1.0118865727800526 1.0161617407483057
290 2.437754178432442 1.00119156402249 1.0032224902447788 1.0054320639052083
47 1.679425353091574 0.9905367391525135 0.9834495302400862 0.9778494492499573
414 2.4243076945640496 0.9971824651329345 0.9941783384343832 0.9911998489757818
796 2.6682768501177634 0.9952496696500558 0.992280567576001 0.9902161673997358
666 1.231199328747607 1.004484882265893 1.007467229731143 1.0094532985161144
48 3.359962597674894 1.0041583754461891 1.0077411034835702 1.01078146608133
544 5.7029616053278005 1.0052983873789796 1.0098660571365532 1.0135687578410613
291 0.6613601427725371 1.0017092419927724 1.003656221584674 1.0056880147022074
166 3.1270430489676073 1.002402159891493 1.0053878468427726 1.008599043896447
415 8.830209073345031 0.9963329372494382 0.9944801401876014 0.9937549663062478
797 1.0252951238653623 1.0006094688596814 1.001296729658735 1.0018855858344022
545 1.1433792401840037 1.0003506329184753 1.0001605116625272 0.9996632547207761
49 1.697297047741813 0.9999169691636148 0.9993254381158136 0.9986426231740643
667 1.412826524285265 0.9949058738049565 0.9908296474295204 0.9876010916972443
919 6.74671779804703 1.0174271015714458 1.0318198282035314 1.0438531291995805
292 3.42259431815728 0.9902265800872441 0.9827605863724624 0.9768541825901254
798 3.0966730621566967 1.0029824146692703 1.00530859545172 1.0070687653491266
167 3.6099037972180668 0.9970629952621621 0.994508788713308 0.9921871719419676
416 2.6858700708489778 0.9997224056071846 0.9988461021349335 0.9974646900634815
546 4.6903403428405 1.0009411165070747 1.0015358758960908 1.002060406813333
668 0.9369932737299678 0.9994617439114323 0.9990076142829496 0.9985702035294718
50 0.69161064648506 1.001308928893505 1.0026559604857972 1.003999630695266
799 0.30093400415353244 0.9987577026405067 0.9978491077399091 0.9971825741513888
547 3.0869040453653724 1.0038632667673864 1.007074379465778 1.0098295334407255
51 0.2988572083722829 0.998170103950533 0.9967748833216475 0.9956474721432365
417 1.8018959453802381 1.000124915070035 0.9990572671027267 0.9974057924192783
168 0.40286731659398356 0.9983234222518559 0.9976991626242272 0.9974795386027284
800 1.129807387227629 1.0035927543271808 1.0062119956564386 1.0080380564247549
293 1.3908497493084724 1.0045253442466406 1.0076005303645856 1.0098073683769033
669 0.37497411107869993 0.9994572601456219 0.9993350070246124 0.9994876510074772
548 1.4624957769065077 1.0034453257980185 1.0061325358799675 1.0082437583734372
294 1.189449067473106 0.9994544901714978 0.9987748135172544 0.9979701684512506
920 5.798134511747776 0.9920444799971071 0.9864053112234654 0.9826775380868901
52 1.2243791659075214 1.0030893985166813 1.005606291802088 1.0077177519968035
418 3.2628210487200704 1.0003270752764675 1.000737889063116 1.00142991962529
670 7.642217201013409 0.9945122397044225 0.9906823569765177 0.9878079271489275
801 2.6769901088082406 0.9963302493625686 0.9927587452811911 0.98945094312462
169 1.6842758493912697 1.0007329120325283 1.001463331935885 1.0018982746153289
921 1.2305230021156603 1.0025135334539412 1.0044001785801882 1.0057783863022207
671 2.4932298381318105 1.0041261806311423 1.0072709842619947 1.0095726129821243
170 2.3213048922116286 1.0016934133122266 1.003482488887802 1.005139414090442
802 1.3633837275792757 0.9992282597151605 0.9984561773568232 0.9975530398788178
53 0.13297381098709593 1.0021044959248702 1.0040081072126266 1.0055931508089455
549 4.445968524134514 1.010964596981004 1.0190008313344556 1.024829441427946
295 10.012098442221031 1.0073298287300088 1.0145812302552262 1.0212323216281645
922 1.262198032824017 0.9984523837728102 0.9975502919000871 0.9969244539023946
419 3.454996481541457 1.0008994136501588 1.0028856946247986 1.0049166622754697
672 1.5549062602494814 1.0026275977930863 1.0040446212526628 1.004748224739189
803 5.27731040231447 0.9964450029916478 0.9941607882208381 0.9928514794081005
296 1.0453047909959423 0.99931074198625 0.9988336935974946 0.9985664231653201
54 7.085019457081216 1.004322676261695 1.0071932690851126 1.0093087349825194
420 0.6592378295645176 1.0008670728122941 1.0014665101039852 1.0019031118902122
171 2.49286183413642 1.0023611562190944 1.004810111551346 1.007254584008317
550 1.3940618997094134 0.9988945381355684 0.998548661722979 0.9985535647734776
923 1.8944604221687769 0.9980715405408135 0.9969104800543819 0.9962631228369395
55 3.7522442595636676 1.0010761795960104 1.002434301674629 1.0036256972897601
551 1.560853298225993 1.0012455145317423 1.002369168981595 1.0033982490931004
421 6.014708385893755 0.9899639679591046 0.9809432995397809 0.9728334869800368
172 1.7037374238025222 1.0021076544677368 1.0040393804663421 1.0058756004278382
924 0.10072954182396643 0.9999686622099501 0.9999616178959636 0.9999441326677843
804 0.024285720421175938 0.9996398624377404 0.9992863340289506 0.9989211869158428
56 7.179736441818022 1.00579225967664 1.0098681352551442 1.0123158158706558
925 0.9527894272032427 0.9979488161354834 0.9963595994172778 0.9951485488282903
805 1.1330016011888802 0.998319561382763 0.9964237069890105 0.9945802640562624
57 0.3568370528628293 0.9992992032674693 0.9986104131195046 0.9978955960706061
673 3.7463454899698263 1.007055498838177 1.0150697548308047 1.0224976624727609
173 7.30718367861482 1.0021042977751298 1.0022723857039657 1.0012245663236434
297 3.1277187169907847 0.9875085366236926 0.9776965003314396 0.9702164864098207
806 2.329918258008547 0.9930436047455609 0.9875225452054748 0.9831407320678632
58 3.1156399130468344 1.0075867174915354 1.013845650108724 1.0190429070314553
174 2.982083896182303 1.001475931384921 1.002863987538963 1.0039446127300078
552 6.381829152125647 1.0274543989849234 1.0453331651410953 1.0578918923926317
298 1.588023179450829 0.9966755873217578 0.995025486659505 0.9942108669681887
807 3.3058581651257555 0.9982573910803964 0.9963520274563009 0.9943164367461456
422 9.322568518678963 1.0011406114954025 1.0047713107554008 1.0095431700867665
553 0.31423487352549273 1.0001707478350221 1.0005225692720043 1.0009826886963178
59 5.463688446438027 1.006901259769365 1.0127957748860181 1.0178760782203333
175 6.5758554425192415 0.9944437038522901 0.9898438638250542 0.9862422645072398
423 0.6218299371394096 1.0007775397070995 1.001098211595194 1.0012128773763542
926 0.4571937462715141 1.0069060146416642 1.0128938552113467 1.0182554715827832
808 2.586701577407439 1.0036100827630676 1.0063486073709706 1.0084806586511603
299 0.888217462137618 1.0036497745031658 1.006735680239966 1.0092945564570266
176 2.6959592671555583 0.9968851332687955 0.9941759076858222 0.9918367779227248
927 2.9105356714862864 0.9997543683960035 1.000394599885328 1.001539623152279
809 2.771724658756284 0.9942283108605061 0.990234139149389 0.9873213080185296
674 2.6378963855295297 0.9903827605586305 0.9812368380700358 0.9726763360163826
554 2.337861311936649 1.0035214141343438 1.0055720727988287 1.0067621096101345
300 1.4199967264612496 0.9992599761098298 0.9976098093945097 0.9955833512172009
810 2.240953315518709 1.0020989992948055 1.0036184421417296 1.0048413453497904
555 4.274038282943366 0.9976258640216038 0.9957906140643641 0.9940544492552597
60 9.797830247858656 0.9868539774871176 0.975759104429208 0.9664356545394566
675 5.1002650495720445 0.9990080603788778 0.9985811964636131 0.9986022368187727
301 1.416886256856742 0.9948398759922996 0.9906582307576607 0.9872220366382906
811 2.1974963725770067 0.9960414863630506 0.9929802797985556 0.9905855616851085
676 4.083973159073139 0.9994130179002804 0.9995411290120783 1.0001180473022868
61 1.252632435393025 1.0029529091912648 1.005331698448957 1.0072368311725428
928 1.3739983350042166 0.9956027135724745 0.9925663889646337 0.9901367459222714
556 2.429656497854012 0.9911315740794248 0.9835246060827867 0.9770712537656461
677 0.14504357405530754 0.9995164950549861 0.9990860449772695 0.9987475953799321
62 0.19531954226113157 0.9995842093717844 0.9990755941734986 0.9985854834736763
424 9.004285690303732 0.9992781542373482 1.0024886250849172 1.0075748316266007
302 0.8115474552469095 1.002804377327453 1.0036202197033022 1.003643565555967
929 3.81461042774572 1.0024923676480846 1.0033668372412188 1.00353757538616
812 4.145709520456876 0.9903523221083406 0.9829384618881745 0.9772347627981705
678 2.1510901719921094 0.9995183571610463 0.9990669335785384 0.9985542207741195
557 14.095312015429954 1.0051565731526295 1.0097256388575666 1.0133495511119592
930 2.458611025753271 0.9976284548134764 0.9957020844459812 0.9940710699498836
303 1.9084125805384247 0.9977598187454384 0.9959427491021053 0.9944994207307228
425 5.1530621646670625 0.9919494501930438 0.9868903589222248 0.9835941817077705
63 2.3546646576869534 1.0010097297204952 1.0026745026163244 1.0045709248172727
679 7.397298676742139 0.9920536346319538 0.9850963021016405 0.9790867666197505
64 8.380448751879157 1.0018846244448871 1.0040034768452508 1.0059887703043051
931 1.1748793532242416 1.0050147343104714 1.0088976064150064 1.012063377369448
426 0.4809549770925514 0.9982646377806268 0.9970471119907444 0.9961331708936335
558 6.237076111143324 0.9904629534290692 0.9827940771674694 0.9767985210824435
65 1.2273660164264584 1.0016171967436631 1.0027892341795759 1.0036330138984237
813 8.152082601056463 1.0218363105136856 1.0404166241180843 1.0561422431222536
304 3.6691429843212973 1.0078501716075565 1.0155056364475992 1.0224895498343822
680 1.3876262921894522 1.003597511221805 1.0073390120314154 1.0108711217134723
305 0.5685864080187457 0.9993809087394085 0.9988581409730218 0.9983820886260372
814 0.7946261329088884 1.0012154671685056 1.0023971592945706 1.0034388814479696
559 1.169671851057501 0.9998597613217963 0.9992999154021622 0.998493332832085
932 6.134505279853329 0.9938382945594035 0.9873728697050705 0.9807909833147136
681 6.4327625791338505 1.0010644895246639 1.002336585629017 1.003405043267172
66 1.4018341059017985 1.0073074577549077 1.0119006250006968 1.015177092786406
177 2.9468702618123643 0.9654393331304512 0.9399441537289238 0.9207999246116252
427 1.0979434064011002 0.9963355479467304 0.9937334371372982 0.9919254211912469
67 0.697229174675158 1.0013076612502492 1.0020893395081545 1.0025794376648822
933 4.097044681084299 1.0031281975196924 1.0049201086482304 1.005895870767903
306 0.7248014195738506 0.996957845432887 0.9945245507220918 0.9926597950140941
682 0.7932944714611949 0.9977439953820229 0.9959941078598331 0.9946385254528702
560 0.9820103811507579 1.0005599018689577 1.002037560775838 1.003816231970134
428 2.173477299969818 1.0018944923171607 1.0033889134838605 1.0047013718293138
815 4.601845490024061 0.9957486211886225 0.9925949880277984 0.9904718426654976
178 1.4247038892535784 0.9955501490004374 0.9917905973869764 0.9887326699994661
934 2.6234097369069787 0.9939341604715561 0.9896781785816808 0.9865334319490557
816 1.3110387042252114 0.996322146688247 0.9936240043140059 0.9916090651142331
307 1.310297930120214 1.0041548439275496 1.0076814438169517 1.0108864336573975
179 3.640753145873532 0.9993684407228786 0.9981075193585804 0.9966114006266539
683 1.8472944937020657 1.004759235823674 1.0088673132591037 1.012266069577782
68 4.894218060262574 0.9975315524276639 0.9971259338851438 0.9974201906581464
684 4.343255086629142 1.0033173578998549 1.0059789827006274 1.0081287989357268
561 4.944615716794942 0.9890915284462003 0.9818828166859538 0.9766324626213295
429 1.1795021827183518 0.9959478027581584 0.9923707824751034 0.9894239984782397
308 4.273275452193047 0.9914712584270956 0.9849512319249143 0.9799697664262348
180 6.9569357688997115 0.9955520379933402 0.9913212011694299 0.9875013726323729
935 0.5977843766195292 1.00620172197928 1.0112136885523415 1.0151805196639285
685 3.0582834916021966 0.9980997449868247 0.9965182220972335 0.9950531323147996
309 1.3807422364407103 1.001671222419045 1.0024825473311605 1.0028044228030126
817 1.3072928810252051 1.0063532324386497 1.0119060112435907 1.0166348617841732
936 0.8709454347936116 1.0005611874243345 1.000848559716889 1.0009350176393979
430 1.0993123377575102 0.9986480502033538 0.9981061479730458 0.9981371116750516
562 7.713184364820336 1.0053838587122845 1.0103808303823862 1.0147962271106645
181 3.264400749483684 0.9941850020539805 0.9889002271977861 0.9843507324959216
69 6.194200171968987 0.9901148449696053 0.9835537063059325 0.9789043353117751
310 2.401926192087558 0.9974881724445044 0.9955413420367187 0.9940079362228035
686 1.3259442337530345 0.9941350742888019 0.9894707738960964 0.9856454370825016
311 2.008916484641304 0.9991154257119845 0.9993367787460149 1.0002230269739776
937 4.878486296614938 0.9955272585292824 0.991520503138657 0.9877515202382187
818 1.173970243346048 1.0029040017720656 1.0059273574563663 1.0087513252842628
563 2.2677539659016475 0.9936537262853905 0.987860481262307 0.982589102237891
687 3.1879761581640196 0.9944012246669202 0.9898613311201195 0.9861288597599782
938 0.06278251337971597 0.9989456819767154 0.9981518189163466 0.9975006784709869
70 6.486511060888006 0.9946727431691845 0.990797461996559 0.9884641881639911
431 9.66564157067478 0.9819226084740136 0.9682842239187239 0.9578689354591141
182 0.18084216140778153 0.9984447924388707 0.9974656264022637 0.9968605771927221
564 0.4641039507841924 1.0007908668226753 1.0014158341470916 1.001729934885089
819 1.0842977994889225 1.000577086424063 1.0009310046954802 1.0012783052249563
432 6.251054937041772 0.999353336406726 0.9980552917046923 0.9965549381981148
183 0.762707113963188 1.001306573673155 1.0023031312732353 1.0030429628326654
312 12.141349136649296 0.9964836991982706 0.994431945825618 0.992516526631074
939 1.4929598556063866 0.998416733029411 0.9980960191094221 0.9984991137576268
71 4.100051838817308 0.9979077681383806 0.9962107127140306 0.9950324812538556
820 1.711909943842329 1.0069465688158665 1.012613401850311 1.0175557629623098
565 3.2621501265275583 1.0012813945709853 1.0031271953344065 1.0048650407284145
688 6.255025733456932 0.9932515151187096 0.9889284214697835 0.9859222989076772
940 4.192656975457794 1.0042308970338312 1.0079333551794247 1.0111289619457424
72 1.3759430612280994 0.9997882976204915 0.9996228046774364 0.9993520577692988
313 0.15609429468349845 1.0035403776106067 1.0063539939267092 1.0086380793677792
566 3.051460773902363 1.0007609776712234 1.001615407721156 1.0023715044656656
821 2.1191212350422575 1.0058822323806182 1.0110381393183114 1.0154376871600057
184 1.806110669112968 0.9998006340520308 0.9995087630652345 0.9990406504368136
433 3.354050943005859 0.9952873001738531 0.9916032370395139 0.9888266338351444
314 3.156778613647475 1.001417441069837 1.0021561370964818 1.002461697974132
567 4.7312441469184705 0.9965781720635031 0.9935069013096858 0.9906295450330571
315 1.2384509914209048 1.0021795780804261 1.004151915848483 1.005755904281556
941 0.5516468953865115 0.9976141326594038 0.9964272035825851 0.99591520018633
822 2.9254090517752047 0.9944074711202463 0.9905616058330695 0.987873770150388
942 2.5582693672258756 0.9997036466049068 0.9995176843523325 0.9995146475278369
185 4.478746184273405 0.9971983155653484 0.9967637310160994 0.9979031703341217
823 8.275687095559988 0.9974542428097747 0.994235488447861 0.9906952883268878
73 5.963608977595868 1.012330606893088 1.0214194184470633 1.0279254670224118
316 0.8264682285644085 1.0051427477675476 1.0086883412629095 1.0113203382170155
568 1.723058640907766 1.001395095465389 1.001524662484765 1.0009416481641273
434 6.275139301882518 1.0120107720158331 1.0231651871936907 1.0335176496875056
317 4.334951750610344 1.0010053122780411 1.0018826023611804 1.002516526488047
689 8.427217554526578 1.0139427299785087 1.0292099063451847 1.0447387098434966
186 0.3994762319016445 1.0001802924250087 1.0011419530554129 1.0024529735317067
74 5.65405880655635 1.003664718110275 1.0069167625853095 1.0094295837061074
435 1.9387728720994346 0.998785032738866 0.9984007384772721 0.9982953592994516
824 6.829844669387967 0.9927635052116085 0.9891931352341907 0.9871843429474871
187 2.812594705959782 1.0015021002320839 1.0022263222501167 1.0024578766609558
75 3.3763835249701515 0.9955475262886526 0.9918085019922075 0.9887590201833186
569 6.4703081006500724 1.007974785071217 1.0117293947950758 1.013007868773931
943 2.3094498700957047 0.9976299486247756 0.9997050761640611 1.0035533035113686
318 3.111295642784171 0.9999432454435583 0.9987566391162678 0.9973179221905638
436 5.133557494978959 1.00369651528259 1.0074485670267848 1.0106198468471472
570 4.8550498765434895 1.0024434242128892 1.0042482958865508 1.005508587305867
188 0.41103692794604285 1.0022789586408636 1.0042247765485155 1.005934329291358
76 1.3981715162080945 1.0016995998246845 1.0032348017245387 1.0047014191255736
319 0.5688671251336928 1.0005434293622302 1.000953375536503 1.001363513906302
571 1.211114083924258 1.0000652465946636 0.9996345666423566 0.99905508509926
825 7.667122506039959 0.9826430203468756 0.9685218227373686 0.9572243396043565
77 1.5962857557115058 0.9972868923132091 0.9954904861502827 0.9943077573988817
690 2.24238572203285 1.0022119387834505 1.0050415520381006 1.0078914260039182
320 0.3044467912914115 0.9989598831598684 0.998294178466616 0.9978893482694492
944 1.7245552075510204 0.997258490161862 0.9944800185948075 0.9920426111037666
572 1.5081487933621247 1.0031951761413658 1.0058144438646388 1.007999228303982
78 3.0066765903993655 0.9997859727105588 0.9999334295240695 1.0003693862360292
189 3.664194389824843 0.9920391850697923 0.9877342247033656 0.9851700675141287
437 1.2101662820059573 0.996645881959022 0.9943738344821903 0.9929816843358079
826 4.1689274803538865 1.0018294053308143 1.0044759451534353 1.0075732869991312
691 3.8173833574510354 0.9919751625590371 0.9856228395588585 0.980360932440788
321 1.0086299701106327 0.9993179599777344 0.9984984590578536 0.9977579850278067
79 4.911134564343229 0.9993098540946446 0.9994496298936961 0.9998220684897696
190 0.951896318787476 0.9993697617339535 0.9991795782758728 0.9991519295398245
573 0.8945223755836196 1.0055707312562137 1.0097007918944507 1.0128474704922055
827 1.6388559666866058 0.9980966312468882 0.9970459302754137 0.9964279401975864
438 3.5955023688547953 1.004451853115216 1.007171873979929 1.0085777569814542
945 0.9681913817566965 1.0007993506312378 1.0022108642829772 1.0040127235189331
574 6.002783991469187 1.003542984300593 1.0071827271341756 1.0106290529297017
322 2.691907391166751 1.005515009268137 1.0076379372856739 1.0083252998067498
439 1.5023327021808655 1.0016546137321762 1.002365414656048 1.0024690253427093
946 3.067800138211169 1.0026475144278413 1.0049287198317467 1.0070005740959305
575 3.2213035749809933 1.0014822299611998 1.0017121947929812 1.001157442953917
80 3.2884866363019682 1.0208471145164297 1.0350152324013002 1.0450046366997172
440 2.011898984428626 0.9994141110698346 0.998643666337354 0.9977693949310453
576 3.169429326477257 0.996614455000815 0.9950515572084369 0.9942974888165111
323 3.560113912828456 0.9934123996833345 0.9881693003900646 0.9841226742876424
828 1.790926216290245 1.0025978534134645 1.005195574635553 1.00728314775496
692 13.006947159181436 1.0152119625153975 1.030710868385842 1.0445119361562796
81 1.2552518929496728 1.0027187530765371 1.0044855670112933 1.0057226173155458
191 7.357275584183299 1.0086220154014425 1.0141858081225565 1.0186856265076936
577 1.317693444654651 0.9971011512257245 0.9947789921510773 0.9926886092678896
947 2.275804728809817 1.0024093654842074 1.0047196751178225 1.0070808358860766
82 4.640337565409936 1.004352531620474 1.0079536236267252 1.0109357069780749
324 4.266928729262872 0.9990941404524514 0.9979880544321958 0.9970219678424486
693 0.36456056789938884 0.9991239940721706 0.9986920712374181 0.9984413433969402
578 2.1042025314563944 1.0006138872362673 1.000941279838484 1.001039561598434
948 2.5356488452016492 1.001887100712914 1.0033160209375247 1.00456396014197
83 1.4845416372190812 1.0024043255904616 1.0035001605240088 1.0039236384230295
325 0.17231560952131986 0.9999910016928666 0.9999239438141861 0.9997915587311315
579 2.2320383369296906 0.998871339676519 0.9976861893036827 0.9966002502151381
192 0.4684974342108035 1.0031629694320825 1.0059357876471129 1.0083024682694834
694 2.416555031471944 0.9926577931007009 0.9873446961631218 0.9833003564460605
441 11.342896820453461 1.0081031495645423 1.016695206131866 1.0254831083032045
949 2.3248401318651304 1.0003467344023156 0.9999992305251586 0.9992856368985557
84 0.4513440005139273 1.0010701626599117 1.0019221908921445 1.0026741709404996
695 3.5609242557511607 1.0004165800935916 1.0014976058024623 1.0027268825529605
326 6.692434487231367 0.9945016906788535 0.9915618516112651 0.9899580492331285
193 2.085176553870042 0.9981962328231925 0.9976412819419224 0.9976422812197159
580 1.1776663008276955 0.9977853131514338 0.9961888106140979 0.9950290809151516
581 0.3757371458268608 0.9998417153722701 0.9995939749033915 0.999373503513126
442 3.4652903903534025 1.0000978714029203 0.9996865616412302 0.9987776603669544
85 6.23502340995401 0.998796572847616 0.9974491216341006 0.9957463216483565
194 3.3255214276432525 0.9934349573843784 0.9886923837653648 0.9852025581426633
829 6.328497943972252 1.0129456169032334 1.024249973034383 1.0337235796557467
696 3.5903008001805574 0.9968565234069819 0.9940980727982839 0.9920333457873497
86 0.37473120580216346 0.9990229005022381 0.9983349562429561 0.9977982647940966
195 0.9999308348960767 0.9964712036355582 0.9934747818769402 0.9908833270545258
582 1.839267730636493 1.0060525515176282 1.0104025059203139 1.0138276100369485
443 0.9186273830382561 0.9920573503479592 0.9854795036872072 0.9798288896352344
950 3.102904286770354 0.9975010213995791 0.9958353802039976 0.9941944735178389
87 1.0468230334208783 1.000960338919219 1.0021571478290727 1.0034830437073217
830 1.7034485550575482 0.9958402989314707 0.991965010981282 0.9884621220435893
196 3.5054601720676146 0.9986945662678797 0.9972881893195766 0.9960719033424246
327 9.238842245977139 1.012250118476005 1.023430304966114 1.0333739189881808
951 3.979305358750935 0.9972151235586314 0.9941626197766614 0.9908459514971071
831 2.3856282186079625 1.000433861006416 1.0007748833890873 1.0009093537971376
444 1.0940405890323746 1.0010326273157046 1.0022878948522165 1.0034548243566805
197 3.1592491606661497 1.003638983306259 1.0060854529818646 1.0078504718611963
583 9.89002552263446 1.0166673383719094 1.0295333887631655 1.0403814551653903
952 2.0821380943361874 1.0028021224699797 1.0054225693939005 1.007774543117629
445 2.8151993891333404 1.0022719654800178 1.0035809624550398 1.0044235554091732
88 0.6442483839309716 0.9945358319805863 0.9903764372244747 0.9872178547215472
198 1.588713613931759 1.0023288341664458 1.0042296124041845 1.0056558474947368
697 4.994796267283164 0.9947260612562215 0.9930350846745928 0.9928308963148381
832 1.6091474619079236 0.9917081081177529 0.9846426895995177 0.9786388301999225
953 2.5939382898359327 0.999267529424502 0.9975345704207514 0.9953150486407377
584 0.5664439351530746 1.0006310311443145 1.0005651449231447 1.0000578551633388
446 7.7645092838265555 0.9833935479154531 0.9720138348699289 0.9636493609023967
954 2.247017084268009 0.9986633771885398 0.9975483821177733 0.9967226202032713
833 4.150152354613965 0.9972660308371009 0.9960556352249904 0.9957823863541636
89 4.662500983116843 0.9958815522568734 0.9936931630865176 0.9926448550573936
698 1.3701368126658053 1.0025995311461182 1.0038582392959479 1.0043118209994908
585 0.8940538288698008 0.9974393319350287 0.9958214131882673 0.9948664765946339
328 4.1482402462188475 1.0032028362666032 1.0060485215296577 1.0093771437033014
586 0.3956258407470159 0.9996712400387325 0.999553705466719 0.9994621807816183
699 3.0956246049408946 1.0000979439063156 1.0006027901037804 1.001273832547584
90 6.214927130571596 0.9931160319219562 0.9880370817526156 0.98421813367699
955 1.886111164216345 0.9962792964199565 0.9937237691219654 0.9917268099990665
329 1.5615612035417143 0.9986189686554956 0.9974318900232554 0.9963231501469757
587 2.09578673652868 1.003846793166625 1.0068535312690505 1.0093827911453774
199 4.987614891835619 1.0175102591947929 1.0322264448016547 1.0448106288820163
834 4.011378909301129 0.9930024086627971 0.9873048602613738 0.9828612110549544
447 4.279936999499114 1.0063437113890865 1.0134583416765115 1.0205964307044153
956 1.0624440979190695 0.9994741447700588 0.9993426653401829 0.9994659470051106
200 2.0186292718353798 1.0020054343100813 1.0036680125331872 1.005122412326055
700 6.933866088951618 0.9940446270369421 0.9894327614189274 0.9861984150414828
448 0.3946949676665099 0.9983281445787422 0.9971130903353697 0.9962502435327734
957 6.192090130296492 0.997639591965352 0.9954035386619627 0.9935177985242806
835 1.6451096190594399 0.9992359491681443 0.9990823842744795 0.9989853021530871
201 1.2999038298985397 0.9978658875878633 0.9967111278783451 0.9960453908441469
91 1.7381875006740302 0.9954975810930536 0.9928210689070739 0.991351401815587
449 0.5335753712879523 1.0021019451145299 1.0037220909445483 1.0049952991469633
330 2.8936937752896483 0.9947790391792006 0.9902278963022443 0.9860210932863307
958 3.290442298835842 0.9981958024133681 0.9970657277079535 0.9961197122918654
701 2.6734622720650805 0.9987807373314949 0.9994682748959651 1.000988076571059
588 2.9761376155292965 0.9899035036838782 0.9816977986543798 0.9746977237068378
202 1.3913916818964935 0.9986974475298559 0.9976071523022828 0.9967872131668813
450 1.4535057314169535 1.0058620586211677 1.0104515110490255 1.0140250406260087
203 2.0465076582186157 0.999658442572642 0.9992368438829674 0.9987339378173035
959 5.124586444135275 0.994298094714201 0.9896602683173281 0.98560369616787
331 2.2586054008988867 0.9971282312011674 0.9947004716172623 0.9924634851917954
589 1.7210570549214026 0.9974336383565582 0.9953163696293648 0.993600281183691
836 7.554645284144499 0.9909851259765339 0.9831472836784085 0.9765274678910436
702 0.14694472170231165 1.0007073031464144 1.0010140472414788 1.0011072926649767
92 3.287529245566475 0.9918038257826803 0.9856507975374736 0.9809221375521017
204 0.990072841887013 0.999696106391588 0.998896469163112 0.9980426015973246
332 1.2902814167464385 0.9963052924218555 0.9936111018704831 0.9916119782575968
590 0.4228225688348175 0.9982771555894135 0.9972291481816774 0.9965710401547274
703 4.399150289513273 0.9970439815521311 0.9942417264407672 0.9918015769035734
93 1.938028321486854 1.0049363938117217 1.0085329890441608 1.0111531036566872
837 3.865421797705494 1.0018109883503266 1.003593887498466 1.0051174404638321
960 1.8241083890079608 1.0025914232936721 1.0041265828856596 1.0051276933064186
451 3.042068169834238 0.9880206442589481 0.9774295284897877 0.9682687916643399
591 0.6217522661754629 0.9968090053927843 0.9941975004675386 0.9920275344909142
452 4.454696416220031 1.0011572156307074 1.0018165928140044 1.0021323554591537
838 4.333917700972961 0.9938339476418803 0.9889450060825176 0.9850871910188657
961 3.4267892355437652 1.0019869104007604 1.0041784941310177 1.006206094819096
333 2.0870253159209824 1.0039756155993838 1.007388887322645 1.0101521108188338
205 5.104706588897898 0.9980245335552412 0.9966601371333447 0.9960990712463119
453 1.4307252038415754 0.9954538251515691 0.9913609851038546 0.9877452341099449
839 1.183707579595648 0.9974106601993233 0.9956967341688183 0.9944605417763671
206 3.4751678557004198 1.0009932599552096 1.0011717045137487 1.0009417249168953
454 9.719910864692793 1.0043756691289172 1.0078426894568395 1.0106397290751574
962 0.4939712984396465 1.0000337465819076 1.0003967575692756 1.0007895245162344
592 6.236708367987376 0.9907004651962026 0.9830693101370759 0.9771190611408528
94 7.6353632020382065 0.9946900873981681 0.9881497871972227 0.9808732015530092
704 2.313557586974639 1.0020416629742712 1.0029530298040807 1.0028472381345317
840 1.7320009936920542 0.9962056452834198 0.9929658744856444 0.9902370869639122
207 0.7751770826762368 1.0030223554681368 1.0048060983888463 1.0058771009876741
593 6.178007259923106 1.0059485571438942 1.0109688932465608 1.015285903064478
963 2.2634540444905724 0.9966882649297365 0.9950597363658167 0.994368561966457
841 5.0366373964589 0.998954629762027 0.9978656452082907 0.9967857256201464
208 7.663359209620467 1.0021940347276583 1.0039065146160506 1.0050748683599369
95 0.7814200053326203 1.0021285904537554 1.0040732349581625 1.0058208403680984
705 1.8663389134726458 0.9971352558511186 0.9947256889696007 0.9926247905089193
334 0.7941115497014835 0.9941648612495736 0.989325114581892 0.9850852240720401
842 7.614469863763588 0.997820445174553 0.9969543468115054 0.9969622954326083
96 0.5237816570097493 1.0001782792339124 1.0006217324194193 1.001255408103758
964 0.892451701207392 1.0057135795863303 1.0101205430262161 1.0136314222648017
455 1.1804669858302077 1.0025370236383815 1.005280675752264 1.0082120398583918
209 2.917140786317759 0.9987699996156385 0.9977157738903614 0.9965587049816165
594 1.4337636833279248 0.993877776390336 0.9896820776216004 0.9867383687789885
335 1.173597652135868 0.9952708933870019 0.9913006573203268 0.9878809518973627
97 1.371286148623767 0.9976361281402055 0.9964191608479965 0.9957001672161837
965 0.19378047316604352 1.000285142154572 1.0006355894905676 1.0009889173391444
456 3.3916621092394053 0.9994212030700951 0.9991993493159681 0.9994038831474542
98 1.273648560832953 1.0015630623567249 1.0024436232040674 1.00296709615491
210 2.08818064334082 1.0036512795181503 1.0062549970396613 1.008224442817393
336 2.945339252699341 1.0072403050060867 1.0131920723429624 1.0180601766447006
966 2.793514861192307 1.000629939246393 1.0010463608578852 1.0012000865707869
595 1.2984661970458546 1.0027525412363767 1.0055281370406894 1.0082795276125405
457 4.498869039849524 0.9937889440437674 0.9881272106240652 0.9831077115740013
967 7.741847450224668 0.9949050051772048 0.9904180605464082 0.9864901303422666
99 0.7551085898685415 1.0009955948358542 1.0011042654171245 1.0007504007228871
458 3.1435882562054758 1.0014438073197036 1.0026833803384427 1.0038314032245426
843 1.873941825591828 0.9939835421019018 0.9908755214497065 0.9895464528602932
596 1.2879975403211574 1.0028700300676572 1.0053348795909427 1.0074520075853788
706 3.6234682377271383 1.0087409639441536 1.0149030199029627 1.0187505907692818
211 2.1428369673340057 0.9997397014182824 1.000223997560416 1.0010605378331383
968 2.086401312659291 1.0000186281909864 0.9993437871391506 0.998324345634324
337 5.092638807147523 0.9878024888470309 0.9779482925450109 0.969813994615278
100 1.6222955759112665 0.9955408710010764 0.9922734121909531 0.9899077000717249
459 0.874294975090379 0.9993535752226115 0.9987384977203732 0.9980856485031246
212 14.22775548800746 0.9932068646039222 0.9868675576035516 0.9813136487583161
969 1.3429441425487312 0.9966019158919209 0.9937325768545354 0.9912430391171739
101 2.7587145572997542 1.0043005545783994 1.0084917148368302 1.0123424252731128
597 1.1447137660452427 1.0018220795282453 1.0036721125903694 1.0055542494994019
338 1.7128988647637016 1.0010754024533368 1.0013780411635913 1.0014194274410502
213 1.6928647568092856 0.9995422887985235 0.9994005168040955 0.9994374350694759
707 4.115581757936525 1.010639347342382 1.01972658118314 1.0277644225711926
844 1.6092935459473665 1.0028790977844897 1.0054171656967854 1.0079435030761166
460 2.425461229737266 1.0003585898162173 1.0013454703934677 1.0024367592499115
102 1.2550281272287975 0.9984417322757203 0.9970948507862992 0.9959477616806706
970 0.9966612702937709 1.002135856209777 1.0034458025199797 1.0045307114742554
598 1.380120935758896 1.0017400271351284 1.0030195721036226 1.0039415544096446
214 0.9631336616112094 0.9963866733836243 0.9932804620687432 0.9905225853296261
845 3.749942774191368 0.9993714800758471 0.9995579099691234 1.0001185514193052
461 4.181521598753534 1.0001030935584294 1.0006508872670659 1.0012240165977506
971 3.1196876345802593 0.9993300088573831 0.9974243143980632 0.9950152306542431
846 7.6104248372903385 1.0028930537728344 1.0058903963613206 1.0087851245695596
103 0.819119834313824 0.9999454346730511 0.9996587838188331 0.999398593255294
215 3.378654006666693 0.9964006553258006 0.9944574875052443 0.9934863303349133
104 0.6702306052629865 1.00173650953734 1.0032359592030633 1.0045026494457208
216 3.8152493834004417 0.9979234883690501 0.9969256048754888 0.9964779052216031
972 1.8660193108607928 1.0060893292376967 1.0113934353902176 1.0158245375698522
708 2.5027884052287845 0.9964124191005325 0.9921442900553039 0.9880165364692084
847 1.376078416395103 0.9985561012819396 0.9967762104932302 0.9949171650463936
599 2.77968714360577 0.9832133218641423 0.969376106663416 0.9579253402643519
105 1.5156509392054431 1.001241813860688 1.0019522732502308 1.0024336803962297
339 5.330550623624731 1.0188562305245892 1.0332934217938843 1.0452300896722144
217 2.7868657010039897 1.0006094370807699 1.0001712282068373 0.9992019776174993
600 0.6311366353347694 0.998801904225956 0.9980011682994233 0.9974447236846847
709 2.580287733286241 0.9976272068292686 0.9953577670259023 0.9934606039469299
462 2.2235332453528827 1.0089042867239082 1.0170531324889434 1.0243650173172445
973 0.1416458551047981 0.9997429903138771 0.999692405491484 0.9997114589939642
463 7.471035704951646 0.9966067051006873 0.9937423092715707 0.9913949606523099
340 5.407346276593671 1.00886814097914 1.0154927026747127 1.0205810264398714
464 0.8877078970708681 1.0005332824498885 1.0006894782428506 1.0006540769679402
601 7.753514959997119 0.9925028928187495 0.9868881227043816 0.9823313376289046
106 1.1273928402570164 1.0048423353497378 1.0080611704439895 1.010235579571812
848 1.305834925338786 0.9972267320156966 0.9968399811904913 0.9977155701215806
602 0.46975867731816834 0.9990366032852281 0.9983377468670649 0.9978130187352873
465 7.20392166194506 1.0024563492102565 1.0047415419170678 1.0071246519904342
218 7.870959747315283 1.005796767085155 1.009335992700521 1.012239330803846
341 1.63065259141149 1.00344525090258 1.0056341307622911 1.0070841554514367
849 4.3243319725188485 0.9963765743425264 0.9931810420037307 0.9905733265404405
974 2.56839083279192 1.0074935939040632 1.0140546635390078 1.0195757692281902
710 15.202800804647268 1.016476455586199 1.028982079349242 1.038293937429274
107 2.03987772387336 0.9960334029867068 0.9938582297847695 0.9928111999896084
342 1.1553310430936108 1.0014767471021007 1.0026624916894609 1.0035470417864982
975 0.1697368758614175 0.999017445186148 0.9982429618686346 0.9975697961585868
219 1.383070315920122 1.0016580834911668 1.002564318587924 1.003120325967921
466 0.14304730294861656 1.001356035243527 1.0024365874022125 1.0033444733857668
711 2.0251452801148844 1.0027285771310734 1.0043192687173803 1.0054119629964482
976 0.9403090241503378 1.0005831150676607 1.0006893396153784 1.0005158829291674
603 2.5189940814070724 1.004359421730748 1.007678060120934 1.0100784051389344
850 0.5889990603336628 0.9988472449421717 0.9984199401232473 0.9982855718808293
467 4.6903147787616035 1.0054087924096156 1.0093208709064578 1.0125190790244918
220 1.1515515189930738 1.0014940977762221 1.0026852561241002 1.0035046302711979
108 0.851581785682356 0.9984919830029971 0.9976251297944905 0.997056170670341
604 5.320066721957119 1.0039831338201513 1.0073238296395624 1.0101191509851155
712 0.9590161993728543 1.001019843507787 1.0022202860555758 1.003441995489325
977 2.9210926825962815 1.0048435565315765 1.0090839211939484 1.0128088199221066
109 0.732851415332334 0.9994779813448312 0.9992616234605334 0.9992137070926
713 0.5403588954504812 1.0019018959847044 1.0031539199213497 1.0039410015184367
605 4.525490211774013 1.0004546186020684 1.0008895515081981 1.001089562880155
468 3.82306907765269 0.9954466223982738 0.9919867443123076 0.9893184480912117
221 7.333469755369151 1.0018278798355553 1.003533343620165 1.0055440822424153
714 0.12681153191806516 1.0002777372574254 1.000608805502432 1.0009529510055262
110 0.44847613835372613 0.9981245018265192 0.9967582880716027 0.9956736861917967
978 3.636780195218307 1.0019312521064747 1.0039752657800802 1.0060326785047302
606 0.9122096849987429 1.0015188580722325 1.0024897741978975 1.0031494113625579
851 3.9856008870392543 0.9983281035926156 1.000849664171917 1.0048577660375149
469 0.7641075869942142 0.9988285245720039 0.9985310373586737 0.9987217681715643
979 6.9502135255643225 0.9936239509042708 0.9886169596036212 0.9845727634701998
222 7.9382049220039335 1.0039259774875116 1.0077473967791837 1.0113582665012542
852 5.287330216629925 1.0024939352769742 1.0044690449850744 1.0060400109297511
343 2.238074759947267 0.9943564142536804 0.9883565009879047 0.9821807386024657
111 6.988035006670543 0.998106729705813 0.9945842583927298 0.9901946812044362
980 5.719828924879039 0.9981477520509584 0.9967501113954256 0.9959734321171785
715 0.26609174733130203 0.9966762772700678 0.9940933682538775 0.9920070577141961
853 5.493192714757242 0.9897346592539131 0.9816448577431297 0.9753105398824167
470 1.6066308168774412 1.0049696604701575 1.0095718591019005 1.013899831397144
344 4.886077706685683 0.999811071079165 0.9987522483694434 0.9972303969632809
223 1.3417070125506143 1.0040982166735801 1.0078874837518392 1.0114264194184817
607 6.792183368879705 0.9906822615430766 0.9843725079477892 0.9797185438426681
345 5.8803496478121815 1.0037583377156931 1.0061135288564305 1.007726721668761
716 1.5735025810263323 1.002640658599939 1.0045745202309047 1.0060281940819842
471 1.4103742061251978 1.0001172820680195 1.0005323213180384 1.001004754858972
224 2.368990150227546 1.0030394741524153 1.0059825870559183 1.0088092284039079
112 3.365787985652787 0.9986968380302785 0.9958265306525265 0.992444658980813
346 16.9402130982744 1.0063013525616868 1.011646915689713 1.0163465286239297
981 1.3199877536408167 1.000085753235387 1.0006124000060541 1.0015658836846066
854 0.5610443162549927 0.9967388840368879 0.9937577638755536 0.9910993349818935
472 2.9863257453725964 1.004188115370401 1.0074427765554252 1.0100384703773224
717 2.6606835617039906 0.9923503163088344 0.9856554400138888 0.9799023999245821
982 1.136856688928674 1.003489878454505 1.0060926839514985 1.0080461780533794
608 5.164283231202717 1.0081012749555656 1.015501870371166 1.0219719136142744
225 5.544018073433108 0.9983406427170288 0.9959031197314501 0.99346481583962
473 10.176516631630875 1.0050067310803559 1.0084580161311667 1.0111630660902533
983 1.1603867837475264 0.9981261063512284 0.996500324888183 0.995100500942328
347 4.130601740986094 1.0081318862597939 1.0152868994941142 1.0214588698861986
855 4.657624027398924 1.0058762712775209 1.0116242270343632 1.0167292933135612
609 3.4051881497798604 0.998535689081788 0.9968541353163215 0.9951171910334997
113 4.102022051689346 1.0031875919641753 1.0067404401325977 1.0098863603622146
718 2.5995506808230857 0.9944458800808161 0.9896672654830948 0.9854008386765785
226 7.3516453171178 0.997174934204325 0.9949517875813884 0.9929573047790001
856 1.844066314974043 0.998966896362291 0.9978775847715045 0.996907480946252
984 1.151131388029171 0.9978531987353518 0.9962098011420185 0.9949372513108795
474 0.256010677152517 0.9994545315413096 0.9990416155312533 0.9987675460365327
610 4.935630088282778 0.9974823464795274 0.9947640762756792 0.992172050573614
227 0.3801434445867926 0.9997849985208674 0.9997246870596522 0.9997900526220397
114 0.46529866172022594 1.0002079476221415 1.0002970317363826 1.0002093619564052
348 8.000583280998399 1.0134229643569015 1.0253286799822487 1.0355914724092063
985 5.535575378642534 0.9951300256543871 0.9919095455740211 0.9896034713033944
115 1.9415605947615404 1.0006019952645056 1.00143424411874 1.0023672111157407
611 0.8910356244305149 0.9950544167031667 0.9913876788011399 0.9885890887571769
719 0.28511615900970355 0.9972112125710552 0.9954248219120555 0.9943243380948227
349 2.0913149035659444 1.0028039020934898 1.0045751161274643 1.005856915368538
986 3.018038071990304 0.9980608281644927 0.9965140272081491 0.995034894694817
612 4.511154245334183 0.9980937082026028 0.9950702915212487 0.991643100111739
475 1.3267890826373332 1.0004076478456523 1.0020184886498769 1.0042964338786948
116 2.025668151092759 0.998101739748048 0.9965709058677932 0.9951646180344372
987 2.8263714002059714 1.0006122573015332 1.000778501625 1.0008390886024152
857 3.378248358514611 0.9901419984478478 0.9843644234947568 0.9812679628679524
228 3.2942267632297444 1.0099848492200532 1.0173286968657242 1.0227647999361693
229 4.762169119110695 0.9973476332821943 0.9951774266628541 0.9935059377621627
117 1.3517569656178239 1.0020621918255703 1.0040733009791665 1.0060674641022542
858 3.6065721646264137 0.9982681912349499 0.9975552545608659 0.9973007586508336
350 3.8276013810736913 0.9852823812728824 0.9744715224030823 0.9660316475207502
720 6.350829546981913 0.9981347268770867 0.9998862155156356 1.0026474016440579
859 0.5509100820636377 0.9993763370408382 0.9988845394321644 0.9985483347745415
118 2.678068474477186 1.0031810449887377 1.0061509026648285 1.0087887946733718
721 0.4042758613359183 0.9982775197923237 0.9968261181657638 0.9955826191503293
860 7.5534832809753425 1.00322959757897 1.0073577699551763 1.0114146249320584
119 7.173259642748235 0.9977064250518782 0.995598633131197 0.9937715092131066
351 0.8855839710904547 0.9999395049584927 0.999178135620599 0.9981247788927119
988 1.2043542001720198 0.9940946967516189 0.9898527053727956 0.9869783099970513
861 3.212027199620934 0.9978817732410794 0.9972652236078187 0.9976090235327126
120 0.8002970596808154 0.9988694029697324 0.998048761376535 0.9974798084622403
476 1.1320688008745492 0.9942903138166722 0.9897860414242873 0.9865474311398131
352 0.14955368361916044 0.9992946989894349 0.9986937960233258 0.998172855671302
230 2.5922619502980524 1.0096656936227868 1.0176110626540298 1.0240082645207207
989 0.14406950757802406 1.00009391723354 1.000035473939791 0.9999048859125864
121 0.6886089311574324 0.9993587319430092 0.9989423512509118 0.99864646206003
862 4.271893228440604 1.0022434755292533 1.0037306417666612 1.0048590054062172
722 0.48179868314218766 0.9987442263188253 0.997624645465511 0.9967104236215
613 3.0220610809083155 1.001440718199115 1.0002969683261786 0.9975060711075798
353 0.25003386532262084 0.999172248816205 0.998665912571958 0.9983297920129198
863 0.9888886916251067 1.000393730607494 1.000923879268513 1.0014928033580672
122 5.3420313210244785 1.00224355149962 1.0045437245656337 1.0068871786063713
990 0.32479423478980607 0.9994930343212988 0.9994460885056176 0.9996701684289809
231 8.04348477692838 0.9965485882307424 0.9941452292527505 0.9921506614884266
614 3.942361362198426 1.0050172288331471 1.0084263048541564 1.01091556896952
123 2.7776436699750775 0.9997205323972175 0.9996587316081803 0.9999014496981936
477 1.7296084035442618 0.9977533176386983 0.9975201008395103 0.9984353170985806
232 3.836717924757977 0.9987508570832698 0.9981706475625061 0.9980630751856486
615 0.3317369982069067 1.0007214700713183 1.0012780039674982 1.0017624549581694
723 4.897840360290502 1.0074835342570276 1.0153932501167495 1.023059214218449
354 1.8455750328121212 1.0027548585672401 1.0068165802497675 1.010895307030339
991 4.376894133700262 1.0072129189161085 1.0129120225243484 1.0174059073067758
478 1.1123113506291702 0.9988484348232533 0.9980849262063369 0.9975041642344559
233 5.004572084359097 0.9971778798837672 0.9948030209186974 0.9926848506853936
724 0.16040384452207945 1.0018979224753854 1.0032553277579 1.0042826925154629
355 2.6957580247308215 1.003644403061878 1.00633695150332 1.0083561781240853
616 8.212544041152796 0.9980944332454146 0.9968773781990792 0.9962807849318909
864 2.9313438682456763 0.9989309504962004 0.9976892501368724 0.9968733641749203
124 1.9102284619129932 0.9949006537302846 0.9903692662146975 0.9860981428612214
992 1.451256675980403 0.9973050282619381 0.9953390696494888 0.9939251679054251
479 0.053209413945296546 0.9991624590410514 0.9983318956953704 0.9975511728922913
356 0.9725035709725489 1.0016180602964166 1.0026184298627951 1.0030796718136767
617 0.6986310865231644 0.9969049253528772 0.9944310323691831 0.9923345056549217
865 2.082052948200726 0.9979630244908532 0.9962753715077511 0.9947138643745452
725 7.709414743982052 0.9946938604141854 0.9916627192741395 0.9895742052191021
993 1.7053970048127667 1.0002500976423603 1.0002492996010457 1.0000222720796044
234 2.815203947109694 0.9935487885264229 0.9889419058486316 0.9851747144392015
357 1.473445114106653 0.9997231913263394 0.9998499395202581 1.0001725391644265
726 0.31124791739784996 1.0010149315807384 1.0019719171810324 1.0027833564439808
125 6.023712551952485 0.996080214711569 0.9925719384958648 0.9891282466267413
358 0.7808636978843424 0.999641319380717 0.9993907558695282 0.9991423241194929
618 0.06700274014656316 0.9994142459943666 0.9988105559527412 0.9982142465737874
619 0.6523217601370561 0.9991365903113615 0.9984734379452371 0.9979822905542061
727 1.2104916710577527 0.9981071569298541 0.9962536418701484 0.9946526388636581
866 2.9497448297497613 1.003683304544684 1.007664414486218 1.0111847296312848
235 0.7158822026030975 0.9979884618544653 0.9964230719221001 0.9951589882234467
994 0.4408459478727309 0.996780331334787 0.9944704271399073 0.9926946274681235
359 4.402382521369873 0.9995851699545634 0.9998482736796244 1.0004920145019676
620 2.3147479324052256 1.0014712095430138 1.0017989729265069 1.0016475932363424
728 1.066407844729838 1.000657385907288 1.001075317023158 1.001504768481356
995 3.33248394300972 1.000718207917395 1.001673535968694 1.0025712761946473
236 10.020119579841776 1.0048607195803443 1.009192498856159 1.013010536790128
360 4.761047337577111 1.0036292438781562 1.0059099701435281 1.0074950191644259
621 0.7389687019676785 0.9992077136265248 0.9984731828350387 0.9976881696623683
996 1.9350746554464422 0.99957055418343 0.9988211908906939 0.9979159918110797
480 0.6744437224333524 0.997345463299155 0.9939046175371142 0.9903891812286146
237 3.692599226071252 0.9990967732843892 0.9975734145225492 0.9957087233735559
729 3.453487520417184 0.9966020756120998 0.9923954487579454 0.9881192490328021
481 2.122494763105351 1.0021657642651627 1.0040318845252503 1.0055554733346384
622 3.362183257102515 1.002068468645432 1.0031938776596945 1.0035364623769372
867 1.7705493092344113 1.0045716401323366 1.0098738236441656 1.0146498461449291
482 1.1619899920005992 1.0006919242906407 1.0009245178348625 1.0009060687032727
361 1.5081597213848 1.0028138843647298 1.0042964481319414 1.0050629623317386
730 6.073980466904686 1.0078544877073283 1.0144231386602245 1.0199118414482087
623 1.0858717827213695 1.0032175634094544 1.0056207772164194 1.0074898134289425
238 1.484016187952875 1.0026510937944637 1.0049909959973182 1.0072716073117522
997 7.723626169947238 1.0101510079626126 1.0165182507300836 1.021159669435821
483 3.580169384196779 1.0004001214451717 0.9999792664178128 0.999235154326803
624 1.6526532306379522 0.9994983544405281 0.9993177198766182 0.9991678483980374
239 0.49695814608276123 1.0025123088914627 1.004513167097291 1.0061484379930565
731 1.041532378667398 1.0042176301160926 1.0074243637541862 1.0100104709966455
868 1.976356963685248 0.9937105112825253 0.9885360144431495 0.9840685989210818
998 2.246041805090499 0.9978779890365493 0.9952989678240992 0.9926863924647179
732 0.5082848338915937 1.0007441274729676 1.001441038349878 1.002123251573505
625 0.8003646955748991 1.0043864125865147 1.006874452262754 1.0082751573830466
240 1.908420596653741 0.9989251189089667 0.9984767913801726 0.9985317732452128
869 0.6036521387140965 0.9977798496101948 0.9963524616655306 0.9953877371532809
484 0.10303150381878368 1.0008226005427878 1.001673064610168 1.0025653904279581
999 0.5939250825376803 0.9970592092784417 0.9946207750621968 0.9926023793453118
733 2.2219003124591836 1.005144982339403 1.0097038839002044 1.013886277352908
241 0.3061020493387332 1.0004617386953796 1.0010134365241206 1.0015416388391019
485 0.22823396754574787 0.9992686213699364 0.9987763422570344 0.9984652630878225
362 2.1496375948736386 1.0100469957793574 1.0174466174890813 1.0229081758812764
734 4.823552987685616 1.0020652493167341 1.0038734138415268 1.0055862170379104
870 0.3400357653863466 1.002198941779384 1.0040038998354779 1.0055172456519241
486 1.7734271613826422 1.0004145571536642 1.0006757716063035 1.000956760607427
363 1.1455971961167961 1.0040427141391226 1.007784233146468 1.0112830914949809
735 6.974735226975099 0.9943025056916273 0.9896276132232692 0.985653981579881
242 1.4279310600613826 1.0043713980866258 1.0078321161486865 1.0107700992507322
871 2.7662763491171063 0.9966712979348014 0.9936281064887108 0.9906989168276935
487 1.9831011721980758 1.009505263106 1.0172738304848865 1.0236337808735743
364 3.8155248955154093 1.0037486520358452 1.006555676816382 1.0088077868636354
872 1.8745819979267253 1.0015901624551322 1.0029713339595037 1.0042251487603657
243 2.3401193089466688 1.000431789994176 1.0002235725714974 0.9995927388978271
736 1.4723872469385242 1.0029759917011176 1.0046926826324116 1.00556140736631
365 3.0197392337486235 0.9945887578687814 0.9912431304430722 0.9891552402154337
244 0.4539649581802223 0.9974737243805568 0.9957107663068141 0.9943438630356382
488 3.3718744013931428 0.9988788578863079 0.9995035674519603 1.0008488432908893
737 0.4827418881814083 1.0012932946950528 1.0025674300239813 1.0038112127452345
873 1.8988815437023732 0.991346874095191 0.9846795191322298 0.9796132705689543
738 0.2674375634342141 0.9993886572306689 0.9990466462931806 0.9988385687830573
366 3.9805833389491454 0.9923944637475371 0.9856765123402934 0.9800389335299846
739 0.07831428461395262 1.0007193207505252 1.001308579658119 1.0017936251313324
489 3.705211706510454 0.9962310641020393 0.9942548911347265 0.9932441013540251
245 1.8508878681095666 0.9922345558900821 0.9862088081958996 0.9812333505357329
874 5.752342061216041 1.002578848522491 1.00667458518065 1.011778098532253
490 0.519307881622808 0.9976539279967226 0.9960914602161781 0.9951220733562893
367 7.150968225216275 1.0048592655855815 1.0098610337407943 1.0146115295683198
875 1.9117564521384338 0.9987111698710929 0.998065968141712 0.9977039175365939
491 0.16524298582953634 0.9998766587175739 0.9999770730348368 1.0001215554287142
740 1.070677182657164 1.0057109226152012 1.0111367786466463 1.0163027863451888
246 7.6155810155632935 1.007005887320517 1.0141720679636095 1.0209730078057648
247 11.562084648356176 1.0011209155443674 1.0010801342564115 1.000734727562103
741 0.10291788282484049 0.9997754666776233 0.9996202038844033 0.9995315292327608
492 2.3417336421553046 1.0054806701956482 1.0106322237923984 1.0154012166906026
368 1.1133179003591067 1.0094663343179402 1.0165420231444038 1.0219742219271606
248 0.6043164288930711 0.9974572687489848 0.9951906311342883 0.9933218274790138
742 0.48462313883646857 0.9981007069385216 0.9964533548144171 0.9950392446638768
369 0.07267020814106218 1.0006175156629509 1.0011596066160184 1.0016466471337757
743 0.8979866480767669 0.9993704448950915 0.9986794474122176 0.9980375248387524
370 0.08011918487864023 0.9999754522464944 0.9998660336292249 0.9997352737952647
249 2.5803840440112253 1.0011217238480996 1.003182272456943 1.0055364187815417
744 1.4950199554132269 1.0019910127585026 1.0037389196823325 1.005346185005232
493 6.68223550725088 1.0093070702213252 1.0194291925112224 1.028846571764099
250 3.8934953142925224 0.9991446849366138 0.9979806704868784 0.9965568084159219
745 0.28717275409871945 0.9993256964555427 0.9989646976426774 0.9987744965735955
371 8.6589542879301 0.9947565908416622 0.9898553841616229 0.985582024869479
494 2.016337880626452 1.0032115756772946 1.0053725612356441 1.0068530095433548
746 9.074952690192731 0.9947185978311482 0.9904247067233303 0.9868095754502695
747 5.765472854191103 0.9954785551750095 0.9916965052194054 0.9884634320596811
372 1.79454128220641 1.0039146846973077 1.0075095546249528 1.0109481947857748
495 4.277561904735194 0.9911276633625935 0.9836011180376496 0.9773376694034241
496 3.814809585308467 0.9991689894853507 0.9974082252164921 0.9952979865425744
748 2.6742981281731772 1.001946735682314 1.0042423418619728 1.0064152215949524
497 5.727074788588652 1.0016509248491208 1.0036049619159224 1.005530535257223
373 1.8870691067750158 0.9883793020492674 0.9782524381209984 0.9693216814071272
498 11.54855840160053 1.008245535272597 1.0137597670022946 1.0176538591146016
499 4.008173370235454 1.0017065801518716 1.0022090509614612 1.0022564234280635
374 2.1214591727821244 0.9976703546841371 0.9951889073859644 0.9927242594312524
749 7.401708881516242 1.0168540085064068 1.029503974600892 1.0394340353161502
375 5.838239995055119 1.0004010257074891 1.000141325937544 0.9997332391960488
750 2.1308495878583926 1.0002105321046633 1.0002026401648112 0.99993992882216
500 2.2181764964443573 1.0050286350301085 1.0105404931671256 1.0160482098452481
