376 2.6521500107792235 0.9997442679072969 0.9987131189763494 0.9974072294133908
126 1.2991018118045758 1.0008298336742756 1.0011947679441013 1.0010569947963457
751 5.3327224640688655 1.0033671504870048 1.004619766507349 1.0052115033110234
876 3.3393534959795943 1.00621410013401 1.0110702912281335 1.0146967833484275
1 1.326009079155483 1.006179880225634 1.0112483089067545 1.0154722658636601
626 7.532494247325303 0.9960918855984403 0.9917121398346336 0.987331325589674
752 0.5332497382423753 1.0018609676480887 1.0027823847801838 1.0032246164499856
377 0.9478023993196985 1.002323350562514 1.0046943316465538 1.0069020105655024
251 0.46098040211109037 0.9995812773527607 0.9987041006913111 0.9978217681118964
501 0.090464930744929 0.9998468977079146 0.9997985781096586 0.9996650884178991
627 6.253488491611279 1.0082660730328694 1.014131592912727 1.0181092441413522
753 0.12470193358785764 0.9998729457220191 0.9998643716259885 0.9999683232006457
502 3.057489499267831 1.011519003151903 1.0196336362033889 1.0256832780927612
252 5.1569048334458785 1.0041478454210333 1.0081503808774726 1.0122856098125208
754 7.169151836842502 1.00298017443291 1.0057213859244964 1.0080531941771453
877 0.3703450158445776 0.9951698761003237 0.992398791486091 0.9906609270562128
503 1.8581235743604338 0.9976653164284773 0.9962039749146712 0.9953042384907633
755 7.658330596803353 1.0032756552899944 1.0059026117895504 1.0081448802559168
253 3.715163514292726 1.0045098239311936 1.0067157369494322 1.007459146838326
504 0.14136843529740872 1.0004947474568335 1.0008758275201493 1.0011463153966231
2 7.924286430763459 1.0176579444575073 1.0325922723240104 1.0458954444417858
127 8.788248146987826 1.0188753847530558 1.0345271905026627 1.0467591483491874
254 1.1035804873918096 1.0012976687530586 1.0027318360096644 1.0041489674078556
878 3.1616411173254164 1.0124620987177109 1.0234025003110494 1.0327298028362013
628 2.91206327751388 1.0022211110458967 1.0011884009333218 0.9984215795342466
505 15.382795969009749 1.0212353333048492 1.0371366593524154 1.0495501083310872
378 7.466071588036357 0.9814505365841378 0.9703579885006891 0.9630221676464644
379 0.32947246581170475 0.9994165215114247 0.9988861172609712 0.9984702292570843
255 7.10828269578451 0.9959270623335862 0.993686892317468 0.9921488808433334
128 6.695082389449453 0.9836750962285962 0.9732165353915362 0.9664160277998176
506 2.682888291996278 0.9937179709359013 0.9885408759472835 0.9842950651200995
256 1.3673823219396581 1.0001578582369939 0.9999686667439209 0.9996467928054409
756 7.036561803102813 0.9960291857867416 0.9947041092434377 0.9942663849638923
629 0.9758515277990227 0.994875254868492 0.991077953776018 0.9883984200679675
879 5.322984635386092 1.0099356089964702 1.0185693703056804 1.0255455775944504
129 5.102044948262119 0.9952874090121775 0.9905686133362862 0.9859949018628209
757 0.5020457112859731 1.0011102365314355 1.0017347094066091 1.0021030361636756
257 3.3998196664451825 1.0009053689105842 1.000768086823102 0.9997983819251884
630 3.4076951821734838 1.0057076823758104 1.0098063551044252 1.0127075718539926
130 6.413680452071276 0.9969953487728092 0.9941721776922833 0.9916928166662404
3 2.4883552270075597 0.9959430576377339 0.9934283583832484 0.9926353784479429
631 2.0644299291707284 1.0009745666851748 1.001171965133428 1.0009281086047697
131 0.07116848898658645 1.000238996486814 1.0003551795640155 1.0003604908623331
258 9.22260112650838 0.9883356936311203 0.978890245334286 0.9709903853674463
380 7.628087505587246 1.0241359915252661 1.0419280568571316 1.0565478217340296
758 0.12359998087958957 1.0030484031197764 1.0059973195037129 1.0086313549016765
880 3.784196956343294 1.0019545896041764 1.00470576233928 1.007202005143995
507 0.8924720063587301 0.9950395632014059 0.9914895572155149 0.9885060617877777
381 0.41964194335378124 1.001270655849981 1.001823158506087 1.0020886851479167
632 6.341193186257442 1.0089690080426006 1.0151459154340414 1.0194669520099018
881 8.97057716751624 0.9893730482713405 0.9812577299202913 0.9747090458877651
4 3.2338946628860867 1.0046856985515242 1.0081442483397223 1.0112157273844684
508 2.8160058619232586 1.0033156608905083 1.006446138543032 1.009362291593238
633 8.439330986333516 0.9958370246887966 0.9930448858760049 0.9907308776487418
382 5.282208464041105 1.0022115223812806 1.002968142031024 1.0027383973166106
759 0.7292115620075492 1.0039096501394795 1.0075031575606248 1.0108965676555348
5 5.57550563649238 0.9964759308431125 0.9943781778326864 0.9933727235992518
882 1.4115894618244056 0.9970005101004974 0.9948066423686526 0.9928541389987007
259 1.3310468916752143 0.9942743803742935 0.9911434305071769 0.989611641789352
132 10.239903183759452 1.0199261496655134 1.0347100135901395 1.0463144376058144
509 1.0020267734907975 0.998873515744736 0.9966552425905166 0.9942807351085837
6 1.6608375232572143 0.9999651999713614 1.0006474191130976 1.001797425793539
634 2.1573456609057757 0.9972284059167915 0.9943835734033888 0.9919582513546158
383 2.2857247004412784 0.9960364127351475 0.9926059804437928 0.9898883376083843
760 3.512688770188106 0.9911208638200854 0.9852017172535666 0.9811378812336385
7 2.0830994800271583 0.9962380365269207 0.9930224911101998 0.9901503948474423
260 5.104295650482527 1.0111336168433107 1.019681984735013 1.026264620675388
883 1.873367083411722 1.0036672022320343 1.0074299125646888 1.0110807616887478
510 5.2862841902770015 1.011502937235919 1.0190725376610315 1.0239879296738816
384 0.751756953779477 1.000779439116678 1.0021743545607245 1.0035930182478932
133 3.482748723719851 0.9963504631534408 0.9962453566971817 0.9976433963600954
261 4.026698649935497 1.0046203944116783 1.008743472162271 1.0124278387263184
635 2.902820667826745 1.000214974744414 1.003503041812424 1.008139256952499
8 4.459896850410587 1.0012463021653006 1.0042193602904825 1.0080149144561088
385 3.559063695560326 0.9950551473349158 0.9910123022386328 0.98768431265079
636 5.887758696720994 1.0055467559197047 1.0091599958354653 1.0115176125406073
884 2.1049105807942396 1.0001456166163727 1.0017629113767568 1.0041592352172712
761 13.090416854754949 1.0147062658371302 1.0245551390647463 1.0308657658091527
134 4.793361952471969 0.9965228480749434 0.9931427049737982 0.990463664777324
9 7.055810476394981 1.0075949003811135 1.0134704145987496 1.0182434550632797
511 2.7895462206633965 0.9974609741295812 0.9956029309668701 0.9946912472662643
10 11.299324822910421 1.0018498099019943 1.0018985026099787 1.001362253017631
885 3.141491401775056 1.0036483542054808 1.0061087315338124 1.0076594925269686
11 0.4627691961122764 0.9996592249996721 0.9992059748525666 0.9987133801804995
386 6.383191458367946 0.9841209055820963 0.9723766799966496 0.9633612162400299
762 5.651752335494166 1.0043996974360658 1.0068467548368272 1.0080713919102982
12 0.4254388641784317 1.0003017352304453 1.0000586714049342 0.9995665036730275
637 1.7812095974895783 1.0039447990042736 1.0081256303664852 1.0120705612827599
512 2.053414287551277 1.0017348206149672 1.0035885583103976 1.005639188116349
763 0.4153983729047468 0.9976820965484583 0.9954105043787121 0.9934506362907857
262 4.631515620290884 0.996185934000526 0.9981653791079017 1.0025983400420484
13 0.23850773731828667 0.9990437508061706 0.998013309443544 0.9969316583207838
513 1.788099247698483 0.9964026520593489 0.9931341198082999 0.9902049060112588
638 6.552779349784032 1.005109668625852 1.0083721448494563 1.010773996632581
135 7.801886747096432 1.0165683499758185 1.0287296420208163 1.0368955606476171
14 5.560634286786808 1.001140854452816 1.0020692783389902 1.0030143249010501
886 14.027320222185153 1.0150993819553527 1.0220744574455278 1.0246279883562177
263 0.7724578206762089 1.0000218030669255 0.9993347696098569 0.9983208868942473
514 0.10285014457986108 1.0003462184219152 1.000582482985762 1.000766991039813
515 2.9174127975929878 1.0044847267651293 1.0073717330679457 1.0095412483276935
387 2.454835677788651 1.0150527176592943 1.027057111357036 1.0367584326493127
136 0.3789177851394925 1.0002446374429654 0.9998951033367072 0.9992637819406064
264 1.3002124070117134 1.0023374577741537 1.004448166366931 1.0062695235896988
887 3.2266880334282178 1.0017757431602812 1.003048483508687 1.0037447514024471
764 0.23847284615658282 0.9969374565509991 0.9945120917789578 0.9924353209003536
639 4.531888988449282 0.9868319708379226 0.9771825254156762 0.9701639905942391
15 0.7290554665269156 0.9954661983202552 0.9914980783458159 0.9881697476207557
765 0.7702947951875103 0.9988871614527746 0.9982473241059018 0.9977969576383316
265 0.655257418004112 0.9963332221738672 0.9937812415578565 0.9920400720621617
137 1.5670975931898283 1.001078249264581 1.002730787960369 1.0047074508365115
640 2.2728952593042777 1.0039577946474756 1.0079120043114367 1.0114520390770299
888 4.232759924181664 1.0050262965848837 1.008553041573145 1.0109560532801003
266 9.413920730294194 0.9925725991064862 0.9854364754719297 0.9788677333197768
766 1.3887470924437366 0.9970511556375045 0.9941850314001306 0.9914427024438777
16 3.790034420107986 1.0058570850996182 1.0091513201864133 1.0110762390939085
388 3.1089924081043137 1.0083055891296737 1.0155986882756936 1.0215394873480628
138 1.8854264075071114 0.9999013008562466 1.0006173207313653 1.0016259877899898
889 0.6344720907563897 1.0026816802952936 1.0049813558461536 1.006998353800767
17 7.188313833641587 1.0078519432104918 1.0139131583190766 1.0186711916911901
267 0.15872773537375906 0.9976989757966446 0.9963255560579617 0.9953989066020303
389 8.401171148068897 0.9939696849097326 0.9890456135534276 0.9852157696488213
516 6.818666016557472 0.9852317921472483 0.9777223925311453 0.9747452076121434
767 2.7974933441073517 1.0045097679164336 1.00764519841121 1.0096591962547445
139 5.8323728593768465 0.9928699133484077 0.9871505709789965 0.982362394210852
641 2.137737247016048 0.9928327575421014 0.9880437558488661 0.9849799230454881
390 6.386897725265953 0.9964633547261499 0.9939398052594124 0.9920770672907097
642 4.182420802568231 1.0007442434441274 1.0020382469336024 1.00348039689884
768 1.0355139561488613 1.000265069655532 0.9999142208991982 0.9993367855552645
517 1.3517923489634995 0.9959575710177423 0.9931302343713799 0.9911081896183277
391 1.340324718679767 1.0032835546302032 1.0065688182591348 1.0096242904000163
140 3.8594828263994714 1.0011619708708805 1.0040508691389827 1.007791306036448
268 1.3306895352416177 0.9965723168800035 0.9934755696712391 0.9903945181311329
18 4.151119762322196 1.0145407311683055 1.0232898205521628 1.0286362333583692
643 5.1506627118178585 1.0040336677207764 1.006326979151209 1.0081555679597447
518 9.96510637481515 0.9899165217617275 0.9828659244133641 0.9775591889998457
269 2.83190513417685 0.9932044824574817 0.987513181899747 0.9825462202891097
141 3.895004579801025 0.9962276812119872 0.9920539743537752 0.9879819435923716
392 5.467127730667926 0.9876584960236292 0.9789440340340505 0.9722542484341994
890 7.364161720968696 0.9946011905391062 0.9873641597752307 0.9793563583541033
644 2.230636182930539 0.9964070640443898 0.9939337027359834 0.9921396606568158
270 0.22396607361952192 0.9987194140173673 0.9976222834404853 0.9966388367654473
19 1.770347040876004 1.0013046812754691 1.0011828791041864 1.0004345482719077
645 0.7617282384162536 0.9980217834182985 0.9966604285968504 0.9956296843171137
142 1.592389617846493 1.0047253748366567 1.009148312061465 1.013146700384556
769 0.7276773551329825 1.0018534143074767 1.003822113732694 1.006075948023437
271 3.0981151090800267 0.9964903921291768 0.9951820431240805 0.9949539124199364
519 6.5064855851360335 1.0125679705760209 1.0230397892131458 1.0317955510512657
393 0.820142391608897 0.9941991804450085 0.9910273579203249 0.9890709832994558
891 3.7326545167525182 1.005046057342704 1.0067128243169983 1.0068097725458867
646 5.166900053187419 0.9989875722805248 0.9979881128164755 0.9966606315868336
20 1.5036638778474298 1.0069867187364472 1.0118326371201931 1.015301876823133
770 1.2191192018599395 0.9971685803941486 0.9960613993141999 0.9958558934628817
272 1.6805899632290675 1.0004733978147653 1.0005844602748983 1.0007250694971772
520 0.8869907471653278 1.00094209591266 1.0012154710518069 1.0010110930139118
892 3.7214340634982364 0.9992267817449245 0.9994147914544288 1.000349231996795
143 1.4201074720931501 0.9946139460115528 0.9903067448918805 0.9868225748612878
771 3.679473243682878 1.0039825070424058 1.00519203514192 1.0051597993790717
893 0.8550063132443029 0.9977626211842406 0.9967720436093294 0.9962431680676578
394 3.0026407714649395 0.9989723013106979 0.9943799392360544 0.9882819215171791
647 0.8325708598222263 1.0009144227602447 1.0020570491235077 1.00307582693776
21 4.688309556695458 1.002984393957051 1.004281828667468 1.004428547071413
144 1.625661745581965 1.0031220103806886 1.0066620791526366 1.0104903450600786
273 2.8921607952815975 0.9924624112728638 0.9881703811472293 0.9855023367744976
894 0.29866302214213647 0.9981585625169445 0.9971152117048329 0.9964897749619219
521 3.4377837195424945 0.9888395169812543 0.9793581206842206 0.9713073032018114
274 1.1089752874886472 1.001119192432476 1.0022949564792623 1.0034536882627023
22 2.5669015707462677 1.004780111209301 1.0077868045141811 1.0097103619167647
895 0.2746553933538962 1.0006466988995584 1.0010578150922254 1.0013758244366586
145 3.143083548045979 0.9956464131843235 0.9940225822456329 0.993513808112904
395 0.29827539385223645 0.9990164276979493 0.9982688403748616 0.9978212547330474
772 1.698327479456566 1.00062248822347 1.001828301422768 1.0035302023013037
146 1.5023542609815195 1.0047676121916247 1.0082137031086298 1.0107803426340976
23 5.276548721552899 1.013842924885399 1.024664332808002 1.0333071275723593
648 8.922962325012122 0.9877917785297011 0.9762088139529751 0.9660162005789854
773 13.326616476280833 0.9926457145910408 0.9867949204181335 0.9817307335203121
522 3.276127465611353 1.0100820518427938 1.0186900297300951 1.0261006301223319
275 1.5047612065773137 1.0009742807610855 1.0022805554978669 1.0038463169909175
396 1.694482459957726 1.0017338750836522 1.0027547104164298 1.0031624963498775
896 5.8547298277826485 1.0260895037580247 1.0445036114222208 1.0583930115145566
774 2.873791886124309 0.9990214146520918 0.9981037840308158 0.9970459794478622
775 4.235363325415165 1.0028708172966698 1.0049039628417713 1.0066450104453688
397 1.9937577724031144 0.9982010519000346 0.9976811234956711 0.9977376683893697
276 5.884435767713512 1.0059224550207106 1.0111331473821528 1.0156628271207553
24 4.931931922530566 0.9907784409058374 0.9844700605091017 0.9802760019957589
649 0.7057859061042109 0.9958078970015927 0.9932301567768285 0.9915114340259372
398 1.056248000009873 1.0018758246922188 1.0030175529729566 1.0036808244718531
277 1.0355502223010262 1.0023678300650523 1.0046437755581468 1.0066299072956475
897 4.10635473284492 0.9899227000053259 0.9835774072483267 0.9795799918509164
523 1.8338066982141754 1.01008395015023 1.017338896357649 1.0227075318435486
147 0.8070131195381691 1.004008099569536 1.0062817694890402 1.0078385209368284
25 0.318832274462693 1.0004437247303948 1.0009254372905267 1.0013116616399282
650 0.20419553481588082 1.0016138004366015 1.002404450425467 1.0027569274868997
898 2.6649021486118727 1.0018297795183158 1.0033348472552224 1.0046011672771227
651 0.9276515279270825 0.9990399616727184 0.9979584525337255 0.9968823657958887
776 5.9193138491682475 0.9980070604889579 0.9973111955520236 0.9967477695469084
148 0.5928029215301649 0.9979463252384159 0.9957399397414729 0.9935320836391536
652 1.3931495658507629 0.9987866916848354 0.9979402584660797 0.9972108849924494
899 1.9917265652857168 1.0187253691501588 1.0316947515196484 1.0411791274702304
653 5.301934265997261 0.9978874916820557 0.9962550000318378 0.9952246173422661
524 2.0437810248276946 1.0112111048551051 1.0200174660264707 1.027278612420625
26 4.329587124131649 0.9864261756490101 0.9749249666252086 0.9644535974362811
777 1.5066847671150754 1.0064891974323524 1.0117786233290877 1.0160563095400401
399 0.6143103411031916 1.0038949210280959 1.0061110968536735 1.0077208571643286
525 1.3506135933967016 0.9958189216489128 0.9933307243617826 0.9916150861754577
149 3.5471232540694473 0.9885304933148792 0.9804402920697575 0.9746478170573671
900 2.057337338650541 1.0049066229857506 1.0071006676248342 1.0079704838931713
778 6.469865054155889 0.9916826959821925 0.986814249459805 0.9836934743423964
150 2.3247747056557273 1.0010548807857835 1.0014247435252028 1.0015344183922457
779 1.8160382246787776 0.9995445774762758 0.9997186931415377 1.0002140527320456
901 1.962674540507578 0.9984889779567904 0.9985081831033473 0.9993482988201091
27 5.841424079035278 1.0162351311551263 1.029147748491635 1.0398819263242955
151 4.6816032352726324 1.00636923383284 1.009125841792115 1.0102863355694394
526 5.871901038397482 0.994978480114895 0.9942822696761814 0.9955410230983133
654 5.7487542220442265 1.0080851645393487 1.016174650980429 1.0241929228987354
902 2.992329263825013 0.9898186460913359 0.9825512192816599 0.9770613974793649
780 3.2049951768258325 1.0045536682351832 1.0072879845567757 1.0088823229632908
400 8.152280131465886 1.008753060265391 1.0175753846112399 1.0257716259432124
28 3.537962653561408 0.9950209790677206 0.9906814626630306 0.9870589351599894
152 1.3201334525256243 1.0003654005452831 1.001495836055697 1.002835724104708
527 2.9618019279350847 1.0037564981520943 1.0062183535061484 1.0078986626228879
655 4.650746792756763 1.002667713322306 1.0026382123621644 1.001259358096953
29 3.062235985078587 0.9925066119707269 0.9864709595294656 0.981460464419832
401 5.244027319158704 0.9916941346644773 0.9846409289767343 0.9787034778301148
278 5.611666629929459 1.015086019253253 1.0243406564126984 1.0315793461553668
153 4.994945876585916 0.9980735756056749 0.9977102397982858 0.9981374717436685
903 3.0781838688835705 0.9988380783452058 0.9997629680284554 1.0012347920460782
781 3.589945792344224 0.9921086581246742 0.9852526776859144 0.9792951847264119
279 0.28161360116246215 1.0002253908044958 1.0003125246988422 1.0002684240618365
904 3.7051180876169383 1.0007201791925784 1.0017260277077205 1.0027609532741901
782 5.277198923677133 1.0033482905130788 1.0061626787766609 1.0085697741662711
30 1.1771856716241018 1.0024843851674112 1.0037836939542804 1.0044505317810994
528 4.641470830620165 1.0117938291882482 1.0223313014956072 1.0318323431610863
154 1.0514045187137526 0.9970393198710912 0.9944982448419588 0.9923723479868585
402 5.142803561726396 0.997136548441144 0.9947754249044045 0.9933676317360537
656 14.82623684986902 0.9866917602632058 0.9756161055074594 0.9667265540182555
155 1.1206605893930828 1.003522031485563 1.0061643700435043 1.0081245604589446
905 1.0599445855714293 0.9997306040105378 1.0000707217930493 1.0009321326443508
783 0.17611072670842987 1.0013393893053084 1.0024519931031182 1.0034640237821513
280 1.2291192702650733 0.9996327879603041 0.9988634831128346 0.9977812235659304
403 1.6845343863933522 0.998220731981807 0.9975221751529116 0.9973150942693895
31 1.2625659626537526 1.0003557128072331 1.0004015533079973 1.0000611331080795
657 2.1114692640876456 0.9931035612048761 0.9884058839249376 0.9849230616145991
156 3.50542165677507 1.0000415687671897 1.0009537344058517 1.0023330951073177
906 2.2190036150987 0.9982567792968374 0.9972217637225879 0.9966058085709177
281 0.4518654230178072 0.9992556527900829 0.9988474140571855 0.9986103127250592
529 4.534156476433054 0.9940521314053061 0.9905796392897646 0.9881910332402316
32 3.0773594270503963 0.9913453815376925 0.9860639746126314 0.9825420452543602
404 4.219527422936153 1.0030995733609986 1.005121892334582 1.0062468389386863
907 3.0883575119969464 0.9957356354217868 0.9923222198786047 0.989448307620667
157 2.7515796908992343 1.0041410317540336 1.0081252564846104 1.0118711761147383
405 8.84020644280281 1.0002352725935315 1.0004794616329773 1.0005437088033626
33 1.435988310355242 1.0004011216439532 1.0006686547968142 1.0006770529148876
908 2.637826959587983 0.9967793554806502 0.9945236543628768 0.9928822408075515
784 8.117129573014608 0.9847014498721727 0.9729435677336388 0.9634540122266361
282 3.2261455948282673 0.9974761492292886 0.9964199881066563 0.9960396566883766
530 2.1266828192983667 0.9945366384222933 0.9897224537940139 0.985397248910649
406 1.8953684360458283 0.9971055675033519 0.994537088902012 0.9922718694398702
34 0.7112025405858731 0.9978389302149513 0.9963333581712434 0.995286575903324
909 1.132520508252128 1.0028391485511081 1.0047843510103767 1.0061333592668193
531 1.3575365252308984 1.000168649970586 0.9997839039479849 0.9992320463609313
407 2.1337858721326484 1.0042724944159949 1.0075085859193995 1.0099529847636943
158 0.08348321790981572 1.0008105354584744 1.00109902702769 1.0010550750237073
35 2.7164554231876537 0.9966104375388715 0.9953260365196738 0.9951968203072223
658 4.6549722314557584 1.0072584836420513 1.0115398838041891 1.013655795178424
659 1.6826340379266185 1.001772817321603 1.0030422846066855 1.0038631976368435
785 1.7264520005919621 1.0020951958271715 1.0048927469090128 1.0080787154214852
910 7.325320485155316 1.0069569822244262 1.0118378853678043 1.0153500329816505
36 1.8442899308411143 1.0059862474191064 1.0096780118291555 1.0120745538114422
283 7.414135650878961 1.0172557744363926 1.0315896003325618 1.0438900688641997
532 4.975027624348513 0.9944396230954896 0.9919865325281694 0.9909724215152618
911 1.4993859206060733 1.0026918587778546 1.0042125425232233 1.005126637168435
786 0.2871600439721078 0.9996663199693749 0.999906362421376 1.0004495577266628
660 2.4114642102958896 1.0054976026964082 1.01050457873942 1.0149334439186204
37 3.23750407236912 0.9947504512301707 0.9901332322165652 0.9860843971858286
533 0.692264000475916 1.0023492721050768 1.0041922958816647 1.005766671606813
159 5.32473204838243 1.0030561976892747 1.0070107242536817 1.011494431829943
661 1.4353118492490466 0.9982272710308456 0.997150809407993 0.9965437498333323
534 1.5406932755140588 1.003378806672894 1.00598781169589 1.008325796025003
912 5.39998826466217 1.0034011146129191 1.0071088043193845 1.0106893057744406
284 2.523405698235365 0.9934299353943868 0.9880082495927246 0.983563829914878
662 1.4719372374129307 1.0022806134749167 1.004896592242639 1.0073961670219411
408 1.0253472274343949 0.9987187625306861 0.9987434685485173 0.9996210690203655
663 3.2920780837848724 0.9967578962720877 0.9942896211723944 0.9922294959347695
38 3.5115273905321374 0.9982337157637089 0.9951281055197136 0.9915704320970447
285 7.073171447897039 0.9977710908248039 0.9951869948787231 0.9924266383912511
787 8.03017975779585 1.016719681187074 1.0256080362867561 1.0300789006598674
535 6.6705708618737845 0.9899780088179174 0.9835286667658064 0.9789323402472064
39 2.5230870775812946 1.004691388185656 1.0083804325192733 1.0112555613350374
788 3.0262769100900186 0.9982355852488434 0.9968126858198448 0.9955168421818519
160 10.117118882870273 1.0356745053755914 1.0612441974017208 1.0797059584897506
286 7.336582640678898 0.9880172181712829 0.9792553905691478 0.9726958600253023
913 5.027223238661463 1.0129721225568213 1.0249472543320435 1.0349980892867197
409 0.7796012153703487 0.9992159148423445 0.9994045675620769 0.999958327976312
536 8.595692389764736 1.0003147740878389 1.0022337364109575 1.0049904579833742
40 0.5992079356237809 0.9965642337390223 0.9937179620949979 0.9913439918344604
789 2.435713438235325 0.9921582122726395 0.9867564026108139 0.9825860957972945
914 1.497346898799151 1.0000793447548841 0.9989802864905344 0.9973634596494932
664 1.4841128904263314 0.9931878487950816 0.9903207225936711 0.9895775068733135
537 1.5579479429507046 0.9940649138100245 0.9909167915680215 0.9894720556126756
41 7.4474062879071425 0.9959617622304747 0.9925899669012315 0.9898202377616028
915 1.4692363578542427 0.9974833416300598 0.9958871421052973 0.9947661490684273
790 4.020164262630715 1.0059367069543588 1.0090638204895048 1.0105862539893993
538 0.01602983725570084 1.0001826722918963 1.000351401875356 1.0005032722680698
410 1.4501359921741823 1.0020237503910836 1.0028664437015358 1.0029403365702279
42 3.925403721992552 0.9991847209214079 0.9975194871266477 0.9955278277951237
665 2.8099125290791562 0.9920298992228642 0.9853616675263203 0.9795615888963178
539 10.18749241358455 1.0028539984170617 1.005837251692388 1.0087422697419142
916 1.9626941783735674 1.0013290308250582 1.0016774572778324 1.0016063416958574
791 5.270006681688756 0.9939927288436952 0.9904414302520995 0.988437817708818
43 5.598782043214669 0.9994375305001474 1.000696326732588 1.002571682236242
792 2.7332929293625057 0.9972976500893331 0.9950372659232486 0.9931906642375947
793 0.7235547700929601 1.0003525202327257 1.0010005130603306 1.0016531900217345
540 1.984663023164103 1.0015168747404564 1.003786930363092 1.006356919129363
666 0.457259336963034 1.0007080039791534 1.0006967254375883 1.0002938494252556
44 0.12323251426096249 1.0005298491050234 1.0006751844083852 1.0006395741427982
411 2.146763234099126 0.9897928185901832 0.9812507682334336 0.9737870722690315
794 1.019510040176101 0.9999960392786658 0.9996451770820175 0.9992821515108813
161 6.899063311338978 1.0187243425594723 1.0306707559829378 1.0394549660118089
287 4.026211163429252 0.9796286591022798 0.9626654620557287 0.9483939573734668
917 5.360959601559443 0.9880819703652264 0.9797884982757917 0.9741232496719622
412 1.7559296864092175 1.005228526272957 1.0099712832685122 1.0141045115918792
45 3.410773220952251 0.9925777660654265 0.9882796763550028 0.9855481659337599
288 2.61442637953769 1.003918488423369 1.0060280298313906 1.0073964599975413
918 4.651005944531789 0.9887692115773615 0.9793275796831489 0.9714262432124092
541 2.7794179725860886 0.9936388143133369 0.9881430320483535 0.9837888969016446
667 5.654537880294811 0.9877404069313095 0.978152179687912 0.9709932099962114
289 3.5310620903346717 1.0030896300023346 1.0060385148643394 1.0086487419198495
46 3.336205527306447 1.0087432943594303 1.0166239667949086 1.0235182023076732
162 3.485377948734822 0.9894325348365773 0.9832756932389123 0.9794312163396225
668 1.7697140545897128 1.0007391983797165 1.0014379372896454 1.0019875237225286
795 3.652236315803748 1.016087579003439 1.0293327961226044 1.039921050428533
542 1.6234734602403478 0.9982676902861992 0.9964528525000951 0.9946010184603622
796 3.263406596321147 0.9962486074587041 0.9943221835542173 0.9931663476205207
413 19.927649558016128 1.010911485190234 1.0223437655456824 1.0334731284064977
669 0.8213019698996504 0.9952290594348991 0.9920617963875678 0.9897926511410292
290 2.782761955042588 1.005126793777865 1.0103385797047006 1.0151066261762907
47 0.8370250245588977 0.9966988355704224 0.9949002884187385 0.9936798179000959
543 1.2457274975731707 0.9979848431615929 0.9955262664380801 0.9928891270580104
414 1.820291794509103 0.9988999527413978 0.9969196845334319 0.9945860401503376
48 1.1182750928983296 1.0018982326965673 1.003484146205014 1.0047591104599116
670 2.82476731918905 0.9963621976277968 0.9936543343615735 0.9914614507912185
797 2.400992068785854 1.0026265075760654 1.0052378133551891 1.007516694083691
919 5.990525393235657 1.013136455075926 1.023837369032782 1.0324162823864589
798 3.01492509603122 1.004120129189273 1.0069955971306552 1.0089592210732774
49 0.3793353631881473 0.9977584741313658 0.9962298745898256 0.9951895663732083
163 2.6063307944477856 0.9859835162240642 0.9744335522761688 0.9646857695186037
415 12.626802937124012 0.9929901745067385 0.9892346314006063 0.9874122111863344
671 4.272038695884476 1.0080435771797724 1.0136423777361827 1.0175190345838538
291 1.8502543097038142 1.0075616791410118 1.0147012241786066 1.0211827175078163
416 1.5841849432526942 0.9994515762913004 0.9985332786201612 0.9973726658623987
799 3.3888921578527516 0.9940526021883542 0.9897174462230368 0.9864732306767934
672 4.726995659688328 1.0053392698532013 1.00839585887741 1.0102490175562706
544 6.695812173296872 1.0144765675646557 1.0252299887286656 1.033017699175628
50 0.6083635633840458 0.99659156939245 0.9943618026462855 0.9929072327160979
292 0.9156844030603679 0.9950753925796954 0.9913805534775252 0.9884769277396037
51 0.9502914530839917 0.9971926325292013 0.9950955423409967 0.9933961846671724
417 2.5186362846943666 0.9965922913453082 0.9930837339974182 0.9894294153403341
293 0.653800775138734 0.9993773495410307 0.9986871382835756 0.9978808159369188
164 4.552589740660551 1.0016094599679846 1.0016905400391618 1.0016214946082023
673 1.3391458953083202 1.0014394079626001 1.0038175617859262 1.0065291537225993
545 0.10523088598165486 1.0017184605733385 1.0029417847958173 1.0038479890113114
800 2.3554367547167203 1.0115876682062348 1.0214243068373303 1.0295606005355804
294 1.7661191850238538 1.0003110929448693 1.0001043087202213 0.9995786758060454
52 0.8415465507259796 1.0017007350204097 1.003398785272167 1.0049515389609864
920 6.3648024811227515 0.9859867000758498 0.975927305024284 0.9692415141543446
418 2.351948911036743 0.9946250739035406 0.9909381781261244 0.9884219824786761
546 5.743932849774865 1.0040276908583832 1.007138662610891 1.0097828417767913
165 1.7129791109873622 1.000293765391662 1.0011478892477803 1.0019638576818535
921 1.6630167873991013 1.0035049188812335 1.0055812174906325 1.0068358925756542
801 2.9631082851101382 0.997456926740478 0.9942744947114682 0.9910796082513397
547 4.272906260785021 1.0040300804914915 1.007882840271853 1.0113934199229937
53 0.10757292835660337 0.9976695015210351 0.9957388562436063 0.9940744774487289
295 2.9525678264490125 1.0036903343278645 1.0076510584223815 1.0113149128931282
922 0.33185197369493835 1.000254257656699 1.0002119802654883 0.9999736027928403
802 3.2091904291119135 0.9978124323791856 0.9958893671107549 0.9938982654796439
419 0.9475254288590804 0.9987110871384349 0.9979992130839905 0.997329393530914
166 1.5249417527356854 1.0040451235805123 1.00849264780011 1.0129424205575974
548 3.390679607658967 1.006552064110741 1.0119106289328605 1.0162973178277077
420 1.5534668340260396 1.0018693509091194 1.0032805284424802 1.0043667384705715
296 1.824666148495453 1.0001355378334853 1.0002157094915463 1.0003833836413112
54 6.383252686715423 1.0085074029559375 1.0151159664657805 1.0204441331165282
803 5.329113641140793 0.9991084010734211 0.9987102496296831 0.9989111704236506
421 6.215137546098049 0.9939525237838341 0.9887182119156401 0.9840286802819107
167 2.7673216372677416 0.9965817915458299 0.9938416634175672 0.9914322966501938
923 2.1469996354680916 0.9968182777113245 0.9950029593966009 0.9940909237717487
55 2.311933438761116 0.9985052533939226 0.9978576529451734 0.9973872427851844
804 4.237911150290529 0.9899244581795761 0.9830497800532481 0.9776577315404815
924 1.5646363335163187 0.9996109592611062 0.9993501038245572 0.9990567869776084
549 3.6884466390874877 1.0056847474991275 1.0074105563261562 1.0068329341263391
56 9.040025819424045 1.0071795756933801 1.0123442480072775 1.015844126029273
168 2.1948625359164 0.9922487622307611 0.9859934225303908 0.9809260696864524
805 1.0703937692233012 1.0018015826012412 1.0022780845831138 1.002213058801199
57 0.689079523408509 1.00030031727739 1.0001323364108843 0.9996518401768361
297 2.5962515550854732 0.9920943299854718 0.9854381470550332 0.9802959696755552
925 4.199481742518401 0.9916833897260555 0.9856864872153455 0.9811189332239982
806 3.5501220619316882 0.9926043681595317 0.9869836362802681 0.9825994525395737
422 6.8462332823200995 0.9926632561399166 0.9895739212807019 0.9888458441705913
298 7.653758516711605 0.9871830303577208 0.97829543706381 0.9717020600681224
550 5.439425482212755 0.9945515481013681 0.9920919267089905 0.990902352723236
169 2.5432574923652282 1.010572618906902 1.018423619291704 1.0241946078631183
926 3.5111034310648392 1.0067509763216806 1.0117045038317678 1.0157549414036546
423 3.6487975030977395 1.002291036236475 1.0031216660689886 1.0033330326158452
807 5.7049303246312775 0.9953471573377338 0.9912239660209413 0.9874271518576984
551 1.5722619868702168 1.0007494464876714 1.0017230049541508 1.0027257455646248
674 1.299241028895267 1.0234390991233677 1.0445910939600547 1.0635021195550736
58 8.644120310551443 1.0160161755209256 1.030048328240146 1.0421213308186927
927 1.9483605282312055 0.9985954903560655 0.9983953072966052 0.9989172942444189
170 1.512584265692567 0.9982246586265654 0.9975058029179587 0.9972214001105303
299 0.2742861725109833 0.9978994999198061 0.9966796337011594 0.9959013768423908
552 2.9763792247049423 1.004059134081585 1.0057718593891214 1.006241388778507
675 6.699943061739759 0.9983062175783173 0.9975194977153051 0.9974267033427372
300 0.38373250698168704 0.9998107052807236 0.9995017086370567 0.9990685867304581
808 1.4901885724775639 1.0044201033203817 1.0079466893731364 1.0107981902832133
553 2.300320404345257 0.99225290015562 0.9872293230288971 0.983767838642834
676 3.857709101295768 0.9998903844437129 1.0008776723686374 1.0023996338076198
301 3.9773456312195776 0.992874660762756 0.9870615258406464 0.9824693329348346
809 4.070547664496189 0.9902591220641433 0.9835587845786997 0.9787443054369708
59 17.87010422091953 1.0206629785567358 1.0362800102198464 1.048557531394317
171 2.063218652812793 1.0079738108265432 1.0145389016804651 1.0201729028491904
302 2.5324900434989104 1.0005759031622459 0.9994433084495765 0.9977630069906069
677 1.1912774265401822 0.9964945165185078 0.9944562739979443 0.9932120972243801
810 0.6707209706182766 1.0002846629186062 1.0002585666437307 1.0001655739258206
554 1.2840070090496738 0.9962158244076773 0.9928840007971018 0.9898510834210174
928 2.1454332267494465 0.9955428921737013 0.9942630545295096 0.9942614282481358
678 4.314870883905314 1.0023913636491242 1.0040761109178895 1.0051654092865148
60 5.034333672414505 0.9946281121463041 0.9888667230148794 0.983533123576915
172 2.794549181979164 1.0031806748040184 1.0058548686015607 1.0082794591058313
303 0.9439156763091887 1.0001902994047014 1.000040124811099 0.9997862268527541
555 6.036695539503853 1.0017871880923952 1.0031405376068114 1.003943829355053
811 7.03223486159186 0.9913818015170996 0.9852909951254197 0.9806730892575132
929 3.2819734398126457 1.0054790738157018 1.0080137822589286 1.0092118732689086
304 2.680264570288273 1.000238203573723 1.0018638385612793 1.0040499671495966
556 0.14673184330422373 0.9989521110847284 0.9981058387135484 0.9973422700854626
61 1.2293872647296666 1.0033253207855521 1.0062245601511823 1.0086077236800464
424 9.226081253191296 0.9773284949063717 0.9639848422896897 0.9559771701841777
812 2.7668445609760965 0.9959589291464578 0.9924376713239539 0.9895494640884063
305 0.18018001714517595 0.9993237303842414 0.998805726386669 0.9983753680414812
173 5.970476049344143 0.9968660519860443 0.9939322216004792 0.9909543406739927
679 7.970783265633145 0.9874632501579201 0.9767154596258647 0.9676191660731612
930 0.7485114713872463 0.9991405104885546 0.9982433605611571 0.997367343143344
62 0.3107412281806319 0.9988525736643573 0.9977179356616875 0.9966399404061348
813 3.1038355516120646 1.0094785126226462 1.0171191588323876 1.023259187084684
557 11.613536002168985 1.000521873592761 1.00202738699191 1.0032548474490943
425 1.0342127730327775 0.9997315340113662 0.9997396528114117 1.000132063937366
174 7.054190689928873 1.0049281465955142 1.0092401556611372 1.012628350426684
931 1.154426442562908 1.0023099827530766 1.0047643084844091 1.0070443462899
680 2.371182725932158 1.0029678182181518 1.0065482880100285 1.0101268667900736
814 0.6601347703526699 1.001803705340173 1.0035007473983604 1.0050270088021134
306 1.6489230419992964 0.9952467307201439 0.9905279892044246 0.9860840760816052
932 5.592844452847203 0.9928842073779285 0.9862064762836763 0.9799687130364814
681 8.882907832625278 1.0009510579665546 1.001971518322243 1.0026543105346175
63 3.9583041799523926 0.9988822438399518 1.0001847115371807 1.0025830149186177
175 4.713569828034451 0.9925003174008645 0.9863485825168492 0.9815392040522433
426 0.47755066625722975 0.9972018503716015 0.9949170125487975 0.9929743704447964
933 2.7878774914224778 1.0009013769427852 1.0008407213955681 1.0002897656137801
64 7.4007241838571645 0.99973005665829 1.000166456958567 1.0007281160751549
682 0.727096146578333 1.0039122002139125 1.0063163533951303 1.0079307732801466
176 0.7007953578577144 0.9977230953375491 0.995862244973141 0.9942880894710874
558 17.627744328256085 0.9818595573919702 0.9672323185803402 0.9559069579975125
65 0.4463075707171811 1.001387516959604 1.0024682619829401 1.0033127380463702
307 2.736666219559993 1.0020275810363621 1.0058842529133025 1.0103932123868478
934 3.0167723826725705 1.0012712614760946 1.0039590086826629 1.0069527914034628
66 4.255826128048284 1.0106827124966462 1.018288180024385 1.0242020419622975
815 3.1189096381367563 1.001520674600412 1.003396714907507 1.0058445288025462
559 2.8929921477028984 0.9991316899170761 0.9972997488951529 0.9950382295105893
308 4.385423343273942 0.9870032954848644 0.9775658946214861 0.9704358177472204
67 1.0046647665694763 0.9981677448897489 0.9970301256240758 0.9961943449534865
683 1.9769551480512746 1.0080572436879491 1.0152554489724697 1.0215263114772868
427 1.4662764001423056 1.0057379601434706 1.0087162397688119 1.0102598312433178
816 1.1847366977781348 1.0015378764285292 1.0023846133916092 1.0030066334160836
309 0.3596511050218396 1.002643758751793 1.004297755749832 1.005356904959425
560 2.251731703776386 0.9946526211051073 0.9920844986411029 0.9908781016140937
684 4.589151206744646 1.0034220447691253 1.0063888050313472 1.0089051582116486
310 1.620512489529574 0.9976599681221331 0.9955306298867559 0.9936702633663241
685 4.559375633114541 0.9951924018865481 0.9910155022843978 0.9873073147536138
311 2.6079952659711125 0.9974562501039502 0.9962076067699724 0.9957514156937234
428 6.096238880862074 1.0067268586812057 1.0122792291200247 1.017143221027252
686 0.615836893543019 0.997614088395737 0.9962282261512132 0.9954525125485627
68 4.643502661969251 0.9864035873727263 0.9781227291570882 0.972738740835835
817 7.000953558590481 1.0163922728500896 1.0309899609088595 1.043635899549045
561 4.106837042581901 0.9831878807530094 0.9719530140571345 0.9638024461608176
312 11.037385360625194 0.9941087491425314 0.9885153891479608 0.9831772767867474
687 2.819044289948579 0.9929448430382843 0.9875177447671405 0.9831806950990667
562 9.48553841748435 1.0095221710114206 1.0176406181553492 1.0243801594619324
313 2.3746959308355144 0.9916733479297135 0.9836494004801457 0.9763813201282994
69 4.159920921088997 0.9886637490008745 0.9806336373301636 0.9746373693213518
314 10.103101242704724 1.0066868003002072 1.0112686805485975 1.0144737904788699
315 5.305579329253305 1.009283570169951 1.0166448523374283 1.0225119017066149
429 8.030031865348064 0.9830855340757353 0.9686879948134098 0.9574007471005166
688 5.534592573541886 0.982725674786059 0.9701029034082161 0.9601684399597297
70 12.567299086827916 1.0032719009078808 1.0072811711970713 1.0124512249107382
563 4.893256107732668 0.985324142968366 0.9727368959264819 0.9617527969460706
430 0.5921936968516093 0.996948097956664 0.9948192638265518 0.9933002899291185
177 3.535904951442717 1.0087827212285823 1.0218674186043875 1.0363827707608173
178 2.6151654188179236 0.9947227015241764 0.9907008735601964 0.9876449914923194
71 4.237227734507542 0.9967147392228052 0.9935685633717036 0.9910586570908946
431 7.5720660318274895 0.983175156782185 0.970721968119726 0.9612312416284542
179 2.1120286129953456 0.9994226032560167 0.9980079977571242 0.9963205718864154
564 7.201649180939057 1.020656163638928 1.038019409650867 1.0523426136223328
432 7.64644925862558 1.0014668349025158 1.0014154580857104 1.0007663973705012
72 3.027722402011932 0.9987336063329116 0.9976035352382983 0.9963351751462703
689 7.360277030220459 0.9932456278242865 0.9917347103109939 0.9925782096419787
316 0.8273184165009297 1.0087285447588235 1.0135797546348368 1.0164944463827041
180 14.34623870626092 0.9919212516920106 0.985448264584745 0.9801953298191943
317 6.242950270747315 1.0024359095198663 1.0044411898969823 1.005935139017704
73 2.1341539109071164 1.00564471084914 1.0093392747770018 1.0118371041995988
433 2.3805172193806357 0.9948473039347379 0.9911193224596736 0.9885150177996506
565 6.092406553420005 0.9904474222201646 0.9856397485607259 0.9827517401801684
74 7.425539155399747 1.0078020289885488 1.014436067211926 1.0196632702171256
566 3.8202265736726986 1.0002428142757087 1.0007888974835264 1.001324463313627
935 18.436459625580028 1.140619208630537 1.2618322194936868 1.3649863923003651
181 4.374256490094922 0.9896597563070888 0.9805356665439761 0.9726363654851259
434 6.247366285771932 1.0048743843474015 1.0100161494574302 1.0150979123025365
936 2.679794999314254 1.0031828002541394 1.0052043607736318 1.0064891897584176
690 2.8719609720810695 0.9947440014394104 0.991956409452867 0.9902112736429248
75 7.292259840396582 0.9902814164926071 0.9824732832285761 0.9762076027414426
567 5.691168702098366 0.9946785470392443 0.9897290670793503 0.985069914323713
318 2.073712582423468 0.9994169885064279 0.9978312466825148 0.9961927311507685
691 1.9604827330676926 0.9957534416140579 0.9922466892222269 0.9892281719392153
435 2.161740061299497 0.9995100589938879 0.9999667824492434 1.0006497494265654
76 0.7946106795880041 0.9997880946063293 0.9998152861989315 1.0000929307302926
937 4.431456898564647 0.99837271061933 0.9955177378206027 0.9920762697011142
319 0.07464190503014834 1.0013145623506274 1.0021095901201527 1.0026456711630847
436 3.029363503386776 0.9983137844826987 0.9987460687320144 0.9998049724376163
77 0.47602759257097205 1.0012828145587815 1.0024193846778113 1.0035223115176102
692 9.239861638117873 1.0154639047409706 1.028986913542375 1.040022746833047
78 1.9070112376430188 0.9999156994263635 1.0000235271234768 1.0003510214142435
182 1.8532888918762183 1.0047878418901042 1.0089507362424162 1.0129334695803935
320 3.001992879986574 0.9970519668645893 0.9950538293129447 0.9939221144955076
693 0.18029280241171364 0.9997591530849623 0.9998428520495256 1.0000152539065545
79 1.8087923031034734 1.0018106055679497 1.0038485900594178 1.0057461182918195
183 2.790200277695476 1.0026054578449077 1.0047080369839683 1.0063330871904284
818 14.193616622220361 1.0890793355632442 1.164708248165715 1.228498098258165
938 0.9518271283013746 1.0094949016436243 1.0162353670943098 1.0213508992509603
694 0.7500272822617262 0.9953766925102477 0.9925599821030144 0.9906208890052934
321 2.072839195259803 1.0028969408884623 1.0051774789456571 1.0072470697760192
939 1.4675312462004513 1.0031000445727565 1.005726812761569 1.0081226765180418
80 1.42048248287756 1.0097069128554033 1.016671580412837 1.0220010599395706
437 1.2604088269472413 1.004340888388277 1.0082410695132822 1.011855529922051
695 4.047362396611788 0.9994795166883849 1.0001741085966211 1.0012236571045787
819 1.4351556766287104 0.9993669185567592 0.9987981004453886 0.9984517466086288
438 6.912982717749401 1.0061034342395616 1.0094943548884803 1.0112155670532468
568 7.324408789139852 1.0225732142915174 1.039078883535367 1.0510200360673447
940 6.631535326909216 1.0073257043477863 1.0133788900219025 1.0184356972759296
81 2.3016132005577674 1.004567872065768 1.007673040250591 1.0099039417791498
184 0.9447715594469628 1.004305551081936 1.0075309449938863 1.010041785677774
696 3.0507005977360677 0.9985620027564072 0.9971790447832238 0.9961828843177631
439 1.1002800899423164 1.0017105957273131 1.0020933551329576 1.0018608341865953
82 7.616702755345614 1.008685569838537 1.0160540501165143 1.022256730146181
440 1.798370683532994 0.9988145751317825 0.9976492654242978 0.9964650738474815
820 1.5944176007178612 1.0094194914246886 1.0152106707551252 1.0193788615383927
83 0.9216577479583066 1.0059016163513883 1.0096345955132866 1.0121871569012073
322 3.2668852931637957 0.9993112155145465 0.9948311982755054 0.9894735890631133
941 0.5989329524436471 0.9932605180804202 0.9883062205693239 0.9845809893286591
185 2.6815368477855372 0.9980491776142415 0.9968665174903822 0.9965377780487277
697 1.6656891015954898 0.9941146613563053 0.9910783463860762 0.9893858694069319
821 4.743695596436737 1.011904058913248 1.0220529260090496 1.030634760251907
441 17.192346190091484 1.007635552601069 1.016264870223882 1.0251456934113068
942 6.400956436393244 0.9974557727519134 0.9954381834397618 0.994036169162413
84 2.2104371544319292 1.000376257942155 1.0010161436848526 1.0019295055340454
186 1.8577922012664203 1.0023156808908886 1.0054308818771558 1.0088194368583672
569 2.534806365987606 1.0246949843237065 1.039617778632478 1.0492515625189685
323 1.2224965123150469 0.9952760649490039 0.9918260202223176 0.989389943168305
187 2.690079653653811 1.001662419662753 1.002684750424777 1.0031568044227297
85 5.766686208688043 0.9985709113889919 0.9973705914120918 0.996011402595523
698 5.622272271715701 0.998192677409291 0.9947611533578974 0.9904675738768534
570 5.229666085815552 1.0023312836257168 1.0041103519143693 1.0053506029623687
822 4.086067984588226 0.9882921498328989 0.9799147243437077 0.9739362646169415
324 6.223230175239223 0.99708071634197 0.9944962046485925 0.9924553864317854
86 0.9217596501730441 0.9976703429736822 0.9960802075906002 0.9948933947529338
699 1.9668558707580814 1.0004086850016212 1.0012401424934125 1.002186165276641
442 3.387361286617306 0.9966384308107151 0.993776419581687 0.9910072336354037
188 7.31405815511971 1.0124534023763319 1.022384298312688 1.0305292176451895
87 1.6070186650358664 1.0012125525513773 1.0030409397492546 1.005085602118023
943 6.841216306584101 1.020024436254026 1.033099467062874 1.0415321745354567
325 1.7028058219493687 1.0052409632895634 1.0091494451469314 1.0121651547080592
823 10.349247241691046 0.9998071302110868 0.9980483632239958 0.9953799793619044
443 0.32693854548051604 0.998410061631853 0.9967838668128869 0.9951605645791863
189 1.1225393804597843 0.9985119474482271 0.9982726818238538 0.9984243165422162
571 4.995312489792923 1.0056530049132286 1.0102908103600925 1.0147566543652387
572 0.26570349989015085 0.9995350161871789 0.9992761460481707 0.9990787076056745
700 8.13155256801474 1.000280182459279 1.0014219783526013 1.0034143686360366
190 1.895718591138575 0.9987778330073298 0.9984209413875078 0.9983704105079445
944 0.4383946341149567 0.9998880847426367 0.9992638225859936 0.9985565749485769
326 3.456935873051407 0.9942441443594213 0.9921097565646256 0.9916459021249308
444 3.8819748948062625 0.9885063577597193 0.9800517053600268 0.9736301444100091
824 1.7114437456020823 1.0043484929974953 1.009370203335163 1.0145224903931487
88 5.946367826687492 1.010683388110046 1.016410794425323 1.0191660812506367
701 5.649057859378445 1.0032317676167846 1.0073612621655728 1.011585689731651
573 0.7568518042698997 1.0055065770741516 1.0100111608590128 1.0136922589565203
445 5.841973437432898 1.0090289146772071 1.014735906467227 1.0186876668401854
574 4.247358571628865 0.9997237926006312 1.0007376166723085 1.002247919947312
825 1.9174012666881026 0.9968497715378941 0.9930244703178455 0.9895243947690162
191 14.306260519124407 1.0148122552641077 1.0256550220383172 1.034736332790949
89 2.8637917980449856 0.9997815207977105 1.0007893522227458 1.002509364897169
702 0.41694752708644955 1.0032505605587 1.0050252577575243 1.0059757970137426
575 4.309625345371387 0.999494801113561 0.9983380570840551 0.9965794551553402
446 3.2835399508676346 0.9884009710728774 0.9811659012551697 0.9762616849545509
945 3.0744686197285773 0.9974181003595797 0.9987173889396053 1.001599587509904
576 2.3002732526729233 1.0011521398338197 1.0027907660514592 1.0044044034000401
703 5.248430770872801 1.0024287719860585 1.003385009849203 1.0038690816735663
826 2.824838497754172 0.9997001572024236 1.0013876900340262 1.004080227303539
90 16.072308938222704 0.9838279598203534 0.9716374067592668 0.962086161548577
946 3.1886615201001405 1.0039136035605316 1.0069177035496037 1.0094200195988603
447 2.41948289800348 1.0048478741639648 1.0098410753574956 1.01462134860679
577 3.1283983062239713 0.9935955724514025 0.9876895504293394 0.9821779606382102
192 1.7401689924445236 0.9998284454440157 0.999092320571807 0.9978188907015708
827 0.36975026176332904 1.0002892562069454 1.0007220730805215 1.001218141323461
327 9.57880465981907 1.0169261973439825 1.0318042862793506 1.0444234811961377
578 3.842351438712285 0.9997989678039287 0.9996040563505797 0.9992964620684323
448 0.5303480446800677 0.9970489129733089 0.9947744613065866 0.9930384682955982
579 1.6954472595134575 0.9979426148497867 0.9963124570376976 0.9951105686593963
704 4.498452874906434 1.003598443090598 1.0045116065031605 1.0041110719718427
828 0.5574778106456506 0.9989700516414786 0.9975092923086267 0.9959607122605504
91 0.04017613377618545 0.9995628504478662 0.9995729904867361 0.9998025998818358
449 0.49361030868749367 1.0029467644179244 1.0053453980986828 1.0072859388637025
193 0.629704755729108 0.9982528202424142 0.997223933749417 0.9964280426346909
450 0.6170014051986072 1.0035692623054644 1.0067391005544934 1.0095275348844064
705 2.3404776551196846 0.9956827216080141 0.9916282541969414 0.9879624135248092
580 1.7955133425984968 0.9969220549457811 0.9954001765503608 0.9946902004423133
194 3.6009675876302936 0.9918179332236338 0.9854763994479527 0.9805369833150536
92 1.1606639804231236 0.9933220751408112 0.9886057712044 0.9851497893335015
581 1.3866922296801931 0.9991831480387557 0.9983426498221513 0.9976424619466381
451 13.028355705464492 0.9858280522836728 0.9733869656616284 0.9626323785240656
93 1.6133683516163728 1.0044702353821928 1.007210744051509 1.0088158528593465
582 4.589685953553271 1.0063489717385636 1.0110464308563267 1.0148531229150248
452 5.534661345778659 1.00026641550249 1.0000606324418995 0.999568937289792
829 0.27188662131993624 0.9976935837583488 0.9966984393153219 0.9962257208989782
94 3.443642222237031 1.0056428257970578 1.0085250478628014 1.0097789223035862
706 1.103167775860129 1.0124121721005486 1.022447661760166 1.0305441269735989
583 15.830689166257798 1.011825759963814 1.0215430572590116 1.0299643357352348
195 3.754972259797796 0.9892494646625367 0.979959075793374 0.9718119311164894
328 1.6374234435279504 0.9863384744438752 0.976357903512075 0.969278810542533
453 2.863372834697657 0.9950815176128123 0.9896926683376913 0.984458367513699
95 3.5147478954513645 1.007164684377214 1.0129559868735125 1.0177391206312119
196 0.8676929108423792 0.9978668350535305 0.995968788906439 0.9944186270677954
454 11.433376208316986 1.0051190396486835 1.0094386524126893 1.013017529242471
947 4.762504257307228 1.0314507748521091 1.0560799743986118 1.076511112823431
707 6.432946199445723 1.0061736041046896 1.0138172053568364 1.0218797947761529
329 1.1279080414315104 0.9991566437375792 0.9983901655116295 0.9975859470114472
830 3.7167494286895817 0.998160911987639 0.9970952454142742 0.995858509396533
96 0.13896168663268327 0.9994668290540106 0.999563282939579 0.9999585151940293
197 3.8404825561901816 1.005275523618593 1.008687913086188 1.0110969645047245
584 4.0229248117721 1.0088082509887195 1.0134786046217672 1.0154802628084802
948 5.506340169071336 1.008640731735196 1.015014523074971 1.0200921467375155
97 0.43157689918189135 0.9986784582973041 0.9980659397631748 0.9977556554714986
831 4.888733205467361 0.9995406789009794 0.9990270957031757 0.9982944668132845
455 4.9105017574311205 1.0027709275662655 1.0051515553778108 1.007576548991756
98 1.167768023107783 1.0037278780004588 1.006046057753237 1.007609416856508
949 1.4228114501911477 0.9969803809909135 0.9941153133885617 0.9915021396238964
99 1.4868536540561763 1.00020062717645 0.9996248585773988 0.9986589916451145
456 4.309861858788281 1.0034471658972923 1.0056831014688816 1.007589065562661
585 1.653348472485959 0.9992311988876222 0.9993407319024744 1.0001185180571983
330 14.095514351101883 0.9772753185120403 0.9596711706288585 0.9455439182978742
708 5.467621364939987 0.9922841133285134 0.9845119102921779 0.9776150282835798
457 3.4145624029224564 0.9992928113921669 0.9978832018787125 0.996350407471918
100 0.6682026336220588 0.9979672414602265 0.9961493311447954 0.9946024949594579
950 1.0386420311406255 1.0054328062974731 1.0092798124064055 1.0120598462058243
832 5.326870026681718 0.9862124185068039 0.9739313945243268 0.9634585750291023
101 2.902785507531007 1.0069634492390829 1.0127204740065503 1.0175687735929773
198 7.241834291529813 1.0177522486683848 1.0305029349056272 1.0398729451430695
586 0.37911715371592436 1.0009956114890581 1.0020709405161787 1.003047909883561
951 4.841305684905819 0.992758679196194 0.9866977559007568 0.9813646532912277
458 6.6086253713419865 1.0030179754632318 1.0052843979928863 1.0071652661024966
709 1.6604839588835603 0.9963436088052026 0.9933455489212911 0.9910283224196066
102 0.09040909262694186 0.9998400120977133 0.9998583759912426 0.9999535843867356
587 1.604763990830179 1.0050028808418947 1.0091152587887198 1.0126911052307022
459 0.30670710337471974 0.9993114285309587 0.9986347035951071 0.9979484324787975
952 4.749786424499689 1.004502487787353 1.009402033352835 1.014169096600141
833 2.087125546853713 0.9969066415121305 0.9955952190274533 0.9952638803820012
331 2.4525765763573872 0.9966173639698336 0.994108736018191 0.9918328384010834
710 21.169728135015248 1.0205371984049996 1.035982316807942 1.0477407609894926
460 3.4879303345642256 1.0020488709278372 1.004463697810377 1.0067569901148625
103 1.3720281475543743 1.0012724747117245 1.0013577752245273 1.0010100012049423
953 2.778542068779643 0.9912390746532259 0.9836468239009386 0.9771039236333718
332 0.06998382887104526 0.9992487319142503 0.9987213327075025 0.9983496155512215
199 5.0486890998909075 1.0169266495433307 1.0302338284355357 1.0412436306662176
711 0.5746651676090551 1.001400874979082 1.0023616902766546 1.0031542238613136
104 0.16431980931702128 0.9992693068345427 0.9988017558762874 0.9984923439103164
461 3.704308026324725 1.0004847532358006 1.0016300816234833 1.0028188139271281
954 2.9945670404867997 0.9987560991721601 0.9978923145156654 0.9974092934213478
712 0.7267528554657474 0.9999606148400253 1.0002006049279688 1.0006314524663666
200 0.42085649336695496 1.0012667638094443 1.0023829848441417 1.0033592715343285
105 0.9834696079378773 1.0004166172020492 1.0007696874061534 1.0011794705626862
713 1.7609161011459946 0.9986911352189709 0.9979196124302447 0.9972751431269319
462 2.4925714102009806 0.9996567447238103 1.000587439648098 1.0019874289066772
834 3.305089994721129 0.9919720436393172 0.9866669801141824 0.9833129260485511
714 0.8533882554820593 0.9987289975134725 0.9979372186524089 0.9973553215949342
333 0.5873181637125526 1.0007125643935468 1.0007839819680524 1.0003563179839066
201 2.286860800184513 0.9986547225527591 0.9985581534843355 0.9989503066165077
463 6.755888584597415 0.9968742495683984 0.9942783075847021 0.9923103724295442
955 1.6943490836474666 0.990840324799159 0.9851826718447289 0.9812907280780148
464 0.8818430821356742 0.9999913469771393 0.9997967862104977 0.9994336943966414
106 1.4121744426684018 1.009339434976455 1.0157386119643204 1.0204147692072092
588 10.917777435342941 0.9723318233437981 0.948906754200169 0.9286607773592622
334 0.8575205950801319 1.0043758407615 1.0078308127314703 1.0106114596419045
835 2.9105790779649396 0.9951600195482033 0.9921587118253483 0.9897446692060068
202 2.002868023246265 1.001278015913272 1.002327803381836 1.0034225695130126
107 5.028091654914533 0.9972792889189867 0.9967981178382875 0.9974220710896217
465 4.2125572321510845 1.0011877133779343 1.0026929578370207 1.0045742662588921
203 1.6831738125911215 1.0012610195791096 1.0018183912898158 1.0020251175559376
956 2.0436891449699033 1.0002266134987343 1.0011694219788616 1.0024378793492703
589 0.4125254545488133 0.9972020153533842 0.9952867314394037 0.9939241381975936
335 4.581536047342524 0.9940122314730867 0.9890205301876068 0.9847855370469492
204 0.46357739692575706 1.0007517248133508 1.0013811599697788 1.0020301573978494
957 6.797358296165839 0.99796237040477 0.9956612491004916 0.9935645666542856
466 5.878514004858516 1.0105386909547391 1.0182090268840613 1.0239001070603133
336 5.946785525547966 1.0136006221793106 1.024166944220647 1.032721011702159
108 1.346146821282673 0.9984339016260283 0.9975522883719746 0.9968625902927346
590 0.8961100362867 1.0004198814954792 1.0010599425740714 1.0020131459559534
958 1.3223688110338117 1.0029002804332818 1.005082508642593 1.0066457991542697
836 11.74502428068081 0.9768693193094088 0.9589181586977588 0.9445512958730456
715 3.3064312825590605 0.9872491065725612 0.9767505025714014 0.9679582660289269
337 7.111079115853499 0.9894480250599629 0.9810457379582377 0.9742211053300003
467 2.109772078201786 1.0031900330349777 1.0055494729335328 1.0076106231919288
109 3.3771169372812437 1.0002902383886754 1.0013835416514973 1.0027036776561078
959 3.8459061504836427 0.991522556344038 0.9846879586986796 0.9788888359114436
716 1.1243171843489108 1.0038652205544294 1.006754426939372 1.0089632175943193
837 4.465225684079996 1.0027610287105255 1.005474505386337 1.0077811973830622
338 2.808715442637549 1.0044397638425633 1.0069845280032768 1.008675730726404
205 12.423843637705431 1.0111137459478374 1.0214596408520653 1.0313879255394711
591 10.727797120382093 0.9855046334996408 0.9739791449148366 0.9645094968332698
110 0.09674248478768277 0.9999815436575127 0.9996865730181312 0.9992980272123835
468 4.947402480467645 0.9918641522160522 0.9861258394726169 0.9818852265448578
206 1.894133812011205 1.0018530371979444 1.0026890241324373 1.0029877019109796
960 0.6442825660233211 0.998602113342327 0.996930657243197 0.9952872056361587
838 8.128640234985141 0.9913804965356603 0.9841996301082129 0.9783250675948534
717 5.290471178150256 0.9782939295742143 0.960952476011114 0.9469880479768079
469 1.2945107638861373 0.9974669094040176 0.9971733272335205 0.9978829963270329
207 1.4391335342606908 0.9978916577809426 0.9959057640249097 0.9940031748287873
111 3.2277064510417404 1.0023261421789365 1.001489530694128 0.9990515964289416
961 3.5182109800571197 1.0005319727434479 1.001824772121642 1.0031912884039804
339 4.798180351977862 1.0177411294354513 1.0325282909530382 1.0452659156782418
470 1.5148396944896376 1.0042882267020543 1.0072558458760525 1.0095879718131668
208 10.492201741664758 1.0040548796018698 1.007248510874275 1.0095528331803518
839 1.715722239063325 0.9953153154002436 0.9921290498276965 0.9897445603005492
592 1.0487309087329777 1.010108853931388 1.0179155590526332 1.0243917829636005
112 3.901521254078034 1.000570730875631 0.9991647507305109 0.9969741986041312
471 0.9007019101209153 1.00340667568986 1.006122499725732 1.0083936572650056
593 4.402332584299074 1.0044481912447287 1.0084604581466667 1.0119804476085752
962 0.8073771138006123 1.004467102250823 1.0073838056163917 1.009393109441526
718 2.1075065011227707 0.9918831270104568 0.9861721265927635 0.9815256914335484
209 2.674826523914817 0.9983519848617408 0.9962332575899414 0.9937755807383967
472 1.7060732884929166 1.0041627476151742 1.0077253960121355 1.0108105262723648
340 1.6754365533724922 1.0045893592101345 1.007464445674195 1.0094229594720812
840 2.820187817847909 0.9948260039007262 0.9900733450643407 0.9859985467363634
841 3.601450521084189 0.9986170482148293 0.9973059189484874 0.9960730832871135
113 6.806196714820544 1.0053492221175775 1.0104459666165393 1.0146642262601668
594 0.5525234009819542 0.9973336322562839 0.9947182564587609 0.9923513055632857
963 1.5491687713438296 0.9924369113868429 0.9877539404007356 0.9847280746599693
473 8.586949490876577 1.0054346035655293 1.0092240608454541 1.0122418366806376
341 3.479867700016257 1.0068899921480596 1.0119396091530577 1.015960979128029
210 1.6258996493488667 1.0039047875580345 1.0071500640727082 1.0098000799534783
842 9.512832132468247 0.994607594866353 0.9916998715490554 0.9903313842900697
342 1.1080406279215822 1.002989251378907 1.0052729556290774 1.0069746006429894
474 0.2675409380499332 0.9986672786707356 0.9980835916294057 0.9978903420856194
114 3.0671929011150496 1.0070778971643644 1.0118480343222522 1.0151342284990668
211 2.8303574090114125 1.0020240964078662 1.0045295624027488 1.007286867528855
595 2.8004262462873157 1.0063653989872265 1.0119985152791544 1.017219585750805
115 1.632729527194897 0.9989131746348677 0.9985776966393037 0.9986592100328106
964 3.8630914081622905 1.0194371669198972 1.0339354789592794 1.0451450069185368
343 0.14784943941049278 0.9983088863946671 0.9969607848892836 0.9958061855661856
596 0.9935295501509245 1.0041266783313727 1.0074733841502006 1.0103064160747437
212 11.857375399367811 0.9953012435978317 0.9900435710284319 0.9851577447481793
475 1.3638825084199198 1.0003959971299414 1.0020339986989282 1.0042296467662146
843 1.1068527068855474 1.000906642948745 1.0010894893401747 1.0012140707365111
965 0.49313395006720384 0.9995028145426026 0.9995614875081639 0.9998775750942054
213 1.8733556770221185 0.9989837720802586 0.9985679476302787 0.9984716959987451
597 0.880451860908579 1.0016803422001013 1.002372864646692 1.0027274776086654
966 2.6001737888072967 1.0009408956124217 1.0015864505922119 1.0018824751514954
116 2.0220828334749967 0.9962655982699071 0.9940609373470398 0.992467236960429
344 3.2255618909402983 0.9999823913130176 0.9987756301921693 0.9969631010406671
214 0.9356876636938978 1.0009312943549822 1.0013937645349082 1.001445547498322
345 2.4850344820242753 1.0012134791556477 1.0017555178866115 1.0019599543067974
598 1.9365168677941256 1.003785604005929 1.006514916451127 1.0085312479564206
967 5.511454114977823 0.9943777217366744 0.989521545756827 0.9852694048730896
476 1.9082960520699999 0.9942832519780767 0.9904735548009077 0.9881965275132873
346 9.424799088736108 1.005551455496637 1.0108212027610872 1.015724519937112
117 2.21873347663859 0.9974005795835511 0.9968526679024515 0.9974439437860324
215 3.0124092858513905 0.9968266950996385 0.9961315699036881 0.9966029649021583
968 4.226612163914979 0.9977019859398084 0.9949241862783418 0.9919884703453036
844 0.9417418599568919 0.9911415569819454 0.9854802380829271 0.9816321340263469
719 2.6694357023407065 0.9875078010035458 0.975231556737505 0.9642833304319478
216 2.7712745884964534 0.9968303136215303 0.9948464089387811 0.9935227115194342
599 2.5098550704842637 0.9835676731026523 0.9710023971715367 0.9612856721382681
845 1.1476270123366703 1.0007086466577155 1.0017586754758216 1.0029240638681152
969 3.0110304316167458 0.994010098440223 0.989210566551787 0.9853085156325408
600 11.188641016067777 0.995894019282257 0.9930204689093142 0.9908812628780139
118 1.7780840432042169 1.005439656297184 1.0097939665069773 1.0132908932416607
846 6.056109847108019 1.0019373671095229 1.0044539061918127 1.0071038235038456
970 0.3530781312365434 0.9995162470718585 0.9991654526408458 0.9990099729362744
217 2.779658377439773 1.0011213323151085 1.0006093424761755 0.9993065534427941
720 5.09923047868142 1.004309148595919 1.0088180999581378 1.012675725133807
119 6.443822182580334 0.9968691177782953 0.9942446964493791 0.9921406505198418
601 7.485039992890961 0.9919822213862781 0.9861399668811293 0.9815938340715367
477 3.449357279623655 0.9900200220314596 0.9818348291191037 0.975647855596235
120 0.38096491719079495 1.0006399437974738 1.0010849547578557 1.0014747925777943
721 1.4038961613696301 0.9970616481249083 0.9942862014045306 0.9917508927132548
347 3.428805930645467 1.0163111876549484 1.0295281874947624 1.0405835690303384
971 1.7312327124254807 1.0029287165095275 1.0037042948350376 1.00330447563834
847 2.4050938990585564 1.0052916595530788 1.0085188123859286 1.0105103585077972
602 0.3086707829443185 1.000512501873979 1.0009034406708874 1.0012664900442174
121 0.33860562765039504 0.9991185567044263 0.9984092273747044 0.9978289334176094
478 1.549192948908967 0.9967419012909517 0.9945425360016428 0.9929226584842352
848 1.824130925378995 0.9958188866054007 0.9922914522500312 0.9895134380323221
348 11.637854929107561 1.0162130491028005 1.0300607936102109 1.0418110561441056
122 5.821255695131185 1.0011156308756841 1.0031989268248254 1.0057264852803907
722 0.8183218473968736 0.9965993209627115 0.9939737757440961 0.991884909008621
972 0.9626030107629049 1.0045563078053368 1.0088012195189067 1.0123455853185097
849 3.288063136375058 0.9952209664511223 0.9911567606539895 0.9878800939324252
349 0.505309015750754 1.0036389769985095 1.0062093461936155 1.0081797025323946
123 5.0380053669832705 0.9965969279304537 0.9945445518264364 0.9934933251376535
973 0.40328066389338346 1.0003086497705223 1.0001358450716122 0.9997171522704178
218 2.2988452700119524 1.0115876685071967 1.0216635959756075 1.0304905008302454
479 0.4178530505487288 1.0061585433108915 1.011110041446442 1.0151188900215555
350 8.158262737146288 0.9851263065465694 0.9745051847336508 0.9663549263871282
974 0.9043353539273085 1.0057301662156561 1.0094619885057587 1.0121677066224721
124 2.4603496373383678 1.009450426963375 1.0167842621077554 1.0222123074389489
975 0.5999026894842245 0.9980828489371744 0.9965114334369845 0.9951975464150351
219 4.704927696519007 1.007761150478219 1.0135873782280862 1.0182402118536211
850 0.6677545037637174 1.0005834264652216 1.002264126252989 1.0041880790817732
976 1.2082585713378649 0.9991679051445123 0.9980035095886699 0.9967038235429069
480 2.421167256006811 1.0101461261427875 1.0179508287927146 1.0243805359797082
351 1.9252759968549071 1.0041394627444895 1.0069197258051634 1.0090442007476563
851 4.495379006850271 1.0007989897641274 1.00334782110678 1.0061929122321922
481 3.6066776820880477 1.0044473792063247 1.007547487348949 1.009736318974957
220 1.8737255142696085 1.0077158821011212 1.013370225225532 1.017443627973372
852 10.603219393207837 1.0042550917811288 1.0077546512730993 1.0106210777160067
977 2.729726853503962 1.005839829349997 1.0113701102684027 1.0163949058441608
723 6.955943982078679 1.0000914364747477 1.0054970385824589 1.0133160360258147
352 1.1367402492069232 0.9966490357144188 0.9941219827574614 0.9920963790025005
482 5.907841245973032 1.0041124321521546 1.006564778677822 1.008061158526545
125 8.800286800726099 0.9948711173707837 0.9900851764367192 0.9850857439490222
853 7.570326415505406 0.9864141724114645 0.9763319597408042 0.9686938198929184
221 8.026760061760797 1.0012070843883178 1.002478792136973 1.0041531297298176
724 0.21027676247285854 1.001573317312612 1.0028331795193992 1.0039006916098954
483 0.6854078998931072 1.0013346123838027 1.0019543993934044 1.0021637703779274
353 0.29855036457774986 0.9983602275933466 0.9970161685325746 0.9959253081447488
725 6.750310728832119 0.9972681070641147 0.996186426266196 0.9957389566044909
854 2.2129732042521937 0.9954114060161746 0.9918233140741687 0.9890084564659656
978 4.174749103076465 0.9958012276084616 0.9934853939724902 0.9923160693327339
222 7.723861787220812 1.0038216921415783 1.008067344052694 1.0123150943972086
354 5.40309951353629 1.0090432874672164 1.0174590153763432 1.0250896162183947
979 14.504304569407395 0.9879350795002626 0.9785576832953807 0.97099564603647
726 1.0456618549560517 0.9980074877136442 0.9966845336160924 0.9955955751585254
484 2.7358201520437433 0.9943689058585353 0.9915684331893165 0.9904193784394405
355 1.045547407507911 1.002032816102893 1.0034550628213643 1.004433198710509
855 0.5891749552811234 0.9962775328639846 0.994331790596699 0.9932117955598293
603 7.754517126517385 1.0514721906550317 1.093543695299209 1.127377046682235
223 1.4632515195498854 1.0035109981144854 1.0066835389783155 1.0096145375469667
485 2.2339163865108276 0.9958169956540543 0.9926108366163736 0.9901765816831661
727 0.02480756732802547 0.9994076598291787 0.9989963573908177 0.9986921123984407
356 2.246877725068771 0.9961784951344308 0.9930236015885594 0.990283919232299
224 5.477014489146313 1.0031387286680018 1.0062109960418835 1.009187526507769
604 4.155805269398115 1.0054699716403608 1.0098871376058973 1.013494805085578
856 3.1479239468771993 0.9987273014621967 0.9970784696501817 0.9954782327793246
980 7.3123462509083765 0.9924737580442456 0.9876560929069222 0.9848053621119922
486 1.152877736820301 0.9991358392353018 0.9987525998133797 0.9986630737239204
357 1.1704437210646574 1.0015779339407616 1.0031734745541225 1.004767058794927
605 3.2348460497578344 0.9974732976855858 0.995588662418258 0.9939317678386529
728 1.2155826560483547 0.9992368373723313 0.999088787020817 0.9994294476030334
358 0.45183311335131293 0.99995738101178 0.9996787591464459 0.999264517893308
487 1.9167164048867562 1.008797895557242 1.0150983775664568 1.019559519217045
606 3.354579822795131 1.0058325176858647 1.0101545667846348 1.0135298905347623
981 4.828503677961635 1.0069310856790272 1.0130951686941059 1.0189578683062555
857 2.0119392146516475 0.9947934885441805 0.9900474437126343 0.9856654738407877
225 2.5885442398594023 0.9950908499503638 0.9905436336282207 0.9867380248643777
359 6.692185418256486 0.9976198983549509 0.9970003964050816 0.997298676348419
488 2.039528704903205 0.9963063759045485 0.9947614798028329 0.9942177990812501
729 2.8866095636039972 1.0007303965814969 0.9993552903810187 0.9971157437662557
982 2.1382800467490597 1.0065229091904113 1.0115080665829328 1.0153557474717814
858 4.146021311871664 0.996178574071825 0.9940980196217974 0.9928526334889809
226 4.3399074313747406 0.9976767541302696 0.9952381471218156 0.9927120046696797
983 4.760358989262386 0.9955079338963828 0.9917111177454576 0.988502574440042
227 0.36798402213207737 1.000427161389881 1.0012020235711654 1.0020901984456487
859 0.519873247416399 0.9983310277551289 0.9969572349950939 0.9958694975179759
730 7.197161376398071 1.010172245141264 1.018634051345288 1.0255444612653142
360 2.282897185645197 1.003467934392517 1.0056064439078864 1.0070909417682352
489 0.9608315381919965 1.0016282817638897 1.0035795677551036 1.0056743527509207
860 5.117646855289422 0.9994141266908738 1.0002722343209443 1.0015348046331447
984 0.20158572570653632 0.9985366495914874 0.9975758954830074 0.9969265012235141
861 2.116728387431067 1.0020357175445689 1.0037733248871163 1.0054000188178605
490 4.726436087485126 0.9890926637488056 0.9813785305264608 0.9756066136240271
731 3.576937846280998 1.0059503919529829 1.0116895293618475 1.0170089468738177
607 3.28428621463172 0.986444821122933 0.97674121772524 0.9694210316952153
862 1.8533288026574155 1.0021944947953845 1.0037204952273158 1.0049277706650273
228 0.7323236869651737 1.0011176446228678 1.0018922571938802 1.0023125200371188
229 7.658436909357988 0.997039324884089 0.9947494974049567 0.9930302528102106
985 4.897792487132392 0.9923105029661305 0.9872596506220476 0.9837191764698298
732 0.9564723175135441 0.9972563390161 0.9956635826364048 0.9947275721190538
491 0.17355419919294945 0.9982236952388159 0.9971823320468534 0.9965943012241485
863 4.120663572881313 1.0042346879957051 1.0076168187607906 1.0103649051390933
230 0.2807964185212768 1.0014676361369876 1.0023826978453545 1.0030470686420514
986 2.446470183431302 0.9978374549976285 0.9957952930317753 0.9937002607465277
608 0.6633795225079666 1.00283811491599 1.0058193117326062 1.0085352880739595
733 1.0098258628204348 1.0010650217775603 1.0024456347658448 1.0040523161158375
987 3.0738738845993794 0.9982609963473904 0.9966050918216174 0.9951785752386711
492 3.3668675927692675 1.0088722020177583 1.0162889973612947 1.022738606345036
734 6.07584253288951 1.0017623233583914 1.0035341328186183 1.0054211472422219
609 3.7984702211761032 1.0009651295284523 1.000946828243818 1.0003669606672976
231 6.867333607167893 0.9965380357000665 0.9943747423328364 0.9926212334451483
493 6.774696001635675 1.0027740471035602 1.0073696327951502 1.0121353450269246
361 6.597204162040725 1.0077874497700428 1.0111571200004328 1.012617521885583
864 1.9839062621613266 0.9957099422188911 0.9920716999424375 0.9893366294196992
610 2.8320326783068595 0.9964987004107034 0.9932210677067538 0.990345174824567
232 5.392947237958651 0.998521163744225 0.9983375757035716 0.9988757603961786
735 7.655647085892269 0.9931204764582645 0.9872147743809125 0.9820655955387386
865 2.214235288063719 0.9980237239307408 0.9962268180756174 0.9945489681640385
494 7.183895026480968 1.010230050453485 1.0171128893533175 1.0219137870734747
611 0.7127313616347237 1.003498850189777 1.0065969835439748 1.0093214217452287
233 2.229256452897971 0.998171434780071 0.9968251883600224 0.9956675870425178
866 1.232791603240912 0.9967911578385427 0.9947309778748433 0.9931157386732115
612 3.8893016859074123 0.9977580304576783 0.9948255969512737 0.9917655025704355
736 2.7651719244076958 0.9948555367884862 0.9913431808620152 0.988613484632261
495 2.346152880931186 0.9887587943478572 0.9792387914743733 0.9712576282912535
867 5.186991771111934 1.0062881822018315 1.0125012416490902 1.0177915820300565
234 1.0137249898507434 0.9972888120431745 0.9945453447370075 0.9918094957031106
496 4.06123813575141 0.9999989969460945 0.9982691871405739 0.9958615575875926
362 4.80128414990395 1.0164537221828371 1.0275657913323164 1.034933066538314
613 1.4596719799046696 1.0006081938311757 0.999495698966611 0.9976813980077647
497 7.205614688451533 1.002341036834946 1.0051420824571284 1.007871054690175
363 0.20931522523460444 1.0016236482890928 1.0030645220634284 1.0044133219189992
614 0.9214260983790155 1.002578281285318 1.004339378810289 1.0054614760606355
364 6.600209670332333 1.0060907222878386 1.0105366508773195 1.0140380744311006
498 7.719815790573193 1.0085395055838324 1.0136039726205779 1.016799383640784
737 3.2612306655228167 1.0134686764924221 1.0243212006445945 1.0333420788787238
235 0.5975242793356301 0.99852051129898 0.996528789189521 0.9942815960184646
365 2.9935701690974383 0.9939900577548886 0.9901050369420851 0.9874617843018778
615 1.5211182851580816 0.9973165678878952 0.995654418530849 0.9945665528701813
738 1.1471602179080946 0.9968558344485337 0.9941841429558296 0.9919972464505182
499 6.048089704865561 0.9998394188482771 0.9986274667543877 0.9971600198517321
988 5.464532609592425 1.0011148018699576 1.0027191493036924 1.0058198947471249
616 6.888663541993083 0.997821320039805 0.9964957564308567 0.9958810735005431
236 20.294459503291364 1.0087756213449903 1.016502397770556 1.0232538118347425
739 1.0269804263261904 1.0030028649849252 1.0052489605652613 1.006937209856733
989 0.9748743881864357 0.9985715463289723 0.9971027328016236 0.9957218675394685
617 0.4650750806704309 1.0017338557346935 1.0031563842845042 1.0042770865475221
740 1.97394102461476 1.0061081584997242 1.011234463017624 1.0158189903331147
237 3.1637522931432613 1.0003543820511795 0.9993920514794763 0.9977439595405324
741 0.9859064107367885 0.9980945606458821 0.9968590188848195 0.9960533716418094
366 4.700897744525719 1.0016902313002578 1.0001809372000552 0.9974872347774052
990 0.5358424955174996 1.003929380287332 1.0077651314523293 1.0112108590317335
500 1.088816724375647 1.0119190515381067 1.0220193770527763 1.0304287861016859
618 0.6519068839206739 1.001117114680873 1.002547974894992 1.0038943781245813
742 0.23962160686096468 0.9985869594785408 0.9976185940724801 0.996867927759692
868 2.3582716739492753 0.9901811578842594 0.9793460993312476 0.9687824936484349
619 0.6056415585007926 0.9985173097474387 0.997481251870306 0.9967278801535578
743 4.513385462658334 0.9960332867727174 0.9926782639121764 0.9898609867084295
367 4.114335054782714 1.0056631456102898 1.0112557780652445 1.016271963285854
238 5.500998284756861 1.0028881402716452 1.004909756945692 1.0072910186547102
620 2.0644533115482773 1.000007208116508 0.9992575404187892 0.9982670883156239
991 2.642480607564721 1.0097136358230814 1.0170269149140954 1.0225664446875318
869 3.28753814371521 1.0044714948940419 1.0092992233534324 1.013987539176567
744 3.024579216276834 1.0032767040305879 1.0062513214070685 1.0091320811957654
621 1.8472687610519642 1.0056358406098225 1.0105944219051486 1.0148843984746623
239 0.056989842907569255 0.9996547687559661 0.9996255594939465 0.9997246938497277
368 2.228810908856758 1.001486401464007 1.0030969651010258 1.0043372296157158
992 1.5612172231139994 0.9961003157829256 0.9935112114126518 0.9917730558574661
745 1.5629222993939038 0.9982206913819347 0.9972572263062086 0.9968037635488882
993 1.6984186349036463 1.0012587873819871 1.0018817297943672 1.002038417204463
369 0.22427242408775783 1.0008909006517686 1.0011695387953838 1.001145568410666
870 0.610952133900355 0.9978007634572671 0.9960649154030286 0.9947762035215807
240 2.3743428184134245 0.9918402979775616 0.9861104506087955 0.981926081152276
622 0.4395827750686294 1.0027663741892319 1.0041057871563588 1.0046773704172158
746 5.421694909340658 0.9944443524225027 0.9898720848896326 0.9860266720882571
370 1.1136173509257787 1.0044848827215822 1.0077567879834939 1.0102961238174464
747 2.518281934580955 0.9959025584496545 0.9924475118555605 0.9895541851200103
241 0.75996843345456 0.9994437985581909 0.9993507253040296 0.9994030191533467
623 1.7567034264338872 1.001619901812872 1.0022251115508205 1.002385295149105
994 0.7219009125728917 0.9992598909218343 0.9980016903569678 0.9966268393667184
871 2.920135178730561 0.9954662792255087 0.9910676480811531 0.9867574501628857
624 3.068736486542548 1.0009714600778616 1.001940530933428 1.0026098051439158
872 3.8213551845565235 1.0031753346618153 1.0059102436227707 1.0083125588355302
371 9.477770895089634 0.9968698657692323 0.9930049349709303 0.989354775889335
995 1.2649563091508753 1.0016325517625033 1.003109722749774 1.0043163328326197
242 0.4158952324578422 0.9994765641162581 0.9989502980178897 0.9985801408227699
996 0.5122346510634088 0.9996742831584507 0.999158245044252 0.9985481163718121
625 0.6831225252044533 1.0055067592072988 1.0089579528094277 1.0111683129774678
748 2.674261181588008 1.002099809345689 1.0050272496188006 1.0077817446944886
873 1.242320627286972 0.9947153398877175 0.9907157207412274 0.9878085026342108
243 5.442628313909154 0.997159839380335 0.9941508980120212 0.9910074250579549
372 0.7112692281534692 0.993298145511685 0.9887293421885341 0.9853196589349983
874 8.819029123116707 1.0047421056685142 1.010267448005867 1.0162017662709437
244 0.48266628089913866 1.0004771885190125 1.0019838897189082 1.003886050121956
875 4.125769035106714 0.9956791618425854 0.9926160782368015 0.9901308891573759
373 2.275091242399867 1.0123358926916874 1.0206908498144371 1.0264999193102446
245 2.7414236762379005 0.9936573605926815 0.9895987825750916 0.9868108100036486
246 8.666631479834905 1.0057017427256334 1.0114091956162703 1.0167639452178623
247 14.046834124153975 1.000239738812352 0.9996433814118088 0.9989425325381426
374 2.2487416300682526 1.0010507230610102 1.0011719781887125 1.0010747313093087
375 6.868454791365366 1.004108549822921 1.0066571412437169 1.0084364882480485
749 6.825799309190188 1.0360976011673282 1.0638054222455835 1.0859155124907522
248 1.562347067600058 1.0064731610248678 1.011313930107504 1.015632590337849
997 8.473431870581408 1.0191596631425615 1.0331976041968653 1.0448767501255196
750 3.745741731918315 1.002381636165393 1.003032248311062 1.0027330331104256
998 0.9279221539636637 1.0018148096410628 1.0022310025261383 1.0020623547041032
249 2.9847006365380366 1.005639859907934 1.0114452240814173 1.017017377647517
250 3.8150007645053847 0.9979049687801336 0.995919748713599 0.9938563304677407
999 1.2066424131080566 0.9948975698803215 0.9911392641015465 0.9883770495518611
