751 6.872681086921148 1.0017347589298653 1.0024607374194638 1.0030593674891861
376 1.5328949615231977 0.9991022278636802 0.9979072896748428 0.9967775309382186
626 7.90668174903476 0.9985472436200864 0.9962026264794518 0.9936237756615881
1 2.2796310501016706 0.9985384492251956 0.9962638552107732 0.9939945324361157
126 1.5606782718314207 0.9994091801677275 0.9995280310712383 0.9997217396178286
876 1.3914698236912955 1.004654398905981 1.0081635408925855 1.0109125927045222
377 5.849307780335948 1.00615746432216 1.0117821339735897 1.0166680648936215
501 2.4470942683583417 1.000947623656493 0.9997741633064895 0.9978632294577898
251 3.7334519907471986 0.9944584339532887 0.9891207459397793 0.9845286422567411
752 3.7246762235499773 1.00944034184115 1.0154511096408418 1.019802892224531
627 3.6759273152201786 1.0034022515359273 1.0053508545818801 1.0060523247540782
502 2.4168157480726222 1.0022387645375062 1.0033549823131194 1.0038519332529614
252 6.254327880124038 0.9988109691511365 0.9993257249795175 1.0008132173565638
877 1.144848814323268 0.9992364284250452 0.9979210573124441 0.9966011378964617
503 5.557389940940993 0.9967183024404753 0.9948403702116653 0.9936452308886425
753 1.7370334217685013 1.0009138700410418 1.0016064883823639 1.0023828916660114
2 6.30997140895488 1.011766044084724 1.0206269164674986 1.0281306785943904
127 9.8711360214038 1.0209315523256906 1.0364038276381342 1.0483287368664274
504 3.033183677787747 1.0029256675541598 1.0047250120028108 1.0059936260550995
754 4.302123043595202 1.0005534948310062 1.0014988066064157 1.00241056368819
755 3.381493980570667 1.0015006941172706 1.0030204049094478 1.0044244583164208
628 1.8885716038603277 1.0072380718826164 1.011258866117466 1.0135402173383794
128 1.9502636626766616 0.9962553537646628 0.9943878146649353 0.9934836053875763
878 2.2957702838375553 1.0033701771949974 1.0072314893482703 1.0110494498004092
505 0.9347825138811459 1.0029888290972186 1.0056708822059344 1.0082085360248085
253 4.511066940100136 1.0134376718609195 1.0214297595377604 1.0260488076952503
756 1.1552776509397518 1.002488158901151 1.0039523695892174 1.004813545020346
129 5.686696003103862 0.9914815310591633 0.9844449639404695 0.9785722257392534
506 0.3996596901524754 1.0033413194020309 1.0055651568585 1.0071452578702629
254 1.197347953409917 0.9999351979759232 1.000331544702792 1.0008275738113737
629 0.983803994318805 0.9991892905298284 0.9981727567658109 0.9974681966912257
757 4.080904704938803 1.0023766730863508 1.0036131097111662 1.0043126456088274
879 1.7215508890203637 0.9993586950657553 0.9990054678013646 0.9984698738280405
130 6.674095013037004 0.994305291198103 0.9899799128457659 0.986556018431498
3 1.1746367296054814 0.998143514949891 0.9983903753143787 0.9996290567082307
255 0.4650068648315937 1.000807884222418 1.0014283806469233 1.0018474799348327
630 2.05247239666096 1.0026875758815907 1.0044190022070039 1.0056150617514605
256 0.8999039397840534 1.0002040606648668 1.0001110082004585 0.9999088512963851
131 0.653740981604642 1.0036179029362808 1.006147366236958 1.0079647988465923
631 2.595180868071111 1.0013441598164126 1.001717638562013 1.0016766438107734
4 1.8422322511269158 1.0016153410877968 1.0026561732675379 1.0035275046312302
507 0.5735203914773592 1.0020535619261093 1.002857237168895 1.0030902176452576
257 3.492637279397968 0.998230772662298 0.9965598721327883 0.9947598266491376
758 1.8822804544761311 0.9928097236190108 0.9877181334499772 0.9841762820209838
632 3.4416878008123604 1.0013365810072572 1.0013968710726722 1.0008292775338177
508 2.35254640799576 1.0044029015156477 1.0076529579195643 1.0101134386415889
378 5.549042843540519 0.9980528702460495 1.0005826200671122 1.0049318125177193
132 0.22246226656716317 0.9974631661531275 0.9953111446360858 0.993491916817334
5 9.337562590249945 0.9930566725769858 0.9888234164586936 0.9863935908381057
633 4.380788882634079 0.9966301751228821 0.9946191706760741 0.9931103850194999
379 2.140404128447699 0.9938716275911572 0.9894974910635267 0.9861726076246098
759 2.41176184635151 0.9981561633802176 0.9976862912723653 0.9980810462144447
6 2.925857697515312 0.9999475143275823 0.9999413883986841 1.0003255462216722
509 0.08198926518889493 0.9981856250269222 0.9967801970906172 0.995714162808402
258 5.91028831166841 0.9941740385248995 0.9874940289605051 0.9810473937095738
7 3.2915794611890306 1.0012723897854832 1.0021601197878462 1.0026495304495708
634 0.8854138802635134 0.9963621619949711 0.9933290600248278 0.9907901078620215
133 1.7827609257092263 1.0104320020213329 1.019211256322639 1.0266241379752956
880 5.728081264000139 1.0176624677370827 1.0309213186029849 1.0416343071747467
760 0.93702179606953 1.0001144998347073 1.0011592967004033 1.002497118017917
881 3.206815235762406 0.9957203677767275 0.9926202470717457 0.9900872982654557
380 1.9710322792161605 1.0057413028871531 1.0119525020105045 1.0174025600716508
134 1.1795085435860528 0.9968679954950938 0.9949684781876049 0.9938740398982431
510 4.678373675373223 1.013772766221271 1.0243360736742053 1.0325020776936131
8 3.0312622994915728 1.006010440428029 1.0133414968896237 1.0204957226965463
381 2.3951544075061975 0.9994015396571597 0.9981836779081174 0.9969351873984301
635 6.845133646747854 1.0044318114262283 1.013189242494295 1.0230137344150778
636 3.0205491162869293 0.997691184437303 0.9961430656955925 0.9948348888588333
9 5.692964636071338 1.006667263427778 1.0117992955029658 1.0157827281731588
382 5.046964720146207 0.9989785730235682 0.9982545445506735 0.9972890186655878
259 0.41638999210590555 0.9987260296147231 0.9986335182876857 0.9992106420159553
10 7.873689986861791 0.9981134598896179 0.9957189859815574 0.9934468917716861
882 3.9806151937518734 1.001423041117398 1.0012039500131757 1.0000388170318095
135 0.5034365217597951 1.005902116267224 1.0098704572076018 1.0126660081727803
761 6.675260827298189 1.0046244704664957 1.0080273237467858 1.0098583313235117
11 1.377238604663944 1.0009644320673476 1.0021153347662826 1.0031525780258974
383 4.072728036437184 0.9976921764679944 0.995188696130767 0.9930549386966234
260 6.204480021026029 1.0105509377119823 1.0187528186541441 1.025234983346648
762 5.5788462310883915 1.0033483807993528 1.0054051526090815 1.006573981682297
637 1.0462525617840583 0.9995560993372308 1.000276222446337 1.00137284388527
883 3.1690217165196373 1.0076789259299441 1.0135763559246078 1.0183203638935685
511 2.7593217080520844 0.9969509502568796 0.9948038482786635 0.993786267908024
261 4.578106591741744 1.0031949335226635 1.006058082614351 1.0085968159689689
12 2.504260873904059 0.992079787794396 0.9852134523581022 0.9792659665298379
763 1.2339796716132696 1.001173637068349 1.0012801555894515 1.000873609262482
384 3.8989801221050584 0.9921815497850961 0.9861269484544422 0.9810482101859306
638 3.526424929857967 1.0054614942828006 1.0090866882966112 1.0118053917285623
13 2.3317540770822234 1.0008719310846648 1.0004729881504135 0.9996960605955244
512 2.0432284620073915 0.9982248936469876 0.9979200717694056 0.9983598871271614
14 3.715107076532149 0.9993342010145156 0.9991882006906465 0.999368710380619
136 0.6784545072532637 0.997857482058164 0.9956062229020168 0.9932962963545539
385 4.418119453808686 0.9968813132330744 0.9938128402562627 0.9910940048154884
884 6.77138173633648 1.0101845564356753 1.0200593848122144 1.0289699013575113
137 1.4104791163208574 1.002323718209638 1.004545902193186 1.006731550261192
262 0.5106720917447092 0.9990565223836723 0.9974693934741407 0.995861504981277
885 2.794134853833384 1.0012545839598936 1.0014651055352373 1.0011311901185134
639 2.059623192062645 1.008572973988934 1.0143178927024852 1.0188486347576708
15 1.6004903777848085 0.9946010242800879 0.9893011919262144 0.9844981833539528
138 5.332752550519217 0.9971822293147906 0.9959368903521996 0.9954003139322786
386 1.9139431981875532 0.9943708467399688 0.9907307862063183 0.9883714965232586
263 2.2853250396219664 0.9976523546344086 0.9946831690989806 0.9917630920430788
640 3.563663771001302 1.0040033943148077 1.0079835152652887 1.0115782111560156
886 7.674199753641005 1.0021109088666496 1.001186935233583 0.9989019695050181
513 3.5025785135821934 0.9948077478803389 0.9920789515514287 0.9904408677168673
16 2.914816465558033 1.0022542334848021 1.0033369211050265 1.003814176685684
139 1.5968368142966938 0.9972606921187582 0.9955560930181797 0.9943540767193045
264 4.492284005067631 1.0020353038797205 1.0043450818781423 1.006407688020455
514 2.4032723115724366 1.0024974302146485 1.0044670604096646 1.0061016423805844
17 4.095657052490424 1.0057345382672527 1.0109557110459808 1.0154003612973757
764 1.8070621807491989 1.0136089090341573 1.0241031849173292 1.0325574216874915
887 0.07316919660843269 1.0002488479243925 1.0004471009880982 1.0005570506604118
265 1.7490639945299336 0.9965346954443177 0.9935293954694701 0.9911484739343451
140 3.2258060170697718 1.007575633721016 1.0155720255768723 1.0233018844047193
765 1.8723721331589331 0.9984359862602968 0.9978226650327178 0.997597316972399
266 6.515800658824446 0.9938258398880727 0.9871892941198744 0.9810082187140379
641 3.5301268981002067 0.9958348025842925 0.9925508499059676 0.9904182130845749
888 2.409510004128606 0.9998381357749205 0.9995761651396792 0.9990865654600105
766 0.9669681625946396 1.0000290939215648 0.9994038625035334 0.9985396363682879
387 1.1576548514858587 1.0058124032969127 1.0097767428557176 1.0128417898125346
18 2.205800208947039 0.9970760632381253 0.9936293281623226 0.9903629000921507
642 5.309400282827482 0.9990545609849056 0.9994634741931011 1.0003852200210532
515 1.008932834609368 0.994585470987506 0.9913060910395372 0.9891954566108999
889 2.148615522250111 0.9961519322108471 0.9942116211243771 0.9933052445875098
643 4.854168094541819 0.9985227973810593 0.9969813820925533 0.9957976909252331
767 2.898713826018138 1.0003693909207885 1.000127290875938 0.9994084339496454
141 2.0092124998864165 0.9984232564590956 0.9960660913044356 0.9934762163133848
267 0.3668989539382892 1.0010405157547178 1.0014255454857373 1.001625454814451
19 3.177627571938501 0.9962962613763349 0.9922344284142823 0.9882810426087294
388 0.980675581824471 1.00416669471244 1.0080729423085457 1.0114596290142999
644 1.0471848297056567 0.9980675707105009 0.996499320799467 0.9952261349297402
768 0.41565488902233483 1.0014205081298404 1.002349974263135 1.0029230831774514
645 0.225598141511 0.9993992297445002 0.9989991788193338 0.9986771851538448
389 8.827912565164297 0.9971574826064412 0.9945490374071128 0.9924751226338686
142 2.1953553526200267 1.0050615236120504 1.0098151339959298 1.0139285047230682
390 2.3943532018893166 0.9982809177626346 0.9973530947412115 0.9968146919828768
268 2.2998366170340887 1.0114340950747445 1.0202764127745727 1.0273652977538408
20 1.0622277149195725 1.0034873879106976 1.005624688122107 1.0069255588516535
391 3.1836209944012808 1.0066467527839411 1.0125452648885973 1.0178700708415662
890 5.871949172073073 0.9878152373252778 0.9778725933453123 0.9692376542460966
646 2.3163288136420306 1.002262809785977 1.0035310774537307 1.0039725999486298
269 0.3117728217603144 1.0014266452959637 1.0023596127157754 1.0029984905872675
143 11.288966666736087 0.991078900488475 0.981616648987357 0.9730832009572464
270 1.5228936971179792 0.9984013815619324 0.9980253773309162 0.9980204435814849
891 6.42330246147867 0.9999953582501316 0.9979799559930044 0.9954415423670828
21 10.889204932260327 1.0088169273279934 1.0139948479120011 1.017344795573956
769 0.6210020553990034 1.0012297694203391 1.00257791722346 1.0036157183967758
144 2.8282467953758896 0.9960500137794362 0.9929865459019824 0.9909186324427888
892 2.7023482590266212 1.0053755223356757 1.0101444555889174 1.0146363206698994
392 4.227191964102531 0.9924157782370926 0.9879353957694574 0.9848198243718047
22 0.8346120871501626 1.0030176317611488 1.0048692538850836 1.0060493835095123
647 1.222928300685453 0.9980055662421227 0.9971024666278726 0.9969096692119018
770 1.6586513227703108 1.0063150748069785 1.0106175033657123 1.0139490685583465
271 2.093791963856347 0.9995774943484605 1.0007959714004875 1.0027475938313928
393 0.44696433626813814 0.999887897680482 1.000037387941364 1.0001668734368931
145 2.2252428149167827 1.0104598485948322 1.0183411421638116 1.0242507612795928
272 3.405545208392141 1.0020809957495946 1.003150266497195 1.0039331817019745
771 4.757817980094842 1.0013687726966993 1.0006308958647607 0.9991278678632938
516 1.3378554373230145 0.985757970015626 0.9756092944907809 0.9685126077126951
648 5.327937561622093 0.9962406666826261 0.9916885488479664 0.9874848085229427
893 4.0153658829731285 0.9993536711917093 1.0005274493659522 1.001998980996374
23 1.0138715232933464 1.0057800872730376 1.0108436139330879 1.015188852630894
146 3.341938177078191 0.9963876004670976 0.9941472157035479 0.9924987969424072
517 1.3774046311791608 1.0025717453840401 1.0041634919268358 1.0054166044453943
894 1.7705083209948498 0.9965043956212366 0.9945689003003951 0.9933147242470983
518 0.39714897294106777 0.9991453321350862 0.9987077772148583 0.9984371950048546
895 0.8062764868191152 0.9986964983598839 0.9978657456396367 0.9972675001620014
772 3.251392219284753 0.999617699581535 1.0004292653013998 1.0019591594470874
273 1.2232295666090067 1.0027824353822543 1.0049639643784136 1.00693176683706
394 3.7650784740453673 1.0033209109071062 1.0012618752803102 0.9970828383291807
773 2.2496304503547435 0.9996435327703082 0.998841431931064 0.9977974126359478
896 3.1458420967428538 1.0069366573721936 1.0112433685034095 1.014262365932543
274 1.5731025292679988 0.9996340131124084 0.9998264673185863 1.0002298358365664
649 0.6161422619497898 0.9989672747787008 0.9988041350807515 0.9987874745138807
24 11.388044757870375 0.9800960496903361 0.9665793377197761 0.9568564350182059
519 1.9489499579922267 1.0051345157340803 1.00926756154652 1.012640682790913
774 3.0244535233614442 0.9983006038322404 0.9960826631310316 0.9935749658828554
25 4.963668869857429 0.9921709814086059 0.9872183802851653 0.983710705135676
650 0.4615664608827501 0.9983885954599098 0.9974610523339077 0.9968445314837235
395 4.350770241342616 0.9907070984752904 0.9839423993506548 0.9787707972443521
775 2.2510523131841182 1.0009924322189354 1.0017257096682428 1.0024412493778005
147 4.7565817950035125 1.017263170840765 1.0301429626811769 1.0406916827496788
651 0.6474349228647043 0.9996618362473416 0.9991244278253991 0.9984612639232839
275 0.24090380398229172 1.0001995611845549 1.0006847903956848 1.0012628665808487
520 0.5897118530956504 1.0010667189252451 1.0015359868375773 1.001611567719808
652 0.1718466151978646 0.9996652202056605 0.9994093112402315 0.9991767024288258
276 3.0701490191295306 1.0022949022804473 1.0048472717873025 1.007205360408718
26 4.037155397134484 0.9954361844513823 0.9902547625392877 0.9849813386129568
897 4.999297578027836 0.9860277182116431 0.97635526154419 0.9695202031396749
776 4.180455221599914 1.0021450478992888 1.002935254316177 1.0029371186624656
148 1.365012671723889 0.9989481170394077 0.9987947051761694 0.9986079663291527
396 0.992393108577744 0.9988927166517094 0.9973634344141579 0.995806844526397
277 0.1632140709880332 0.9990264717033203 0.998150714419215 0.9974019294711568
653 3.3261529030405654 0.9978755924447495 0.9962837332227612 0.9951748620438858
898 4.415556037241913 1.0020535023101604 1.0034370907747696 1.0045643743763533
27 0.5697216436637973 0.9971147342374489 0.9948789836253625 0.9930311264335622
397 5.5635557607656665 0.9974999709861798 0.9967627864054406 0.9966266691093153
899 2.8596052564535057 1.0085510359593914 1.0141246293653945 1.0180439720071661
521 1.0978126431982673 0.9931448089803675 0.9879174741708202 0.9837057856901307
28 3.057671088998177 0.9977053179107158 0.9953353697488121 0.9932639194886098
398 1.9448825077215588 1.0032665641189122 1.0051121487387134 1.00621073062922
777 2.2639916205735062 1.006377050955908 1.0096060079156906 1.0114541772690937
900 1.55713181158535 0.9944283832931089 0.9897662056558886 0.9858766938257472
149 8.297322392059868 0.9939620685714553 0.9923730076723811 0.9928047543391195
29 4.649087823316222 0.9913977405508627 0.9848586701106496 0.9796574561393226
778 0.5469169215830334 1.0005442544171494 1.0011513404556467 1.0018214993041386
150 3.208527044453149 1.0001520191345001 0.9997881307177403 0.9993352247037227
654 2.9151882097357884 0.9960098817920269 0.9936237358594321 0.9925077342059576
779 2.363986629588908 1.0005745389695622 1.0011767291603417 1.001880998674432
901 1.786084426457819 0.9982257978826892 0.9973167544848622 0.9971467793899992
30 2.8332299681660515 0.9958253055790014 0.9928438706814807 0.9904675138788526
522 2.640091717672476 1.0085004687524628 1.0170422674338417 1.0246514362715227
278 0.22762949169191415 1.0010235478619425 1.0025904597202637 1.004309399698409
399 0.924659082576909 0.9987326717355276 0.997987831705922 0.9972694595903746
151 4.194285039688111 1.00071304611141 0.9994198551476005 0.997658747211338
780 1.6676884145672375 1.0010230727732956 1.0012264243118272 1.0009686747583268
655 4.216495554803259 1.0051774112674439 1.0073144769777793 1.0079417093993701
31 2.955607017473085 1.002157255255881 1.0031870591675889 1.0035346545767534
279 1.8611822648472298 1.0005889323263246 1.0015701956569707 1.0024262473504697
902 0.5035707062797883 0.9955344379488789 0.9927733746524618 0.9907878884573031
400 5.32832721329396 1.0056187836877246 1.0091937217535314 1.0119503843521511
656 4.3820967081428535 0.9969007455078867 0.9940373458520342 0.9917040125081622
32 0.07488981439564668 1.0001823522265285 1.0003981390120646 1.000529749808277
152 3.700311423257517 0.9955340450118034 0.9945829286443278 0.9950132659247343
401 1.9829527385136316 0.9979490361957324 0.9956855547231603 0.9936668520840404
523 0.35871645151564735 1.0013871249960211 1.0016727378813954 1.0015028531016972
33 3.97510468330438 1.0009749164690838 1.0020893669535254 1.002944394645074
657 3.7235522854098235 0.9971366156307574 0.995982254663681 0.9951441415350931
280 0.9387446813489078 0.9983202843331297 0.9967190168596568 0.9951941541370279
781 2.049672641325742 0.9948887462192186 0.9898009828641039 0.9850949586763549
281 4.1532157888541406 0.9973704395196273 0.9958586791453602 0.994901713507009
153 2.1509561812508764 1.0004544319256856 1.001459180682871 1.0027688865828108
34 7.091459422839762 0.9949177716821759 0.9917239012268093 0.98953976013979
782 6.411164288292639 1.0041096050864244 1.007369468275636 1.0100844361139594
282 0.7696641709662799 0.9991845113280123 0.998597519139859 0.9982782685195681
783 3.9780125010711345 0.9967983384639938 0.99624951511646 0.9965164220617497
154 1.0160884976085072 0.9999372367148931 0.9993708247960044 0.9989009362291148
35 4.778689106758975 1.0101094359141047 1.0174942939663587 1.0237024590966106
524 0.4487075483211811 0.9982249740908141 0.997631300899991 0.9976246997018956
402 5.074713253825394 0.9914700374050147 0.9840846024572399 0.978258574935988
155 0.13928252800906193 1.0001467612062749 1.000259444362612 1.0002955022399
283 1.2547840057777648 1.0003485328950945 1.0002122111395284 1.0000715226367056
403 3.533336199037876 0.9970551489726419 0.9951875287459867 0.9938555453137099
784 0.6926514776787371 0.9973018517450293 0.994916207664187 0.9927808097091493
36 0.8076763079134253 0.9959153906601824 0.9925749050595795 0.9896543712958148
525 1.9295153291441238 1.0026595517826271 1.0036330586671014 1.0037842844841884
903 9.080052573506691 1.0057433457440967 1.0146415529450656 1.0235217478691
156 6.553871879688813 0.9961477087727181 0.9952394793839762 0.9957132709373189
404 3.326305384751322 1.0043898960515836 1.0069832826227343 1.0085454054013558
37 1.881661039786195 0.9966465901188901 0.993324546738191 0.9903232249989593
904 6.74116638673695 0.9993197321457741 0.9993256286554336 0.999569395754846
405 6.379458133809749 1.0023396774144506 1.003829206155859 1.0047882865892064
658 3.0000266895985988 1.011667280093887 1.0210101908846412 1.0282591370842313
157 3.7618741614442115 1.003003298390913 1.0051488566478248 1.0069065908915424
284 1.3902683238120517 0.9979287390049842 0.9960597761242047 0.9946143638726314
659 0.6362339236893604 1.0023374200720407 1.0042006820862608 1.0056055758055003
406 2.0492140567203023 0.9972847849471866 0.9953983874664158 0.9939589657416481
38 2.5223392413263355 0.997592875844099 0.9948017169957626 0.9921688872482579
285 7.602056858768265 1.0010673497160112 1.0012705547721958 1.0008207179092716
660 3.003788211453866 1.0038136241970614 1.0073517778824812 1.010636896826595
785 0.7433572391455527 0.9991422244838593 0.9993564133774314 1.0000470571538125
905 3.725613550266644 0.9998469603217548 0.9991414928725977 0.9986950321587341
407 1.6401447603802808 1.003013707083647 1.0051660776875226 1.006694513207315
786 1.5208750096826407 0.9959014015686704 0.9924607088962666 0.9897445336014666
906 1.0695051011698524 1.000844375526514 1.0015846081244986 1.0022586260405735
39 1.2543829340174852 1.0031402993671124 1.0057567843620427 1.0078897673462455
661 1.172372405673741 1.0011675174727517 1.001934800410433 1.0025737185589192
286 4.365263092988243 0.9925540169074806 0.9871174964978262 0.9831061100102526
526 8.78346246367255 1.0025569444642546 1.0089107862206885 1.0158746988022092
158 1.6727792732199305 1.0006002718913845 0.9998117515724464 0.9983609755241082
907 4.079007397149326 0.9962355523023434 0.9931688891842567 0.9904964657821664
787 7.8675687182440015 1.000853076432022 0.999286862428056 0.9967834259962578
662 2.6096175042512186 1.0098815611726117 1.018049508168238 1.0248105970150023
908 1.1065356137823983 0.9988557867103165 0.9983134581271844 0.9979455804724428
40 6.054092140542707 1.0082729532550303 1.0137274291558422 1.017799532289956
527 1.3249289320028765 0.9998073491261935 0.9994391962103077 0.9988922632023535
663 1.7127983609389048 0.9999019891978589 1.0002326885234527 1.000594415799904
788 0.6644391807185457 0.9995976680932492 0.9992404650133496 0.9988526500854576
159 2.2243408641970746 1.0038547876660688 1.0076656919731903 1.0112367287347865
41 7.8134154609906545 0.9949254660403255 0.9910464874743472 0.9880052318218281
909 2.928802060065209 1.0040272545088471 1.0068036680633317 1.008759044090141
287 4.629237133956849 1.001127303644397 0.9992384319316704 0.9963027764521637
789 0.22014208620748832 1.002001563582571 1.00353701232538 1.004755829161383
528 2.771441415523441 1.0027879652085234 1.006009217212523 1.0090472874364482
42 8.056160335447203 0.9972673251000244 0.9939009622495057 0.9906690523822747
910 1.651070147208884 0.9998465790750337 0.9995022797282999 0.998967176265266
790 6.350123255237122 1.003176906101045 1.0047199022876365 1.0054907465963348
408 1.4954847690496536 0.9943344192950829 0.9913856089876187 0.9898167538995597
288 4.637657486642638 0.9997562105983191 0.9983285877354146 0.9966802023412464
911 0.909204181867608 1.0011316412187905 1.0022062289653437 1.0031542643509521
160 3.061718804336124 1.0020088338611712 1.002844937169944 1.0026829664016723
43 5.28115235327823 1.0003948190066039 1.002103570516002 1.0041181500732788
664 0.2004899369658233 0.9980113812551307 0.9960563639765617 0.9944263861228199
289 6.698406290919593 1.0049375025452543 1.0094790214143572 1.0134499251695315
791 2.3614740863631596 1.0003016619315512 1.0005592836187553 1.0009642123336504
529 1.2876367637927615 0.9988844659316547 0.9986768406672998 0.9987888189658
44 2.2624067387514515 1.002314368766241 1.0033489677423988 1.0037873895114116
792 1.4893612392606883 0.9991065469231467 0.998157623263336 0.9973618166096336
912 0.2804645712567435 1.0017664922162117 1.0031391718120077 1.004225733516525
793 3.987260609113946 1.007296102198641 1.0118906887485168 1.0149541987973156
409 2.421933518786318 1.0018819192430746 1.004381043982061 1.0068464255293397
665 2.965731611524461 0.9919626433146056 0.9855500992041092 0.980045091620946
794 3.3146853200141777 0.9988682846496637 0.9975281520996354 0.9964065336649124
45 2.1577603109963093 1.0013843320985005 1.0032677970037278 1.005249178940756
290 3.5972128673929546 0.9991150152672376 1.000898904549831 1.003483011450563
530 1.6942256038018968 1.0019340391933267 1.0026114817253575 1.0025091128441974
531 1.9496458775047358 1.0004197602880558 1.0002429103850146 0.9999425777554817
291 1.9060395367523597 1.006143788251561 1.0108446640986928 1.0147435907648188
46 3.066709026488752 1.003564035983463 1.0077722800542412 1.0118630560451036
410 2.4157619212728605 1.002708381517538 1.0042242065048537 1.0049334225271105
666 0.6160497245000442 0.9990545338339588 0.9984334726385832 0.9978502322856604
292 1.9331964076754957 0.9944529309380454 0.989862309777379 0.9861479694494373
161 5.661041408693563 1.0045161302929462 1.0066140711082092 1.0083138739195379
532 1.7521186370977375 1.0009725515464054 1.0025472495221657 1.0041732439636697
913 0.6853658924846968 1.0106931428716739 1.0196122263762422 1.0268060923961209
47 0.6158143956199638 0.9967270204525678 0.9946976617966902 0.9933072705518156
293 0.9819765200318216 0.9984567664901216 0.9976958485383555 0.9971972464376473
48 1.677172492705722 1.0020355944165424 1.0038640738265983 1.0054285427758112
533 0.9009547805126203 1.0003034909918633 0.9999334118933529 0.9994634355235935
294 3.770746165933815 1.0017981399735245 1.0022030638550814 1.0019273067939092
914 1.04641850472035 1.002023346189434 1.003134154099873 1.0036646451215572
667 2.5644828389595204 0.992572260451911 0.986828169580227 0.9825600919682036
49 3.493842558324104 0.995227233784991 0.9925419998159393 0.990804437737851
915 3.4714007798102102 0.9981753615134432 0.9972377471837842 0.9966098584208654
668 5.6458177874792455 0.9988848509259496 0.9983896102314906 0.9980912190800962
795 0.9628840934874461 1.003198038399298 1.0044291254734263 1.0050490498409397
796 4.9511615545379755 0.9957892832993299 0.9938707875911109 0.992694007820134
916 3.5417982289309293 0.9992164499292155 0.9978734881441965 0.9965186043362171
162 3.3147348362872435 0.9943938477023684 0.9919697717230755 0.9907509325937015
50 1.803061198672367 1.0046517499738297 1.0095017540004412 1.013918852946771
411 1.6538595912825258 1.0143860545474246 1.0272483797096135 1.0384320015306558
295 11.601378630948602 1.0151864754749245 1.0268378940742233 1.0361500089307558
51 0.8227041576610645 0.999143163191714 0.9989045947935491 0.9988258587225689
534 2.6219465641279385 1.0008362124654986 1.0024922579735078 1.004918067009804
669 1.077379374863085 0.9953474757496197 0.9929159640184041 0.9915625579503705
797 4.603411528240031 0.9983129194967781 0.9978346025393328 0.9976355558299441
296 2.2449562607671396 0.9996051530901537 0.9990164162029054 0.9984953275017169
52 0.2209117482543661 0.999733139937608 0.999554571777925 0.9994928217754763
670 2.790360753735513 0.9967886699606878 0.9940463511910578 0.9917403891024321
798 0.7678193963056401 1.0023555277872673 1.003935292988036 1.0050771565158887
412 6.486096550081129 1.0072912330896966 1.01400200213576 1.0197423393163147
917 4.069634819288694 0.9910594696466232 0.9836682637894796 0.9777503216798376
799 2.7580563545125187 1.0008546339205262 1.0008487095155623 1.0006325379525856
535 7.0508000052032 0.9913516059353603 0.9864884664096669 0.983518734418581
671 4.75451905868249 1.0039777990427634 1.007463988612083 1.0101734231164203
800 2.171966541915026 1.0063326033770446 1.0105108279859911 1.0132554966586258
413 5.828374384356721 1.0063157441365134 1.01286537259694 1.0192040797897017
163 2.1079220381343475 0.9901087475388521 0.982801821747758 0.9769929249039885
672 0.5044282793987804 1.0026202293621893 1.004267103785375 1.0053257747515312
918 1.6215232639315218 0.9899961518604008 0.981284807534395 0.973686274768024
536 7.257956730822116 1.0062889292187525 1.0130348135822778 1.0195536160758354
801 4.930074356336263 0.9951341619039151 0.9899023554732684 0.984925405188544
414 1.9248910481037456 0.994825074829476 0.9899544148453916 0.9854046047819706
802 0.9404065788039588 1.0006041750227925 1.0005469620091514 1.0001967476354525
415 12.831467451469507 0.9972065083884605 0.9965079266876448 0.9968959626240799
537 2.188311344520116 0.9958818192815938 0.9923202053379032 0.9896572363614198
297 2.540476682213921 0.9873506538540352 0.9780296000523733 0.9712686485172594
803 4.160451437885058 1.0008594443911056 1.0013845061240136 1.002025252550377
164 6.371655319911952 1.001036160316881 1.0006840503041448 1.0005885259672314
538 2.5920552787720226 0.9980401324523736 0.9970844031156554 0.9965495707731665
673 1.2098518175134814 1.0116228320602196 1.020765348935878 1.0282938412663698
298 2.8417419275101565 0.9926478635481506 0.9881816503332124 0.9852195987848712
539 8.355154811062675 1.0039518858381453 1.007544976878582 1.0107941083787038
416 5.474932168328451 1.0094323019482416 1.014602451389521 1.0173629638482373
299 1.234137521323646 1.003893798857039 1.0065283399181377 1.0085748725991008
165 0.16885258271759085 1.0013622824047397 1.0019830262700549 1.0021820497159102
540 4.175273995957468 0.9898193865251526 0.9808983891245417 0.973231817830713
417 1.4948058410973317 1.0013880376460003 1.0028099754976931 1.0037485106136184
53 1.9411664656981884 1.0191808929474062 1.0309592463710446 1.0390154083600613
418 6.769334902606715 1.0017085118184565 1.0024855073158565 1.003180634652986
300 2.4849186877108878 1.0004171879680062 0.9997309242310957 0.9984001176188132
804 0.8047874611129373 1.0043159104664687 1.0088263300835822 1.0129174992276249
166 3.7320835975915543 1.0063853524341169 1.0118833617679697 1.0167874742206588
54 1.9315435083663033 1.0044673691903088 1.0080375411474862 1.010973201877831
919 12.556556052419182 1.0261484806677807 1.0476164556192131 1.0649937533543044
805 1.5479983656932745 0.995615822191797 0.9915699105833323 0.9879370448790887
301 3.044482877083283 0.9947271879364331 0.9896705992384169 0.985443185112828
541 4.889625083469582 1.0020879288308522 1.0034960983389225 1.0048768642120969
806 0.23651953630724165 0.9990762067494897 0.9984620984822898 0.9980850211118967
55 3.379600251220836 1.0004117089997862 1.0012453071305853 1.0019427576955708
167 2.874089232293045 0.9980411718173816 0.9970065767490272 0.9962554303631906
419 0.7904527485879953 1.0038244311235753 1.0076895777597956 1.0112488935094819
542 3.249623026660629 1.0030837014509673 1.0048999666506748 1.0061213611436435
302 1.3643020057770627 1.0057868733848558 1.0097806844412793 1.0128016110353304
420 0.6711919113495242 0.9995081689944562 0.9992646476318943 0.9991090552095061
807 4.842130515848112 0.9971260870345502 0.9939994646852639 0.9909183227559698
674 3.4424195623341802 1.0025587113415442 1.00803665606105 1.0147668603481725
56 8.43841766200967 1.0025465711208017 1.0043045906353558 1.0050890200071103
421 4.373500510439044 0.9934037404715291 0.9885953005508179 0.9846321585856487
920 6.599947434244314 0.9948151603878006 0.9905562986937894 0.9875708394924616
303 2.9959150516569935 0.9965944448282564 0.9938052537735761 0.9915522744145474
168 0.9057826239604765 1.001226084273532 1.0014220734780088 1.0013107194996054
543 1.8941489118878962 0.9998800044883372 0.9983663791060952 0.9963504362541473
675 8.687440087785944 1.0004789219600607 1.0007570679143682 1.0011776881115169
57 1.5045616954594152 1.0004223061984692 1.0011254569747061 1.0018184964711698
808 2.969055855211991 1.0039225245370325 1.0065078425664722 1.0084662941744518
921 1.0936054042904289 1.0036693415320042 1.006267326338077 1.0081002839846915
676 8.435826497809103 0.9979964478016877 0.9982246274981683 0.9995419409115645
169 2.2676724587108765 0.9998778035030685 0.9988966535788749 0.9975431185818948
809 3.7284671639026783 1.0004789806950425 0.9996971944001183 0.9986087400819321
544 4.611775272653176 1.010611818740675 1.0189439298143637 1.025379445220151
810 4.2570841842753 1.003621773420909 1.0060469741230689 1.0078380564251481
58 1.0128221854902222 1.0068724596289753 1.0129318199261477 1.018155902004144
304 2.2193775751620706 0.9992573242353955 1.0007607188922762 1.0031018446588524
677 0.2707820423074736 0.9982083473627497 0.9971439126888922 0.9964820525538894
922 1.374782746344863 0.997469548147552 0.9951855179794888 0.9932105118532587
305 4.041971601700425 0.9980267950855258 0.9968328063762388 0.9959458678075279
170 3.065850636090545 1.0026545704130596 1.0055952168005176 1.0083062852155293
678 1.799543075474503 0.9991821768046715 0.9986170617764363 0.9981141919868971
811 4.9199316967951745 0.9950673521130319 0.9918174836757985 0.989501480853827
545 0.31119130108345416 0.9980833082754975 0.9968515255498726 0.9959620366882964
923 1.7205395710916491 0.9995527801178675 0.9999074332309266 1.0006688716675054
546 1.2118091592910787 0.9982214290567797 0.9971897283515093 0.9965861532843389
422 8.724435918347808 1.0096095266026746 1.0205267837289385 1.0310593932800691
59 4.934328580817237 1.0022751347310717 1.0062100463164083 1.0103568883173066
812 5.6178115477250685 0.9913935146072945 0.9842913222194715 0.9786340731405849
423 1.281371853148812 1.0004025948229784 1.000337656988518 1.0001211147047644
306 0.3613835420419491 0.9997409121897192 0.9990343139919716 0.9982934801233226
924 0.4951634669505438 0.9993533623951315 0.9988924897809268 0.9984983057797232
679 5.188823309466898 0.9900085735787899 0.9816475884453058 0.9747147128699417
547 5.834513665111444 1.0035146216248618 1.0070477366311814 1.010224527355586
171 4.594734489941402 1.0084323722077988 1.0161118417610555 1.023072138586112
548 1.6024233571006334 1.0025061611931727 1.0037940179647535 1.004474079402802
813 8.188798104079979 1.0185247458576452 1.032250113962281 1.0428959619642126
680 4.582349392856486 1.0045990766617698 1.0098675051486288 1.0147848273847937
925 0.34775150172572467 0.9979780222227829 0.9966221768253504 0.9956601262493621
172 2.8125444543911726 1.0025967772138777 1.004492490769009 1.006083150616821
814 2.0865137869295722 1.0025543334962683 1.004298421627187 1.0055879397670588
681 3.7880218230366154 1.0037457819724929 1.006494808559232 1.008531811194631
60 5.021011715689383 0.9911196431575148 0.9827357624778517 0.9753411471055958
682 0.779543447357355 0.9987982350429476 0.9975050940727019 0.99632238289651
549 3.5806263635040523 1.0106865922438473 1.0173653631636537 1.0218957689352237
815 5.948351752202143 0.9938609308402864 0.9893891401294289 0.9863124370867183
926 3.423591349466733 1.0008809064896436 1.0009736508876788 1.0013341146692902
307 2.354288841928792 1.009138439103294 1.0176010191710865 1.0253320665495398
173 9.274504442731995 0.9985504689485631 0.9968235063435815 0.994551188122131
61 3.3513958056737465 1.0050405766926946 1.0095994093748797 1.0133604068391084
927 3.1748078981090657 1.0004589868902258 1.001763051474215 1.0034024054582533
816 3.012874786345492 0.9944948121588255 0.989654957174556 0.985620035079111
174 4.527695872884578 1.001871720982315 1.004001756633158 1.005875572446189
308 4.445446280582473 0.9933315502327459 0.9881506407149648 0.9842071889634568
683 1.8187070798830973 1.0041450377807442 1.0078276156851178 1.01083424836508
62 0.33100717714660277 0.9984281877522401 0.9974248882644611 0.9966917361379405
550 5.508616373863333 0.9955235568436384 0.9941141052148217 0.993748479196555
684 7.42273423818915 1.002358563072548 1.0047541020135407 1.0068532651057291
551 7.281924926077409 1.0033669725594703 1.0064103840239025 1.009023689315641
309 1.2088706266877125 0.995377049730321 0.9918466036396987 0.9889111802223243
175 6.77086123664958 0.9919212399404037 0.9863546155310735 0.9824372749489882
552 5.1829848996985675 0.9986989548600333 0.9964645881031252 0.994037517057787
310 2.3292312529320043 0.9982536279565954 0.9966233169639125 0.9952852529745307
685 3.4179729800925998 0.9954258396926156 0.9921159402381602 0.9894298392282285
176 5.0410272964873 0.99391238927039 0.9894441079337711 0.9859364920268361
817 0.7503527127137204 1.0018020848483558 1.003872812892964 1.0057183236228537
311 2.6490352342952974 1.0027647407881182 1.0063412728754662 1.0099138328581048
63 5.709886720145732 1.003377478494756 1.0082846118307305 1.0132760761576591
553 2.8048426247241878 1.0018615190876499 1.0046892803446648 1.0076847860826461
424 7.183878751096927 1.002792056306218 1.0094325259448709 1.0175843078310192
64 2.0422953362049157 1.002385987965136 1.0043710577356446 1.0059707509914273
686 1.2839831197270541 0.9945569752648369 0.990604507267788 0.987603933041826
312 7.869820823400005 0.9999113679374043 0.9988624711845092 0.9971077708794006
928 0.8813982507526816 1.0040850382831406 1.0083291521420605 1.0122168748197755
65 1.7879891532102192 1.0018832360765297 1.0030198167594682 1.0037240713193514
425 1.4511026641084754 1.0019061911022646 1.0032054801898262 1.00435173673719
687 8.974308603979807 0.9911607921729718 0.9849045349833988 0.9801754565247588
929 1.7416728357129614 0.9986311482917822 0.9968781443362971 0.995169070914269
313 3.6457601648817217 1.0046596626296833 1.0059963305803745 1.0059380879618791
818 3.356956278496 1.0013870867376546 1.004203782437177 1.0074601726622558
314 5.474293324276005 0.9984512735991881 0.9975125713744621 0.9967437006798011
930 3.398766128506395 0.9965114180081462 0.9939009556043182 0.9918375450418354
66 2.570981052813295 0.9986076254005108 0.9955300514260254 0.9922563474956244
819 4.599248875316334 0.9991890371339844 0.9979310900624496 0.996782342724892
426 0.6843859455711936 1.000061830348528 1.0007029743574412 1.001524466449771
554 2.284010686491456 1.0064744384463074 1.0117419326164006 1.015675457372817
67 2.4044624948855926 1.0001966376914373 1.000979258362854 1.0018658507904643
931 1.8418891410401557 1.0049314241261025 1.008270554471687 1.0108624112400302
555 3.3985529208239313 1.0024922230615427 1.0036038078164768 1.0039494341336748
315 1.189255617586241 1.0037508570695626 1.0068775989216547 1.0093249639105835
688 1.9432223439107474 0.9968141557063729 0.9954016419197028 0.9948811859139745
556 5.2300012649466225 0.9864237631218118 0.9767543051676375 0.9693141922071324
932 5.395637033381718 0.9993120658330353 0.996844369514337 0.9934530426158408
427 1.676651702287927 0.9995418984159019 0.9990075676541876 0.9986948834089736
820 1.8336958589916321 1.0081395132551085 1.0127385469296966 1.0157728468200056
933 4.37900546039964 1.0014717037519294 1.0016870094521946 1.0014023753082257
557 7.260804793248099 1.0074592656401342 1.014125073821061 1.0195286689921135
428 1.6133824511762214 1.0016292559384672 1.0028316383658595 1.0039420980037463
689 6.257024878377706 0.9884012796741644 0.9818903432709116 0.9779980819532994
821 2.4807524604111677 1.0103428923671882 1.018690910714684 1.0255172458446598
934 6.115369995812216 0.9856036201144833 0.9753703981406815 0.9677218716506135
68 1.6578627195012814 1.0036379473601096 1.006737755316585 1.009043948614105
822 3.1542341540916823 0.9926558862955879 0.9876931820042859 0.9842819761589102
316 3.540917936581536 1.0123094426868264 1.0189488160234434 1.023013013515751
558 5.352823331513719 0.9975732371544405 0.9943865137049396 0.9916790726005624
317 9.451615692218184 0.9999882931328218 1.0006353486621546 1.0012461053484234
690 1.4840508664328809 1.0049544444675236 1.009041453246572 1.0124982244622127
69 1.4269578142193495 0.9963313306201783 0.993744788635147 0.9918678647157424
823 9.774906741278755 1.000246131406508 0.9988210067265755 0.9966707575563906
429 2.8134254767228413 0.9954601872084059 0.9913522617824158 0.988240435759638
559 3.8875696995619364 1.0029480774716486 1.0044074270478 1.0050375860184941
935 1.2501892747204693 0.9918192338098977 0.9851856528588959 0.9796318220471258
691 4.312887219790355 0.9938457227165148 0.9898184296400009 0.9866827309258058
936 1.9057678663557454 1.0009989836416264 1.0012411157410053 1.0011321646790736
430 1.428836466948269 1.0025437082170001 1.0047736631567847 1.0068633636091662
70 2.9584122452070005 0.9985080670352999 0.9977284885292028 0.9978278032674073
692 3.7164163188735984 1.0078809353582667 1.015305316305917 1.021648778857685
824 0.8593836797572294 1.007937319216842 1.0144581798839156 1.019801631747611
560 3.501692485075182 1.0065833638510344 1.013382710365762 1.0194657310678787
937 3.7330811671708943 0.9980000692690939 0.9948236767140246 0.9913233081143489
71 4.182496425108184 0.9986988825843536 0.9971598425881191 0.995900575913744
318 2.4301302333551575 0.9944528588172821 0.9887919048514653 0.9835585324532597
693 1.1010803421067976 1.0016750288538707 1.0034156250264128 1.0049270387580533
825 4.2632930081490485 0.9923217150803045 0.985567259608081 0.9801011143577244
72 1.3590446709149546 1.0001048049135977 1.0007177828153453 1.0013840531093339
561 1.2311942469623318 1.00314964790129 1.0060468576720514 1.0083906090230608
938 1.3103292720770696 0.9966377706953037 0.9938552332213471 0.9916282489293221
694 2.285631516118883 0.9921076355223849 0.9861127249856168 0.9814848231433577
431 7.689183035010501 0.9842232289065702 0.9715027527627074 0.9613295860384521
826 6.737389377378349 0.99917269828521 1.0008079680133204 1.0035899389829288
695 3.394334381520821 1.0013837359974667 1.0034165309760839 1.0054747578166627
432 5.399822514229527 0.9987216861323619 0.9968930608228619 0.995019718844217
73 4.1093932048206625 1.0083730829718593 1.0139061045624655 1.0176712787499023
319 0.573537115173167 0.9952038449308901 0.9918842525109233 0.9894767287040709
939 3.9649736817609664 0.9976834911921743 0.9980256619137676 0.9995040817677862
562 6.844121318479665 1.0092278732635365 1.0167314782984918 1.022982477783309
827 2.0348913279649423 0.9995579617022412 0.9986945820307317 0.997821364601042
940 2.9103244607613306 1.0030139984822626 1.0052659469287712 1.00703264417241
320 4.752579831339972 1.0010940178957484 1.0008846264786573 1.000376869560822
696 1.4433877364572254 0.9982223518384874 0.9964442057734937 0.9950608299479503
74 4.930411737535906 1.0024981617310837 1.0054213976074762 1.0078805772342634
321 0.3490784034420358 0.9972230086400561 0.9950316705501926 0.9932263108740422
75 3.990070044728782 0.9944904943969178 0.9896767847992974 0.9857391187680863
433 4.113217651716695 0.9964075248368834 0.9931154287108569 0.9905115099124092
322 4.030595051850469 0.9957823849323391 0.990709695386669 0.9859593610717755
76 3.6149360404797335 1.0018612340897146 1.003074648858316 1.0041567878209334
828 0.47304376938518544 1.0054985365638918 1.009735149608009 1.0130094077647238
563 5.825982264186678 0.9864978818484318 0.9769636959493496 0.9693366181250335
323 5.200327887730964 0.9894903452014157 0.9825389236249124 0.9777554902592618
77 0.5101794343281654 0.9989166817178077 0.9979747899937197 0.9972652873844878
324 0.883631400669401 0.9989321020722356 0.9983126778516503 0.9980264662539362
697 0.5453301883735548 0.9951854989178573 0.9919482690912638 0.9895696916147566
78 5.713488244966356 1.004841370801398 1.0086086869393756 1.011889138969028
79 0.2816506405797554 1.0011085523333931 1.0019225493743114 1.0025157433883694
564 0.6360527738561359 1.003824580347304 1.0059309371855223 1.0069744514935757
325 0.9025819250655331 0.9979631950139702 0.9959614553754335 0.9940870980356158
434 4.2834537319813535 0.9956439431551806 0.9953425860563722 0.9970437561928256
177 3.6805375519561494 1.1132941499703393 1.2129651181555505 1.2971325164708671
326 3.5022892400356795 0.9966843419379675 0.9952497112684306 0.9945840156243815
698 3.4542854092487687 1.0031574902682054 1.0036963945896302 1.0033820736366021
178 8.571315363973554 0.989443781630759 0.9833550443432704 0.9796164539732238
829 1.6834355252194655 1.0022586023982918 1.0043634949065798 1.00570094017979
80 4.313417748444408 1.013919663548899 1.023345586003951 1.0298386607459384
699 3.1891289736195176 1.0016635848095206 1.00363411339932 1.0055436695993478
435 4.599371728858387 0.999407389954497 1.0004380968735542 1.0017480667402603
179 6.270196063720505 1.0009865563481932 1.0005244329838785 0.9994317077379207
81 2.0124533364232775 0.9995849070632579 0.9984165957670113 0.9971286025152106
941 2.2197209300666145 1.018962723837332 1.0302821193591538 1.0380320982852478
82 3.5055332492120215 1.0023372549885439 1.0048394255627056 1.0070836569924848
436 4.130795956758448 1.0061116365662695 1.0111815996969606 1.0151022107253185
180 3.1855196880278527 0.9946490682962721 0.9903827454706439 0.9868280126703318
942 3.9449223038936907 1.0010494100098168 1.0015294139274156 1.0018878936182023
83 1.1309118151584698 0.9986249300799376 0.9967132097029613 0.9945839536536335
700 7.49311873323677 1.002606029600302 1.0049233973571057 1.0075470466713388
181 3.5553108469848667 0.9921750784322941 0.9856501633222429 0.9803285093292937
327 2.51782188092875 1.005327910763469 1.0116619775834244 1.0177601374579721
84 3.454756204131627 1.0035048258628652 1.005746433786216 1.0074130522100262
701 3.2840561874727427 1.0036400332740352 1.0084843493961912 1.013270055659411
437 1.6561159300799773 0.9985481137879896 0.9974901482235154 0.9969815799060444
830 11.643632718210938 0.9944136482822133 0.9920365455134895 0.9900420867218939
943 2.1280603913564846 1.0183794795367305 1.0322797185577834 1.0431135369176503
831 1.962762546561862 1.000336029323698 0.9997706895917021 0.9988456001071474
85 6.770318602226325 0.998521965740126 0.9977162572989756 0.9969179827395961
328 4.670544164442617 0.9979128438115171 0.9940142358765912 0.9902340996649653
438 4.216441648202817 1.0017095774078 1.0012912081924055 0.999823948174725
86 0.5891818577747472 0.9999766269443439 1.0002088694497207 1.0004782819613653
565 7.884567774957759 1.018085276056592 1.0355411555725322 1.0508133558350223
702 0.39869219472893747 1.0033588874443966 1.0056211093899827 1.0072021696069358
566 7.409091864103175 0.9999797452968114 1.0005533758694383 1.0012109727336682
329 2.1363573531980364 0.9984165920678907 0.9973397095159597 0.9964164870065414
87 4.317141141409593 1.0027432728802939 1.0061093172450915 1.009518656561164
567 3.570679586715414 0.9986221079538281 0.9967912645940531 0.9948708542064963
703 3.2669287441804045 0.9938657678923264 0.9894663845695725 0.9861446835388339
944 1.6914394364248437 0.993689099251716 0.9886708053739297 0.9846901111341244
182 0.394469940532872 0.9986335743578826 0.9969149417617272 0.9951339271536825
439 2.7385738007887994 0.9962442346003189 0.9933675110857554 0.9907932526186992
832 1.0855371386842307 0.997948322209012 0.9950090500154407 0.992042398785106
183 3.579547773420927 1.000248542191791 1.0009548734219622 1.001621387751213
440 3.8986549567889597 0.9966811979029465 0.9945395583814424 0.9928665873828295
88 1.4401332654324506 1.0024420832762662 1.0027962075490688 1.002299104280524
330 2.0292011939509393 1.0072585664964622 1.0109377625833147 1.0127959944061333
184 1.3822765956574585 1.0024764682490104 1.0039218234131646 1.004757475980088
833 4.774836477938152 0.9953000145498567 0.9928833456350179 0.9918091984125887
945 3.6470464781396004 1.0004450717380375 1.0035063740244665 1.0072481680088483
704 5.146003651228966 1.0049321972311223 1.0057771354664513 1.0048296609449743
441 9.979953695738004 1.0048038929400394 1.0117073966577317 1.019363417201266
568 2.4687424161056697 0.9947642588238151 0.9889236574662148 0.9832660976783271
946 10.25104034668584 1.0054139754277063 1.0095819169777722 1.0129981966015786
89 8.229199637549755 0.9942757044984442 0.9917695187338477 0.9909475083156645
834 6.659547739151094 0.9940604634353314 0.9887116420869366 0.9843527042294449
705 0.9302187966750353 0.9971172574022259 0.9950969518793171 0.9935343578447774
331 2.390632977423593 0.9976587189024412 0.9965308055747729 0.9956576917263154
185 2.605837557841369 1.0036329462960092 1.006908555861102 1.0102848197026153
332 0.8969241408449307 0.9989977487576841 0.998535165094462 0.998466793417608
90 3.9521331263513275 0.9922810309691945 0.9875838924978666 0.9844986493769736
442 3.8627267560677865 0.9973425740892539 0.9955986249653307 0.9940464076659111
569 7.7013485555035 0.9960472749381183 0.988447770397494 0.9799302172573411
186 3.0880541787828406 0.9965458644747195 0.9956636533527556 0.9959737573293915
835 4.556128907697712 1.003541619218812 1.0073025085089955 1.0102379404783122
187 3.483102155587403 1.0019781107827097 1.0033044114624892 1.0040494822093742
570 9.938435096681133 1.0020032351311732 1.0036566960932085 1.004792655521863
706 0.5137598531619005 1.0096813204044512 1.0174152461251984 1.0237766663143282
91 10.040950915383291 1.0004728660281492 0.9994029684296599 0.9983495315509316
947 1.2238420256562677 1.009980247893993 1.0177007740504953 1.024142424485424
333 5.016566182106544 1.0132016313612613 1.0224470605291043 1.0291882253245188
443 0.14633110116301395 0.9984771127496399 0.9967301600839388 0.9949015370040185
188 0.7880053097087512 0.997776359210653 0.9968946915877779 0.9966693177392307
571 0.46590178942642524 0.9994608091185513 0.9984516944522965 0.9974778003599374
948 2.0890618140001607 0.9999804338092534 1.0008139565220233 1.0018991165748348
572 4.674808033183581 1.0040427631739761 1.0079256222205328 1.01132491413973
949 5.063154818652038 0.9991544015774607 0.997297161567366 0.9951537525303696
189 0.9229955899772904 0.9980380346863891 0.9964054696692416 0.9952104851068674
444 0.5769054026532103 0.9971671989821774 0.9946793742729121 0.992627149350813
707 8.59420240671534 1.018224020883116 1.0354819810918734 1.0514999907747737
190 4.115598549233255 1.0000594649724925 1.000928602677223 1.0019136228832468
573 2.077470073774748 1.005813365089397 1.0094627209814775 1.0119898214609147
445 4.4403558582544065 1.002377441386049 1.0035492483865265 1.0042942763899207
334 1.2949600465981348 0.9937378922301815 0.9881463388816583 0.9831673453211083
836 2.6262103469289286 0.9832270285457594 0.9705939939926221 0.9608092144479105
574 8.111003996684303 1.0031091195361503 1.0067463420358995 1.010266074698225
335 2.6773422461774317 0.9987036308680443 0.9969181064482272 0.9953289623720827
837 6.632205533263914 0.9994729018229164 0.9999484367234337 1.0006118754093847
708 3.228570425486396 0.9957113816560627 0.990677475586516 0.9858671473645304
575 2.399388783502218 1.0013564916269018 1.0018650273112548 1.0015779916401901
709 1.2064012763494247 0.996949375138459 0.9949998481281342 0.9936966103369612
838 3.23593487211474 0.9965939013941723 0.9934531950493642 0.990748490478933
336 4.308537439177599 1.0100915110610111 1.0179940905881324 1.0243633874315548
950 1.8328139981495042 1.0093795896628885 1.0154876456225739 1.0196341913495857
576 4.199068591662581 0.997595480711987 0.9972440293135412 0.9976643626668159
191 8.273588513087816 1.0001779138222964 0.9984739565339277 0.9967581612958671
951 4.113756432670925 0.9962907105655902 0.9921757358747001 0.9879338966996805
577 5.626636890343434 1.0072836801971436 1.011597005069752 1.0142575860425334
446 8.630463993140438 0.9927451420183332 0.9907817150751148 0.9908465657249534
839 1.8137815610680263 0.9973520917872332 0.9958685452985594 0.9949616820059696
578 3.158760621337933 1.0007193386130342 1.0013360957802122 1.0017366098622211
92 2.10611814584081 1.0084433687060925 1.0183568439200847 1.0284315021040158
337 9.237770877432922 0.9844082920337681 0.9727794165684165 0.9634723525526272
952 3.534514990345997 1.001195341661695 1.0029812169390169 1.0047093728539567
579 2.397050209274312 0.9965561149365106 0.9941714391295595 0.9923901046091395
93 2.626396963127263 1.004328243903426 1.0070485698695428 1.008919841357286
192 0.5173047549851617 1.0034851637275324 1.0063422253996885 1.0087900793462459
338 2.9164631190014916 0.9990684798364857 0.9975836059554893 0.9961629390563643
840 4.872232023381002 0.9978186358165718 0.9950089040633199 0.9923059301310173
447 1.8208003121544607 1.0028162320756502 1.0049161880274342 1.0068120536376268
841 2.065582247892962 0.9992255261910997 0.9985951084613929 0.9979969782033585
710 14.470289050555948 1.016180078548518 1.027041552971853 1.0343531505760415
953 2.3219581783996546 0.9946925928857778 0.9898173895219845 0.985360832498925
448 1.1786875412853988 0.9981480463994957 0.9961064652171011 0.9942334680147447
580 3.3356172017192876 0.9975161317270629 0.9966981592909047 0.9966548175960124
339 0.9849223912005982 0.9974377645350654 0.9963264522197252 0.996021825692972
193 0.2933482974258368 0.9963003624172385 0.9933400818773515 0.9909522242539517
581 3.4588907909146656 0.999383335464969 0.9984678361965864 0.9976490355942864
842 6.449767566868104 0.9992665848130918 0.9989461470493993 0.999139411034807
94 2.1970434813338215 0.9941812806109647 0.9894622214976324 0.9851820156133645
711 1.3663114938426588 1.0007692728467215 1.0024871753581008 1.0042348127833622
954 2.462929032402826 0.9985303970377144 0.9978901739729304 0.997790970092815
449 0.47132704189425567 1.001298025438027 1.0026057454473287 1.00376394147507
340 3.538488578513352 1.0097678880588292 1.0168510198025116 1.0222623545679974
95 3.0274579731431004 1.0050320971146087 1.0093713394537835 1.0130489462720562
194 2.9978215978408116 0.9953500137507556 0.9919314160185077 0.9895447985361926
712 1.3798663181187294 0.9986880836391839 0.99761490758865 0.996887455291488
450 2.6747203279192036 1.0018549469853273 1.0046894544451712 1.0075250481940916
582 0.23080830460821744 1.0017145712738367 1.0026462249263306 1.0032519217624096
713 1.5709804777434329 1.0001176412512314 1.00051018161445 1.000710543007935
341 1.6019757160065637 1.0005972420264604 1.0001372518431344 0.9992874113411894
955 8.70447890532705 1.004077525388717 1.0093626774070112 1.014421575965962
195 1.9801699043091503 0.9952716913382368 0.9912759804699711 0.9880718404899134
714 2.8231065433719778 0.9998014045346743 1.0004563386206298 1.0013504619500002
96 5.228386507542382 0.9989990826970354 1.0014553233612664 1.00497053663956
451 9.607761336357726 0.9838698378900717 0.969133403646462 0.9561819262145764
583 6.552718415394338 1.0184307268489685 1.034377317532737 1.0483253837424813
342 4.691601507925952 1.0001019481101834 1.0008762482438747 1.0016009820096814
452 4.437603577498521 1.000505870714636 1.0003957954554676 1.0000182357413652
196 2.5162909712853434 0.9964518875557268 0.9936951849809977 0.9916055013055507
956 2.711759748206532 0.9976583824150949 0.9967872922382537 0.9965080401189873
97 5.640081175884916 0.9947679926129919 0.9924094537928734 0.9910636538643107
843 1.6838866288799181 0.9976549331016539 0.9952356999878897 0.9933976109170748
957 10.352378722254798 0.996260925762609 0.9926313110212514 0.9895065514108914
197 4.515338081702794 0.9978841734960354 0.9953742560706674 0.9930036485013186
453 4.66276781131819 0.9950704055438928 0.9896186832018428 0.9845291028931262
98 1.7235818359931727 1.0010518627845584 1.0021544356350205 1.0030535096771875
454 6.554339064796295 1.002846479612763 1.0054994830279118 1.0077934705378988
958 2.607867104543402 1.0020285375418572 1.002440734531821 1.0021001367492792
99 1.8810119978570583 1.0034091963898273 1.0050997565221131 1.0060645461177675
584 2.0168527271725907 1.0029546521502295 1.0046292181775835 1.0052029708720398
100 0.4136513002740685 1.00069437476878 1.001998122375331 1.0034460663032383
959 3.7305558305652085 0.9951491761638834 0.9901617159775987 0.9854263178617779
101 4.731292139413199 1.0036580478980928 1.0074198758064734 1.010736860420099
343 2.350770258304692 0.9880372619501031 0.9791571160511747 0.9721645145485481
198 5.83769779270915 1.0113895988269106 1.01841673547175 1.0229329873580337
715 5.390116029453566 0.9980378750351567 0.9943815665384683 0.9908367693450499
102 1.0413439430030849 0.9985885169072222 0.9974045544769577 0.9963991361682168
585 0.9464703595731407 0.9961288087315846 0.9934540848188709 0.9915136592867424
844 3.379685063693614 1.0145973356532563 1.0240964300102673 1.0309658427588329
344 6.127894112240028 1.000493449144243 0.9994139056341407 0.997616480068359
716 1.2224679789778747 0.9992433400470968 0.9991173884670566 0.9991445078128938
345 1.3928472319585126 1.0008127301263676 1.0010204276649661 1.0009890812058864
960 0.5654217020510259 0.9994041902493624 0.9993898613558608 0.9995223450061484
455 2.394527999762431 0.9987051575294217 0.9971939306246764 0.9962523292144735
586 2.649527827905331 1.0004408177642412 1.0017889391098995 1.0031877233403879
103 3.812341267392185 1.005693947836756 1.010359453509538 1.014325237292993
845 1.748877683579849 1.0000522400290792 1.0004956954764954 1.0011603031487109
346 14.365917224629811 1.0085559163520477 1.0159785036101208 1.0224566963721302
961 7.135909208343946 1.0036383145039336 1.0078960227355902 1.0118052901869756
846 5.281774469605807 1.00419227256678 1.0080852181987503 1.0116651464536164
104 1.517168276153825 1.0015854604544299 1.0024548836476137 1.0029889046310394
456 4.560967421939495 0.9995070582415859 0.9988295626729212 0.9984992538223405
587 3.1753741035026906 1.0071456172622426 1.0138353588517384 1.0199821137251028
457 2.322357640670816 0.9960978055571164 0.9928887188870911 0.9901776593157359
105 0.41960383948935487 0.9995438915931452 0.9994230675206752 0.9994192479876124
458 3.5205107252822927 1.0010930340912332 1.0019065655872637 1.0026743241742235
199 5.3943045952910325 1.022144748671186 1.039662540748552 1.0540655391342189
847 2.582799301331761 0.9987619391074802 0.99675957332635 0.9947290601577705
717 5.826752151249821 0.9706421115772553 0.9453623104729448 0.9241180104967391
347 5.798868628256969 1.0108191412824807 1.0193990025421862 1.0264329125712304
200 3.113255918644427 1.0026812524721138 1.0051733240202148 1.0072949619526461
459 1.3658450387829362 1.0005629638459332 1.0004033195981235 0.9999827027542515
848 2.6360754851248203 0.9958379778934581 0.9911742694670619 0.9868907670600293
106 3.2029366533133725 1.0053757752075718 1.0080075552967365 1.0094741260167492
962 2.8928390953005874 1.0057614163793416 1.0085775765918659 1.0099027929590332
201 2.909786742351571 1.0000385660949411 1.0008182969415687 1.0017314735660405
348 4.140882110981693 1.009974064220944 1.019191849801036 1.0272371474555575
849 3.0950562391244603 0.9972454358494584 0.9944889056958504 0.9921490753962395
460 2.4258926288457587 1.0036393691516516 1.0066053407502984 1.008973287962402
107 3.8570724715646065 1.000282826499366 1.0027453951887078 1.0060399139226712
202 3.2938113367636106 0.9950259789155589 0.992121435705156 0.9903730496362966
203 5.611016400092922 1.0007109893346182 1.0005904114322366 1.0001229131623528
349 0.9566243883691641 1.0022815839254124 1.0048358344344774 1.0072420635799244
718 5.492243939299442 0.9910838741291894 0.9846569209064108 0.9793240197140863
461 7.085612351271266 0.999017070865071 0.9994443158685221 1.0002029362734317
963 2.395077496446902 0.9997362631521566 1.0014568953735064 1.0038792360475526
204 2.4081811637061037 0.9975874518031983 0.9951171818093887 0.9929425179743958
850 0.6710472350332566 1.0012130133983332 1.0015932380486001 1.0017404800176264
588 4.062105308868922 0.9858957970931189 0.9725707119355502 0.9603690630854514
108 3.80910678481996 0.9987011007415275 0.998917822336684 0.9995129776217495
964 0.9938245285156881 1.0037458403374688 1.0063838228090483 1.008468119807479
350 1.6543610890948912 1.0031383198266994 1.0031980357086419 1.001978830826855
462 5.915491758765711 1.0085291996325663 1.0176196771700994 1.0260564528435425
109 3.5864990316767944 0.9976119832456665 0.9961517675789278 0.995179057337782
589 7.458113096490706 0.9951327132389202 0.9933666027333798 0.9928854915591022
965 4.574102162157942 1.003475120500813 1.0067327743773917 1.009579296305507
463 4.829374480863407 0.9951613719512298 0.991605939749206 0.9888670434753486
464 2.678322039775594 0.9985932348006028 0.9978548852367707 0.9973480278182124
966 5.838007721951726 0.9990663070749645 0.9990537959012802 0.9990662290412394
205 4.872966197432106 0.9976944990975339 0.9959817725838285 0.995265253775235
110 0.7892918733650731 0.9967232376747008 0.9940882666797314 0.991841650156421
590 1.164315578287642 0.9969880648545566 0.9953640895001605 0.9945558022685334
967 10.002174420375013 0.9922861135506467 0.9864719486793463 0.9818568505611805
719 0.3384382103322423 1.001646256014704 1.0020809287029515 1.0020657448119727
206 1.5656688827984908 0.9996618699408756 0.9989601849917613 0.9981230350495791
465 4.374057615565107 0.9975460890527189 0.9966572655904306 0.9968214954075493
351 3.7314698842346843 1.007130144058326 1.0117081201116724 1.0147649869529465
968 3.8168326638460712 1.000644685700943 0.9998678295109091 0.9984730300597284
352 2.828796747231536 1.000908953449728 1.0010073532804127 1.0008604441809943
207 0.22225304314088135 1.0006515465283992 1.0015458767990562 1.0024087009524072
111 4.784870247640356 0.994362588597456 0.9878931068648032 0.9812228389538188
466 0.972534808986893 1.0025499668700921 1.0037986203272042 1.0044491870416923
591 1.1597794408153277 0.9948583236344585 0.991000660185045 0.9879085747404339
969 1.6823458695653244 0.9975286309833167 0.9961961586193805 0.9953396864892896
851 2.164261428059035 1.0174348693105455 1.0328720352230192 1.0459171605920112
208 8.004356477727924 1.0023241443378104 1.0043552394447044 1.0058143210710988
970 4.222040816965091 1.0049530638475004 1.0074349219612884 1.008950185674625
112 6.366013771752478 0.9982602065536814 0.9947429271915674 0.9908809921228052
353 1.9470790188042884 1.000739406938451 1.0006212545871027 1.0003313363314321
852 7.28391281230688 1.0020068645938285 1.0040763262613042 1.0058564296437429
853 4.836721295338066 0.9921881480668973 0.9855220234314763 0.9801107661860329
209 2.109203508029168 0.9973464307858364 0.9948299762825489 0.992347997013957
354 6.96657297163074 1.0207704686100667 1.0369191409509897 1.0502233009501944
720 5.117556279736164 1.0099816866982647 1.0200724825065306 1.0290256290252806
467 0.8960030960461154 0.9999803714633785 0.9997471342470265 0.999658492105366
971 7.658311822653559 0.9944123373676276 0.9872759542727155 0.979904937151314
355 2.711434750681292 1.002793957741285 1.0054573356268848 1.0077095279000048
721 4.5045911789002275 0.9967241985511667 0.9941451455821333 0.9921658239802015
592 4.855639805489773 0.9914201868718635 0.9839837056286234 0.9780695754977603
356 1.1374350915484683 0.9990431858483562 0.9985352213493185 0.9980783718722662
113 2.8278208123429067 1.0001267407953418 1.001840968345332 1.0038755218208668
468 1.8728113080615003 0.9965511817999154 0.9948294237250643 0.9939644128125859
854 2.1141787447413662 0.9929361295147434 0.9874476142540661 0.983172752070589
210 5.077258012652237 1.0067669489181639 1.0126319475841894 1.017517463267374
357 4.053022808606329 1.0036678446868352 1.0065007772659733 1.008911693261089
593 3.8434723420996306 1.0026004273193738 1.005947626054225 1.0092896660473392
972 3.714942952783531 1.0114300085456744 1.0207152770481354 1.028156479878663
358 0.40695551933094976 1.0004867056671451 1.0006337939333894 1.0006215313810218
114 1.559706028938308 1.0004368950638296 1.0004912450910477 1.0001635468292975
722 1.8639624700717832 0.9979535627170768 0.997374581218611 0.9971804449724503
973 2.514894949297741 1.000936139711005 1.0010774619538922 1.0010170885106224
359 8.14799629189838 0.9993308631974555 0.9998616757120702 1.000872680207674
115 3.4007369692899374 0.9993058468278054 0.9995939000031392 1.0003131575386766
211 3.2718690526671708 1.0020300820666985 1.0050139008524472 1.008341862166046
469 0.7602938080926833 1.0050751830978477 1.0107747460756247 1.016393833921596
855 3.6668566928965447 1.0013109852989 1.004535479298659 1.0077577426500324
212 12.273288224392672 0.9925818044039713 0.9849789041342782 0.9781475879955946
856 4.914913044745845 0.9992488710612206 0.9980804618233265 0.9969524300498481
360 2.1261017851265933 1.003238207162388 1.0051575337475491 1.0063948815712362
213 3.7281992912485293 0.9994678061631423 0.9995720626208155 0.999944529244154
594 0.3669351870412356 0.998065030186038 0.9974359828481539 0.997277040107564
974 0.08844253202732943 0.9990936721247441 0.998060492586888 0.9970462489133977
470 5.194163270380159 1.0067596314943603 1.011468256350049 1.0152967847905099
975 1.0526229761762806 0.9985568441684525 0.9975849371852732 0.9967852292022454
116 3.8566324953662843 0.9977429573341402 0.9968910147372925 0.9963457712200758
976 0.7760734394287283 1.0003953110815258 1.0003781914716772 1.000131335691473
471 0.7943444955672021 0.9977459016999565 0.9955485474867185 0.9936210529837054
214 3.6746927802869322 0.9941204984238698 0.9900002665719604 0.9867484725614845
595 2.0953944641150883 1.0019059542228022 1.0024486342200414 1.0025878619817712
472 4.6208075073082 1.004944538113811 1.009180369259799 1.0127621472735533
117 3.989094772068711 1.0014907954655947 1.0046529505188286 1.0084440100198961
723 6.4957836709982075 1.0104969149761953 1.0216559896229909 1.032270268764067
977 5.481249716980528 1.005808588048469 1.0111054242584698 1.0157404122268383
596 2.809945368262561 1.004428503642248 1.0076890113890824 1.0103107132651665
215 4.5482460119619645 0.9942007711745269 0.9911820187969883 0.9897201150481183
724 0.9005762407141447 1.0006750423637552 1.0017308679759975 1.0027525398314514
978 4.05363880551522 1.001757484244729 1.0031736064369228 1.004503853374713
473 7.738669266758734 1.0045284936389725 1.0069856664880164 1.0085851775392625
725 1.8791643209879112 1.0012207082114852 1.0030010904643982 1.0046606140857963
216 1.3759523176649964 1.0016180616541133 1.0029102472648723 1.0040235917679496
979 4.714783867892038 0.9947819824387525 0.9909894490894053 0.9880362091655471
474 0.3990478647156124 0.9986376146624831 0.9973922849420691 0.996309068895494
597 3.6540873127960367 1.001224763966642 1.0013750124453162 1.0014565736138121
217 5.045472287603843 1.0035957252507395 1.0046753096818248 1.0045312588790867
857 1.267924997891896 0.9996647270134575 0.9998263852895877 1.0006475948354527
361 6.174533471263203 0.9977015336051296 0.9929981735254588 0.9880133870896588
726 0.7032921274476394 0.9976699849733246 0.9954917317804935 0.9934237172080833
598 2.2754373889747512 1.002520778649719 1.004006267743456 1.004976814868104
118 3.9845485329024086 1.0084631818711833 1.0142368677300269 1.0186092904064397
980 7.389911195306922 0.9927510552211036 0.9886254713695485 0.9865071859394966
119 5.873541856139127 0.9967731895769619 0.9940699085510095 0.9918523353369838
858 4.565695049173883 0.9997603207341776 1.000502526742411 1.001508517914781
120 0.4116298411718162 1.0001751444842124 1.0000321699062766 0.9998310596128474
859 1.4184290795037668 0.9984024161966769 0.9967507781378584 0.9952505092202751
727 2.0845834561441734 0.9954362218473214 0.992340798878321 0.9900560102894691
121 0.28001275129463465 1.0000569775390555 1.0000078632258065 0.9999543880204304
860 9.231312931282446 1.0062180743086049 1.0127925432287077 1.0187224805700965
981 3.6703722233378357 0.988873756685996 0.9812819238247029 0.9757782274039155
861 3.7750328277033987 1.00163851061224 1.0028478725775407 1.0040251542426124
599 0.33316538770850457 0.9991170384792142 0.9990424505536666 0.9994552884941411
728 3.9859106348030764 0.9923474998642207 0.9873723741908575 0.9838383859219375
122 5.684542757635427 0.9992039457180903 0.999514597677444 1.000417306995241
600 0.24389612129016314 0.9993264070510662 0.9988754191513683 0.9985814522589602
862 0.39669193675217684 0.9993293623922376 0.9990464083952804 0.9989689569593905
982 2.9878245417767175 0.9998641780573378 1.0006389049100992 1.0014345097324089
863 2.5247160183880624 1.0002850412933995 1.0009761594024884 1.0017772303234096
729 1.283990243649896 0.9993544554834641 0.9976511434259413 0.9956618495473558
123 5.776818759342859 1.0015444173713959 1.002468639886911 1.003326377484671
983 1.2865952081792784 0.9979833901057192 0.9959922155715591 0.9942049561833533
475 1.3041469090076134 1.004571504754346 1.0102179527473798 1.0159319710202033
218 8.761929987691474 1.0068947367469336 1.0115979065619802 1.0159263763407576
601 3.328126950760634 0.9945836887927575 0.9906175433141409 0.9874496331750926
730 3.35716717039395 1.0079777276764093 1.014659310340851 1.0200449456488991
602 0.24095054289500695 1.0000802032539167 1.0000506605177877 1.0000253792059124
219 0.3520124761907937 1.000451316955134 1.0011132731097978 1.0017509934439104
984 1.4616429624966258 0.9969107159680146 0.9949640398798896 0.9937006802881279
362 3.6127746324200416 1.0005318036446886 1.0017961030166227 1.0026192230410786
124 7.919810035189585 0.9968528300813133 0.9956746231769134 0.9946690957710299
731 0.41645860611060925 0.9956154239396217 0.9922439926017412 0.9895546615127658
476 2.2174489594635816 1.004274140946985 1.0081978699761034 1.0119583310205058
985 1.5638187009753892 0.9978016586805708 0.9959465050187046 0.9943924420266047
864 1.6547110370847804 1.005292889290887 1.0087988241784254 1.0115548733269262
220 6.925509331455032 1.0071006336612636 1.0129966734949507 1.0174536347965715
363 1.1394260971519543 0.9995742030244548 0.9987818236133366 0.9981347951157273
865 3.6203033864057943 0.9984634393837482 0.9975605050438097 0.9967419985352856
732 1.7664382791299431 0.9994273468693889 0.999827905553815 1.0006109614450711
125 5.5156503546331805 0.9997548705946425 0.9978422092826374 0.9952192959705186
603 6.033954955364607 1.0006251653014575 1.0019095452481988 1.002870397245983
364 5.561453355994672 1.00366765748542 1.006001697194607 1.0076958541921859
986 2.2644057229845203 1.0022959445334345 1.0031242870272639 1.0031896390180899
221 4.913422171946877 1.0015926285829047 1.0033713645392803 1.0054645065586967
987 4.679945240330198 0.9981482415589747 0.9965460869138568 0.9953038082490359
604 9.705062433711646 1.0066205315266674 1.0113760136711667 1.0150291752318696
365 0.9486691852489457 0.9944050168955015 0.9902009922794377 0.9870771321539592
605 3.585330270967461 1.00250163668923 1.0038087952620922 1.0043975395573401
733 2.7511276479599474 1.0008913314582357 1.0031936900758975 1.005762867258333
222 8.196751031317035 1.002636890756087 1.0061247346813673 1.0097452787550154
606 0.9112684864285256 1.000264049539703 1.0006919595325163 1.0010198353981805
477 1.1380531060294743 0.9948591396487158 0.9917319283249626 0.9900696473424506
734 3.4364144591145305 1.0028692990279595 1.005156540708698 1.0071387232269695
866 3.5804532355668925 1.01506478782381 1.0269992005477573 1.036618157829883
988 4.406110485186218 0.9956753689987164 0.9910443544564584 0.9869923891827198
478 0.9387180688372609 0.9998326002040555 0.9992927254639136 0.9986879932272643
989 0.6282968351333693 1.0011419156529393 1.001668224086012 1.0018924696694975
735 3.0500152485437866 0.996580823040351 0.9932294990520298 0.9901843896548308
867 0.2554733204706281 0.9997460028029694 1.0001408739136284 1.0006516752154098
366 5.768389165245026 0.9942922760231037 0.987272085283653 0.9805900211581223
223 2.454699122634338 1.0090858098972912 1.0167730353568527 1.023449338409192
224 7.059129143506652 1.000726345294089 1.0027632528944468 1.005178199996621
607 0.6500576376347453 0.9969142267229979 0.9947288137898425 0.9929952639723214
736 1.5213107850813685 0.9988351629310945 0.9969176773470825 0.994873674155797
479 0.10130974008461635 0.9993602009679368 0.998538814383207 0.9976963103734388
367 3.962929083570998 1.0022925942040835 1.0052841715539482 1.0082741999329117
608 3.9581089693256217 1.0091064297556167 1.01572153758644 1.0209067546746093
737 0.6675605074196937 1.0016657214010671 1.0033623126399678 1.0049661048216039
868 0.8976497676994768 0.9985405915521618 0.9968518719446399 0.9949560438826996
738 0.9798378592404333 1.0017111963415883 1.002807592187019 1.0036036725613122
225 2.90620266849146 0.9886913455746441 0.9798783565555323 0.9728291534760903
609 4.554971571371425 0.9960449793406976 0.9921793483001231 0.9885648735531163
226 3.9993155295851466 0.9979694713164549 0.9959438395035337 0.9939354466107212
990 2.651441060061188 1.0022773978367419 1.0059233179460387 1.0103228780619868
739 1.4136906312232895 1.0041759918697104 1.0073057469391202 1.0097813109667277
610 2.5019496095192153 0.9944848963990561 0.9899468572888321 0.986093073547836
869 0.5232918578640238 1.0015919476302693 1.0032286445503833 1.004757449212794
368 3.8745684487330436 1.0067146802024514 1.0138109139493605 1.020140433734062
227 1.1056232182145322 1.0016845102031215 1.00374442724939 1.0057598563940664
611 0.8248440259376366 0.998157607275347 0.9973955640468612 0.9969819947524712
612 6.235308624427489 1.0003084773490503 0.999023217841703 0.9970487687325771
369 2.2999338182580686 1.00431780142741 1.0074534455465125 1.0098782003203106
740 2.643904228718384 1.0035669738455566 1.0085052250197883 1.0137542823638648
991 4.557183093194908 1.008898304471563 1.0146024463836085 1.0185063473699847
741 0.39151890862194705 0.9995066820957205 0.9990536093582224 0.9987012884322377
870 2.4698120953235048 1.007180957691627 1.0115849204861496 1.0147527888313244
370 1.2599960497718712 0.9989861089425921 0.9987779629113396 0.9988330084255368
228 3.966830562945688 1.001639346133787 1.0041015740448738 1.0064883082585596
992 1.4120852867581561 0.9976591761139431 0.9963906419243314 0.9956792302028982
229 7.585624409603042 0.9960137777942052 0.9931629301565553 0.9911083855396855
742 3.7561955005112395 0.9957226595104951 0.9930411608586571 0.9913193536936187
993 1.2316760054000042 0.9984100836592232 0.9974218826047826 0.996659985565886
371 13.863233740925352 0.9930510785452837 0.9861945817046904 0.9801505287331228
871 2.534412578184856 0.9994365626996831 0.9982728335195853 0.9968160829186077
480 1.9911164111927064 0.9872083775806316 0.9748732331309223 0.9637617155823284
743 5.585687551143565 1.000201182182621 0.9994028800034326 0.9983555371285707
872 3.2496183498442406 1.0006998779642369 1.001916740169306 1.003202312397699
230 1.4582394553563063 1.0059878842118448 1.0110306479553042 1.015281983887849
481 3.171809629237032 1.002356314950848 1.003646683376394 1.0044540705249176
482 3.08965174226978 0.9988808478817016 0.997307651378059 0.995736679980268
744 1.7166600845230278 1.0019063619130697 1.0027852214378508 1.0033974158534775
483 3.357744088567415 0.9979867065729929 0.9967852817335882 0.9958335611487897
231 6.513377199476963 0.9988073927386751 0.9984293450608384 0.9981657773989329
372 0.4536236945714336 1.0034275779850086 1.006317940831981 1.008684236692614
613 2.8008590323752287 1.0021367429702246 1.0007344042584014 0.9980118827792768
745 0.12282628149478114 1.0001739726523524 1.00044913431538 1.000752503674295
232 8.285290021220135 0.9994460844701369 1.0000380937408238 1.001168881152053
873 1.24215230948721 0.994486456313794 0.9901123509819313 0.9868921037606154
994 2.4601417567027966 0.9935383091252356 0.9884852907335777 0.9841291334931346
746 6.651919309730147 0.9952891806213159 0.991487527352939 0.9883191054226137
233 6.78796469770532 0.9961786564444922 0.9933795297898225 0.9910908739165819
614 2.869304820407706 1.003549170567081 1.0052339240510102 1.006114765098245
747 3.907549310964896 0.9958845668609793 0.992099357829365 0.988756741927329
995 0.9310046759401303 1.0028841836838975 1.0049929868618257 1.0066054400435822
373 3.595200415211366 0.9884407950081068 0.9778691629242279 0.9685596859140901
874 3.561751428878779 1.004418277596104 1.0099783679934558 1.0159349069230008
615 3.6351018434270372 0.9990634459823552 0.9990628936730432 0.9994102726145436
996 1.3945363169750635 0.9987152889097922 0.9973456821286782 0.9959955713919901
616 11.913111946254503 0.9976097691516781 0.9958048301763224 0.9946359152631796
234 2.737122764261585 0.9984970892112943 0.9973580328213555 0.9961207471661461
484 2.803095692956049 1.0155259666378114 1.0287894536700117 1.0399074359058205
374 2.1642117649516877 0.9964021340143542 0.9932041117949402 0.9902913633050583
875 0.4949446330010687 0.9978640582276075 0.9960700769597576 0.9946467840151627
485 2.2411599047227355 0.9977599071620072 0.9957163912424322 0.9940590562641762
617 4.281982398197215 0.9941494670290417 0.9901506527750679 0.9870415411296424
375 1.9267835778100562 0.9984210726581884 0.99666155789302 0.9951100749248702
486 4.333871025595727 0.9979980967847226 0.9971442711207655 0.9968394960200191
748 5.4645829979108385 1.0056673024467173 1.012216900297899 1.0184643079817355
235 1.4241198466006608 1.0011466642394038 1.0006145529155412 0.9993683346325074
997 3.723982506497123 1.007908883933269 1.011826495690758 1.0142084115041814
618 6.3555148157829535 0.9938638558416457 0.9908419348554545 0.9890305064743814
236 5.951069349157478 1.002122268138799 1.0047623974255386 1.007411844545858
749 4.601606133293899 1.0120420698099877 1.020583160667356 1.0271232069304164
619 1.4924001562085323 0.998783268279782 0.9981452059105022 0.9977950898467909
998 3.161090137762585 0.9963425585018109 0.9922382937720156 0.9881897761337102
750 2.00514278636183 1.0001468442588268 0.9995805183547075 0.9987146778697088
620 4.231314422098876 1.000885301138297 1.0007345168102415 1.0002688815622642
487 0.07212591720599448 1.002749040356772 1.0051288309290842 1.0072303825646445
237 4.635669364737623 0.9972280207927148 0.9945579399469159 0.9918791470893523
621 1.0554838179796207 0.9969826272134914 0.9946998710464617 0.9927803546154572
999 1.4881264954528888 0.9950214178727328 0.9914489494305664 0.9888066208211371
622 6.457822332409705 1.0064460461399578 1.0100605299062708 1.0120967936111134
488 7.951706881667633 1.0041102375265467 1.0110331478825398 1.0182363079989813
238 0.48317031391525234 0.9958742460056913 0.9922702946878204 0.9892578880643704
623 1.8736624624580145 0.9997201586550016 0.9988073435169174 0.997832387962837
624 9.071706165528667 0.9973174938720495 0.9962142514499266 0.9956054183109921
489 1.9051052383365459 0.9971891617942833 0.994814306969867 0.9930592905653108
239 0.8666466548056633 1.0040842900996572 1.007177172468359 1.0097484407440265
490 0.4422135336917563 1.0039250975212182 1.0068541237439328 1.0090816176031852
625 4.157719609826017 1.0086860412235172 1.0120507593832817 1.0125046572061198
491 2.1724376938218484 1.005709120085282 1.01056255529631 1.014370632857714
240 3.345644011786135 1.0021105140489555 1.0051881622761538 1.0087417495840216
241 3.979910815363837 0.9982015477583807 0.9975827572545862 0.9974220584611361
492 0.5443439338905591 0.9943200084326251 0.9907544132409004 0.9882718002166873
242 3.488888318728641 1.003567266763524 1.0053177531565027 1.0065112314973432
243 3.3083198396234366 0.9984045853176094 0.9974449979152311 0.996690644032219
493 3.889707625394294 1.0070317484181939 1.014944193829368 1.022208130027986
494 3.974886335510746 1.0026701125910036 1.0036743713550893 1.0039722990445954
244 0.5347076600555738 1.0002459889226765 0.9994316077439231 0.998206944919128
245 1.7137461351085221 1.005869890357923 1.0112479139215633 1.0158954995302094
246 10.57522603873258 1.0045468098853856 1.0101242400649222 1.0156453167525112
247 9.323210848606323 1.0001406688375516 0.9992981338668823 0.9983405948858756
495 3.6789130942815973 0.9889894836980146 0.9808892575461375 0.9746158811807305
496 6.0629646002144 0.9974912038700499 0.9942456890926515 0.9909246608264062
497 7.638627733535031 1.0019094552823538 1.0045826681910268 1.0072351374676998
248 2.161676425144833 0.9954929605956919 0.9913655549304795 0.9880764965999607
498 6.684111707449119 1.0086337405824088 1.0140801650842177 1.0176634314069601
499 3.1680784369891626 1.0001228984116501 0.9994147802106752 0.9985304203185729
249 3.6649904022506234 1.0066733168264708 1.0123772905093722 1.0173828552317201
250 5.54547166039265 0.9996839829778909 0.9993213819021912 0.9986795926355158
500 2.799493890184749 1.0080664440164209 1.016101485295328 1.0234656814941223
