21 -1218.8826874279052 -1218.8826874278807 -1218.8826874280353 -1218.8826874279175 -1218.8826874278827 -1218.8826874280414 -1218.8826874279112 -1218.882687427979 -1218.8826874279844 -1218.8826874278943 -1218.8826874281694 -1218.8826874280267 -1218.8826874278752 -1218.8826874278736 -1218.8826874279628 -1218.8826874279011 -1218.8826874278739 -1218.882687427936 -1218.8826874278784 -1218.882687427882 1.0 1.0 1.0 1.0 1.0 1.0 1.0 1.0 1.0 1.0 1.0 1.0 1.0 1.0 1.0 1.0 1.0 1.0 1.0 1.0 5.0 5.0 5.0 5.0 5.0 5.0 5.0 5.0 5.0 5.0 5.0 5.0 6.0 6.0 5.0 5.0 6.0 5.0 5.0 5.0
27 -1171.4630988494114 -1171.4630988496965 -1171.463098849419 -1171.4630988494728 -1171.4630988494682 -1171.4630988494198 -1171.463098849415 -1171.4630988494125 -1171.4630988498668 -1171.4630988494505 -1171.463098849478 -1171.4630988494168 -1171.4630988494432 -1171.4630988494132 -1171.4630988494603 -1171.4630988494375 -1171.463098849456 -1171.4630988494853 -1171.4630988494378 -1171.463098849408 1.0 1.0 1.0 1.0 1.0 1.0 1.0 1.0 1.0 1.0 1.0 1.0 1.0 1.0 1.0 1.0 1.0 1.0 1.0 1.0 6.0 5.0 6.0 6.0 5.0 6.0 6.0 6.0 5.0 6.0 6.0 6.0 6.0 6.0 5.0 6.0 5.0 6.0 6.0 6.0
39 -1200.9054156064094 -1200.905415606956 -1200.9054156064221 -1200.9054156067714 -1200.9054156064294 -1200.9054156064865 -1200.9054156064603 -1200.9054156064922 -1200.9054156064965 -1200.9054156066823 -1200.905415606952 -1200.9054156064808 -1200.9054156064178 -1200.905415606609 -1200.9054156063999 -1200.9054156064226 -1200.9054156063994 -1200.9054156065308 -1200.9054156063976 -1200.9054156069153 1.0 1.0 1.0 1.0 1.0 1.0 1.0 1.0 1.0 1.0 1.0 1.0 1.0 1.0 1.0 1.0 1.0 1.0 1.0 1.0 6.0 6.0 7.0 6.0 7.0 6.0 6.0 5.0 6.0 6.0 6.0 6.0 6.0 6.0 7.0 6.0 6.0 6.0 6.0 6.0
33 -1252.8392059789344 -1252.8392059788437 -1252.8392059791117 -1252.8392059788546 -1252.8392059793116 -1252.8392059789999 -1252.8392059802727 -1252.8392059792761 -1252.839205979627 -1252.8392059788423 -1252.839205979912 -1252.8392059788612 -1252.8392059788316 -1252.8392059792818 -1252.8392059788637 -1252.8392059801786 -1252.8392059788746 -1252.8392059792482 -1252.8392059788418 -1252.8392059790162 1.0 1.0 1.0 1.0 1.0 1.0 1.0 1.0 1.0 1.0 1.0 1.0 1.0 1.0 1.0 1.0 1.0 1.0 1.0 1.0 7.0 7.0 7.0 7.0 6.0 7.0 6.0 6.0 6.0 7.0 7.0 7.0 7.0 6.0 7.0 6.0 7.0 7.0 7.0 7.0
15 -1187.9191813661048 -1187.9191813658454 -1187.9191813654777 -1187.9191813655143 -1187.9191813659133 -1187.919181365478 -1187.9191813654688 -1187.9191813654666 -1187.9191813654925 -1187.9191813655539 -1187.9191813656394 -1187.9191813654759 -1187.9191813655048 -1187.9191813655414 -1187.9191813655127 -1187.919181365861 -1187.9191813656712 -1187.9191813654902 -1187.9191813666382 -1187.9191813655086 1.0 1.0 1.0 1.0 1.0 1.0 1.0 1.0 1.0 1.0 1.0 1.0 1.0 1.0 1.0 1.0 1.0 1.0 1.0 1.0 7.0 6.0 8.0 7.0 6.0 7.0 7.0 7.0 6.0 6.0 7.0 7.0 7.0 7.0 7.0 6.0 6.0 7.0 7.0 7.0
1 -1215.5111288183955 -1215.511128816488 -1215.5111288165142 -1215.5111288171101 -1215.51112881677 -1215.511128816692 -1215.5111288177504 -1215.51112881668 -1215.5111288165122 -1215.5111288164921 -1215.511128816543 -1215.5111288165172 -1215.5111288170197 -1215.511128817686 -1215.511128818173 -1215.5111288169996 -1215.511128816941 -1215.5111288165408 -1215.51112881724 -1215.5111288170374 1.0 1.0 1.0 1.0 1.0 1.0 1.0 1.0 1.0 1.0 1.0 1.0 1.0 1.0 1.0 1.0 1.0 1.0 1.0 1.0 7.0 7.0 7.0 7.0 7.0 10.0 6.0 8.0 7.0 7.0 7.0 8.0 7.0 7.0 7.0 7.0 7.0 8.0 7.0 7.0
8 -1208.6497540232854 -1208.6497540232626 -1208.6497540222886 -1208.6497540226019 -1208.6497540230625 -1208.6497540226298 -1208.6497540229777 -1208.649754024702 -1208.6497540268374 -1208.6497540246585 -1208.6497540219948 -1208.649754024697 -1208.6497540224645 -1208.6497540224082 -1208.649754023189 -1208.649754023908 -1208.6497540234136 -1208.6497540222945 -1208.649754022516 -1208.6497540236803 1.0 1.0 1.0 1.0 1.0 1.0 1.0 1.0 1.0 1.0 1.0 1.0 1.0 1.0 1.0 1.0 1.0 1.0 1.0 1.0 8.0 8.0 8.0 7.0 8.0 9.0 8.0 8.0 7.0 7.0 9.0 7.0 8.0 8.0 7.0 8.0 8.0 8.0 8.0 8.0
45 -1211.3501764612583 -1211.3501764649145 -1211.3501764640916 -1211.3501764652212 -1211.3501764640212 -1211.3501764615767 -1211.350176461173 -1211.3501764619427 -1211.3501764612815 -1211.350176461345 -1211.3501764613893 -1211.350176461318 -1211.350176462378 -1211.3501764612931 -1211.3501764619386 -1211.3501764618425 -1211.3501764611406 -1211.3501764631108 -1211.3501764613359 -1211.3501764645869 1.0 1.0 1.0 1.0 1.0 1.0 1.0 1.0 1.0 1.0 1.0 1.0 1.0 1.0 1.0 1.0 1.0 1.0 1.0 1.0 8.0 8.0 9.0 8.0 8.0 8.0 9.0 8.0 8.0 8.0 8.0 8.0 9.0 9.0 8.0 8.0 8.0 8.0 8.0 8.0
22 -1200.3635318998543 -1200.3635318998683 -1200.3635318995043 -1200.3635318998531 -1200.3635318998072 -1200.3635319001382 -1200.3635318994923 -1200.3635318995364 -1200.3635318997176 -1200.363531899471 -1200.3635318994523 -1200.3635318999795 -1200.3635318995005 -1200.3635318994907 -1200.363531899467 -1200.3635318995061 -1200.3635318994486 -1200.3635318997895 -1200.3635318995505 -1200.363531899513 1.0 1.0 1.0 1.0 1.0 1.0 1.0 1.0 1.0 1.0 1.0 1.0 1.0 1.0 1.0 1.0 1.0 1.0 1.0 1.0 6.0 6.0 7.0 6.0 6.0 6.0 6.0 6.0 6.0 6.0 7.0 6.0 8.0 6.0 7.0 7.0 7.0 7.0 6.0 6.0
40 -1198.0205202075688 -1198.0205202076365 -1198.0205202078268 -1198.0205202074264 -1198.0205202082152 -1198.0205202074405 -1198.0205202074274 -1198.0205202082755 -1198.020520207594 -1198.020520208514 -1198.0205202076563 -1198.0205202074967 -1198.020520207583 -1198.0205202074596 -1198.0205202074872 -1198.0205202078773 -1198.020520208233 -1198.0205202074333 -1198.0205202081038 -1198.0205202075779 1.0 1.0 1.0 1.0 1.0 1.0 1.0 1.0 1.0 1.0 1.0 1.0 1.0 1.0 1.0 1.0 1.0 1.0 1.0 1.0 6.0 6.0 6.0 7.0 6.0 7.0 7.0 5.0 6.0 6.0 6.0 6.0 6.0 7.0 7.0 5.0 6.0 7.0 6.0 6.0
34 -1231.9654823580822 -1231.9654823582568 -1231.9654823581757 -1231.96548235819 -1231.9654823595658 -1231.9654823583014 -1231.965482358439 -1231.9654823583132 -1231.9654823581068 -1231.9654823583219 -1231.9654823580995 -1231.9654823580995 -1231.9654823584533 -1231.9654823581454 -1231.9654823583726 -1231.9654823582216 -1231.9654823584592 -1231.9654823581507 -1231.965482359192 -1231.9654823592682 1.0 1.0 1.0 1.0 1.0 1.0 1.0 1.0 1.0 1.0 1.0 1.0 1.0 1.0 1.0 1.0 1.0 1.0 1.0 1.0 6.0 6.0 6.0 6.0 6.0 6.0 6.0 6.0 7.0 6.0 6.0 6.0 6.0 6.0 7.0 6.0 6.0 6.0 6.0 6.0
28 -1204.2488689063127 -1204.2488689027039 -1204.2488689029403 -1204.2488689086867 -1204.2488689025665 -1204.248868904897 -1204.248868903268 -1204.2488689039844 -1204.2488689027725 -1204.2488689033357 -1204.2488689047302 -1204.2488689029478 -1204.248868908453 -1204.248868908315 -1204.2488689027882 -1204.2488689065171 -1204.2488689029724 -1204.2488689026902 -1204.2488689072875 -1204.2488689091783 1.0 1.0 1.0 1.0 1.0 1.0 1.0 1.0 1.0 1.0 1.0 1.0 1.0 1.0 1.0 1.0 1.0 1.0 1.0 1.0 9.0 9.0 9.0 7.0 8.0 8.0 8.0 9.0 9.0 9.0 8.0 9.0 7.0 8.0 8.0 8.0 9.0 9.0 8.0 7.0
2 -1235.3086041015647 -1235.308604101096 -1235.3086040997096 -1235.3086040998749 -1235.3086041001209 -1235.3086040995172 -1235.3086041006663 -1235.308604100135 -1235.308604099956 -1235.3086041004854 -1235.3086040995738 -1235.3086040996964 -1235.3086040995395 -1235.3086041014674 -1235.308604099529 -1235.3086040995204 -1235.3086040995422 -1235.3086040996056 -1235.3086040996257 -1235.3086041003712 1.0 1.0 1.0 1.0 1.0 1.0 1.0 1.0 1.0 1.0 1.0 1.0 1.0 1.0 1.0 1.0 1.0 1.0 1.0 1.0 6.0 7.0 8.0 7.0 6.0 7.0 6.0 7.0 7.0 6.0 7.0 6.0 7.0 7.0 7.0 7.0 7.0 8.0 7.0 6.0
9 -1222.351176124469 -1222.3511761226057 -1222.3511761231882 -1222.351176123813 -1222.3511761233449 -1222.3511761226007 -1222.3511761229074 -1222.3511761236525 -1222.3511761241116 -1222.351176122998 -1222.3511761226227 -1222.3511761233683 -1222.3511761233435 -1222.3511761227326 -1222.3511761226991 -1222.3511761226919 -1222.3511761228106 -1222.3511761249442 -1222.3511761226107 -1222.3511761228942 1.0 1.0 1.0 1.0 1.0 1.0 1.0 1.0 1.0 1.0 1.0 1.0 1.0 1.0 1.0 1.0 1.0 1.0 1.0 1.0 7.0 8.0 7.0 7.0 7.0 8.0 7.0 6.0 6.0 7.0 7.0 7.0 7.0 7.0 7.0 8.0 8.0 6.0 7.0 7.0
46 -1244.6475099741322 -1244.6475099743088 -1244.647509975322 -1244.6475099746249 -1244.6475099753382 -1244.6475099745644 -1244.6475099743157 -1244.6475099747258 -1244.6475099741185 -1244.6475099746804 -1244.647509974434 -1244.6475099746667 -1244.6475099744289 -1244.6475099741788 -1244.6475099741388 -1244.647509974123 -1244.647509975603 -1244.647509974141 -1244.6475099753893 -1244.6475099741515 1.0 1.0 1.0 1.0 1.0 1.0 1.0 1.0 1.0 1.0 1.0 1.0 1.0 1.0 1.0 1.0 1.0 1.0 1.0 1.0 8.0 7.0 7.0 6.0 7.0 7.0 6.0 7.0 7.0 7.0 7.0 7.0 7.0 7.0 8.0 7.0 6.0 8.0 6.0 8.0
16 -1182.0101914658812 -1182.0101914666516 -1182.0101914691975 -1182.0101914651311 -1182.0101914709735 -1182.0101914647216 -1182.0101914708605 -1182.0101914649986 -1182.0101914668453 -1182.0101914675865 -1182.0101914647298 -1182.0101914645215 -1182.010191464275 -1182.0101914664701 -1182.0101914676395 -1182.0101914657755 -1182.0101914694515 -1182.010191465537 -1182.010191465481 -1182.0101914700126 1.0 1.0 1.0 1.0 1.0 1.0 1.0 1.0 1.0 1.0 1.0 1.0 1.0 1.0 1.0 1.0 1.0 1.0 1.0 1.0 9.0 9.0 9.0 9.0 9.0 9.0 9.0 10.0 9.0 8.0 9.0 9.0 9.0 10.0 9.0 9.0 8.0 8.0 9.0 9.0
23 -1182.652849780496 -1182.6528497812171 -1182.652849780939 -1182.652849780495 -1182.6528497810311 -1182.6528497805423 -1182.652849780944 -1182.6528497810123 -1182.6528497806582 -1182.6528497812951 -1182.6528497806498 -1182.6528497804973 -1182.6528497806753 -1182.6528497806805 -1182.652849780976 -1182.6528497805077 -1182.6528497805193 -1182.6528497805227 -1182.652849780619 -1182.6528497808663 1.0 1.0 1.0 1.0 1.0 1.0 1.0 1.0 1.0 1.0 1.0 1.0 1.0 1.0 1.0 1.0 1.0 1.0 1.0 1.0 6.0 8.0 6.0 6.0 6.0 6.0 6.0 6.0 6.0 7.0 6.0 7.0 6.0 6.0 6.0 7.0 6.0 6.0 6.0 6.0
41 -1210.3089808087395 -1210.3089808086463 -1210.3089808091825 -1210.308980809425 -1210.308980808631 -1210.3089808100065 -1210.3089808086413 -1210.3089808087911 -1210.3089808087889 -1210.3089808086524 -1210.3089808087343 -1210.308980808637 -1210.3089808087798 -1210.3089808089287 -1210.3089808086715 -1210.3089808089526 -1210.3089808094135 -1210.3089808086595 -1210.3089808097443 -1210.3089808087102 1.0 1.0 1.0 1.0 1.0 1.0 1.0 1.0 1.0 1.0 1.0 1.0 1.0 1.0 1.0 1.0 1.0 1.0 1.0 1.0 7.0 6.0 6.0 6.0 7.0 6.0 7.0 6.0 6.0 7.0 6.0 6.0 6.0 6.0 7.0 6.0 6.0 7.0 5.0 6.0
35 -1179.1701331235292 -1179.1701331231372 -1179.170133123229 -1179.1701331232337 -1179.1701331229774 -1179.1701331229892 -1179.170133123066 -1179.1701331230142 -1179.1701331230051 -1179.170133123589 -1179.1701331232657 -1179.1701331233226 -1179.170133123654 -1179.1701331229965 -1179.1701331232214 -1179.1701331241811 -1179.1701331229717 -1179.1701331239958 -1179.1701331230545 -1179.1701331238569 1.0 1.0 1.0 1.0 1.0 1.0 1.0 1.0 1.0 1.0 1.0 1.0 1.0 1.0 1.0 1.0 1.0 1.0 1.0 1.0 6.0 6.0 6.0 6.0 7.0 7.0 6.0 7.0 7.0 6.0 7.0 6.0 6.0 7.0 7.0 6.0 7.0 6.0 7.0 6.0
3 -1189.0961450611962 -1189.0961450610337 -1189.0961450611414 -1189.0961450610262 -1189.096145061028 -1189.096145061045 -1189.096145061032 -1189.096145061067 -1189.0961450610282 -1189.0961450610273 -1189.0961450610296 -1189.0961450610296 -1189.0961450610375 -1189.0961450610341 -1189.0961450610835 -1189.0961450610262 -1189.0961450610787 -1189.096145061027 -1189.0961450610264 -1189.0961450610273 1.0 1.0 1.0 1.0 1.0 1.0 1.0 1.0 1.0 1.0 1.0 1.0 1.0 1.0 1.0 1.0 1.0 1.0 1.0 1.0 5.0 6.0 5.0 6.0 6.0 6.0 6.0 6.0 6.0 6.0 6.0 6.0 6.0 6.0 5.0 6.0 6.0 6.0 6.0 6.0
29 -1210.3202954760995 -1210.3202954765852 -1210.3202954786786 -1210.3202954760177 -1210.3202954756534 -1210.3202954756753 -1210.320295475833 -1210.3202954756784 -1210.320295475732 -1210.3202954774886 -1210.3202954765152 -1210.3202954757041 -1210.3202954764365 -1210.3202954755695 -1210.3202954773344 -1210.3202954755773 -1210.3202954763512 -1210.3202954769026 -1210.3202954758476 -1210.3202954756252 1.0 1.0 1.0 1.0 1.0 1.0 1.0 1.0 1.0 1.0 1.0 1.0 1.0 1.0 1.0 1.0 1.0 1.0 1.0 1.0 6.0 7.0 7.0 8.0 8.0 8.0 8.0 7.0 7.0 6.0 7.0 8.0 7.0 8.0 7.0 7.0 8.0 7.0 7.0 7.0
10 -1202.1853802913088 -1202.1853802914663 -1202.1853802913263 -1202.1853802929172 -1202.1853802920548 -1202.185380291524 -1202.1853802918367 -1202.1853802928813 -1202.1853802915305 -1202.185380291445 -1202.1853802923897 -1202.1853802915862 -1202.1853802930636 -1202.1853802917822 -1202.1853802919695 -1202.1853802913647 -1202.1853802916623 -1202.1853802912976 -1202.1853802917358 -1202.185380291317 1.0 1.0 1.0 1.0 1.0 1.0 1.0 1.0 1.0 1.0 1.0 1.0 1.0 1.0 1.0 1.0 1.0 1.0 1.0 1.0 7.0 7.0 7.0 7.0 7.0 7.0 7.0 7.0 7.0 7.0 6.0 7.0 7.0 7.0 7.0 8.0 7.0 7.0 7.0 8.0
47 -1206.3227903466302 -1206.3227903466952 -1206.3227903465972 -1206.322790347115 -1206.3227903472039 -1206.3227903467368 -1206.3227903470138 -1206.3227903467841 -1206.322790346946 -1206.3227903472416 -1206.3227903465931 -1206.3227903472093 -1206.322790346757 -1206.3227903466416 -1206.322790346583 -1206.3227903472268 -1206.3227903470315 -1206.3227903468655 -1206.3227903466377 -1206.322790346587 1.0 1.0 1.0 1.0 1.0 1.0 1.0 1.0 1.0 1.0 1.0 1.0 1.0 1.0 1.0 1.0 1.0 1.0 1.0 1.0 7.0 7.0 7.0 6.0 6.0 7.0 6.0 7.0 7.0 6.0 7.0 6.0 7.0 7.0 7.0 7.0 7.0 6.0 7.0 7.0
42 -1187.1098758617495 -1187.1098758620833 -1187.1098758615667 -1187.1098758621279 -1187.1098758614787 -1187.1098758618268 -1187.1098758615553 -1187.109875861541 -1187.1098758627204 -1187.109875861452 -1187.1098758616909 -1187.10987586167 -1187.1098758615362 -1187.1098758614578 -1187.1098758615462 -1187.1098758615408 -1187.109875861498 -1187.1098758616304 -1187.1098758630426 -1187.1098758614758 1.0 1.0 1.0 1.0 1.0 1.0 1.0 1.0 1.0 1.0 1.0 1.0 1.0 1.0 1.0 1.0 1.0 1.0 1.0 1.0 6.0 6.0 7.0 6.0 7.0 6.0 7.0 6.0 6.0 7.0 7.0 7.0 7.0 7.0 7.0 7.0 7.0 6.0 6.0 7.0
24 -1214.3827967801105 -1214.3827967815978 -1214.3827967801408 -1214.3827967801526 -1214.3827967800953 -1214.382796780145 -1214.3827967801403 -1214.3827967803277 -1214.3827967801562 -1214.3827967813186 -1214.3827967801074 -1214.3827967805132 -1214.382796781635 -1214.3827967808197 -1214.3827967805573 -1214.3827967802922 -1214.3827967801055 -1214.3827967803318 -1214.3827967820826 -1214.3827967803097 1.0 1.0 1.0 1.0 1.0 1.0 1.0 1.0 1.0 1.0 1.0 1.0 1.0 1.0 1.0 1.0 1.0 1.0 1.0 1.0 8.0 7.0 7.0 7.0 7.0 7.0 8.0 7.0 8.0 7.0 7.0 8.0 6.0 7.0 6.0 7.0 7.0 7.0 7.0 8.0
4 -1223.7076424567258 -1223.707642456683 -1223.7076424566967 -1223.707642456732 -1223.7076424566744 -1223.7076424567333 -1223.7076424568295 -1223.7076424569648 -1223.7076424566962 -1223.7076424567763 -1223.7076424567483 -1223.7076424566937 -1223.7076424566708 -1223.7076424566776 -1223.7076424571396 -1223.7076424567722 -1223.7076424567877 -1223.707642457026 -1223.707642457277 -1223.7076424566867 1.0 1.0 1.0 1.0 1.0 1.0 1.0 1.0 1.0 1.0 1.0 1.0 1.0 1.0 1.0 1.0 1.0 1.0 1.0 1.0 6.0 6.0 6.0 6.0 7.0 6.0 6.0 5.0 6.0 5.0 6.0 6.0 6.0 6.0 6.0 6.0 6.0 5.0 6.0 6.0
36 -1228.5892456440251 -1228.589245644108 -1228.589245644528 -1228.5892456444233 -1228.5892456439865 -1228.589245644305 -1228.589245646286 -1228.589245644963 -1228.5892456461775 -1228.5892456438653 -1228.5892456438382 -1228.589245643982 -1228.5892456439647 -1228.5892456463919 -1228.5892456440963 -1228.5892456438403 -1228.5892456447148 -1228.5892456442655 -1228.5892456438323 -1228.5892456439292 1.0 1.0 1.0 1.0 1.0 1.0 1.0 1.0 1.0 1.0 1.0 1.0 1.0 1.0 1.0 1.0 1.0 1.0 1.0 1.0 8.0 8.0 7.0 7.0 7.0 8.0 7.0 9.0 7.0 8.0 7.0 7.0 8.0 8.0 6.0 8.0 7.0 7.0 8.0 7.0
30 -1190.863518660678 -1190.8635186604708 -1190.8635186605827 -1190.8635186605716 -1190.8635186609213 -1190.8635186606016 -1190.863518660563 -1190.863518660675 -1190.863518660829 -1190.8635186606748 -1190.8635186612466 -1190.8635186606368 -1190.8635186613399 -1190.8635186605281 -1190.863518660893 -1190.8635186605065 -1190.8635186626493 -1190.8635186604217 -1190.8635186604117 -1190.8635186609451 1.0 1.0 1.0 1.0 1.0 1.0 1.0 1.0 1.0 1.0 1.0 1.0 1.0 1.0 1.0 1.0 1.0 1.0 1.0 1.0 6.0 7.0 7.0 7.0 7.0 8.0 8.0 7.0 7.0 7.0 7.0 7.0 7.0 7.0 7.0 8.0 7.0 8.0 8.0 7.0
11 -1220.482491989269 -1220.4824919894554 -1220.4824919892646 -1220.482491989269 -1220.4824919894415 -1220.4824919892724 -1220.4824919892835 -1220.4824919897114 -1220.482491989278 -1220.482491989393 -1220.482491989273 -1220.4824919892972 -1220.482491989279 -1220.4824919892635 -1220.4824919892828 -1220.4824919893235 -1220.4824919895675 -1220.4824919893042 -1220.4824919895036 -1220.482491989317 1.0 1.0 1.0 1.0 1.0 1.0 1.0 1.0 1.0 1.0 1.0 1.0 1.0 1.0 1.0 1.0 1.0 1.0 1.0 1.0 6.0 5.0 7.0 6.0 6.0 6.0 6.0 5.0 6.0 6.0 6.0 6.0 6.0 6.0 6.0 6.0 5.0 6.0 6.0 6.0
48 -1215.540500233094 -1215.54050023247 -1215.5405002324885 -1215.540500232546 -1215.5405002324346 -1215.5405002324721 -1215.5405002324449 -1215.5405002325151 -1215.5405002324544 -1215.5405002327814 -1215.5405002324349 -1215.5405002325529 -1215.5405002324446 -1215.540500232908 -1215.5405002324528 -1215.5405002329692 -1215.540500232457 -1215.5405002324435 -1215.5405002325326 -1215.540500232478 1.0 1.0 1.0 1.0 1.0 1.0 1.0 1.0 1.0 1.0 1.0 1.0 1.0 1.0 1.0 1.0 1.0 1.0 1.0 1.0 6.0 6.0 6.0 6.0 7.0 7.0 7.0 6.0 6.0 6.0 7.0 7.0 7.0 6.0 7.0 6.0 7.0 7.0 6.0 6.0
17 -1217.6567294997794 -1217.6567295172708 -1217.6567295239063 -1217.6567295158593 -1217.65672950094 -1217.6567294954475 -1217.6567294994675 -1217.6567295178215 -1217.6567294933673 -1217.6567295217515 -1217.6567295224895 -1217.6567295226118 -1217.6567294948516 -1217.6567294935303 -1217.6567295047269 -1217.6567294942952 -1217.6567294997635 -1217.6567295244936 -1217.65672949201 -1217.6567294938127 1.0 1.0 1.0 1.0 1.0 1.0 1.0 1.0 1.0 1.0 1.0 1.0 1.0 1.0 1.0 1.0 1.0 1.0 1.0 1.0 16.0 16.0 16.0 14.0 16.0 13.0 16.0 13.0 16.0 14.0 14.0 14.0 12.0 12.0 15.0 15.0 12.0 13.0 14.0 14.0
43 -1192.1411721657362 -1192.141172166474 -1192.1411721665672 -1192.1411721660818 -1192.141172165834 -1192.141172166188 -1192.1411721657594 -1192.141172165728 -1192.141172165749 -1192.1411721658235 -1192.1411721658096 -1192.1411721657723 -1192.1411721657419 -1192.1411721657669 -1192.1411721660252 -1192.1411721659229 -1192.141172165831 -1192.1411721657284 -1192.1411721660743 -1192.1411721657348 1.0 1.0 1.0 1.0 1.0 1.0 1.0 1.0 1.0 1.0 1.0 1.0 1.0 1.0 1.0 1.0 1.0 1.0 1.0 1.0 7.0 6.0 6.0 6.0 6.0 6.0 7.0 7.0 7.0 7.0 6.0 6.0 6.0 7.0 6.0 6.0 7.0 7.0 6.0 7.0
25 -1197.971784530513 -1197.971784533224 -1197.9717845309997 -1197.9717845302587 -1197.9717845311043 -1197.9717845330306 -1197.9717845307869 -1197.9717845303117 -1197.9717845308783 -1197.9717845316509 -1197.9717845324726 -1197.9717845327561 -1197.9717845301827 -1197.9717845312066 -1197.9717845304108 -1197.9717845301839 -1197.971784530147 -1197.9717845303844 -1197.9717845304394 -1197.9717845302744 1.0 1.0 1.0 1.0 1.0 1.0 1.0 1.0 1.0 1.0 1.0 1.0 1.0 1.0 1.0 1.0 1.0 1.0 1.0 1.0 7.0 7.0 7.0 8.0 7.0 6.0 7.0 8.0 8.0 7.0 7.0 7.0 8.0 7.0 8.0 8.0 8.0 8.0 8.0 8.0
5 -1191.4843312322205 -1191.4843312322218 -1191.484331232201 -1191.484331232269 -1191.4843312326514 -1191.4843312322519 -1191.484331233041 -1191.484331232473 -1191.484331232206 -1191.4843312322078 -1191.4843312334328 -1191.484331232211 -1191.4843312328674 -1191.484331232268 -1191.4843312322046 -1191.4843312322541 -1191.4843312326632 -1191.4843312322625 -1191.484331232267 -1191.484331232582 1.0 1.0 1.0 1.0 1.0 1.0 1.0 1.0 1.0 1.0 1.0 1.0 1.0 1.0 1.0 1.0 1.0 1.0 1.0 1.0 7.0 8.0 7.0 7.0 6.0 6.0 6.0 6.0 7.0 7.0 6.0 8.0 6.0 7.0 7.0 6.0 6.0 7.0 6.0 6.0
37 -1222.2075014841134 -1222.2075014833413 -1222.2075014825916 -1222.2075014826107 -1222.2075014826087 -1222.2075014826123 -1222.2075014826376 -1222.207501483854 -1222.2075014832972 -1222.2075014838147 -1222.2075014825837 -1222.2075014838974 -1222.2075014826382 -1222.2075014832938 -1222.207501482624 -1222.2075014826646 -1222.207501482663 -1222.2075014833063 -1222.2075014825768 -1222.2075014825928 1.0 1.0 1.0 1.0 1.0 1.0 1.0 1.0 1.0 1.0 1.0 1.0 1.0 1.0 1.0 1.0 1.0 1.0 1.0 1.0 6.0 6.0 7.0 7.0 7.0 7.0 6.0 7.0 6.0 7.0 7.0 7.0 7.0 7.0 7.0 6.0 7.0 6.0 7.0 7.0
49 -1209.6472719362578 -1209.6472719361923 -1209.6472719363003 -1209.6472719362919 -1209.647271936187 -1209.6472719361882 -1209.6472719362446 -1209.6472719361961 -1209.6472719365279 -1209.6472719363912 -1209.647271936215 -1209.6472719362196 -1209.6472719361932 -1209.6472719363037 -1209.647271936199 -1209.6472719364706 -1209.6472719361918 -1209.6472719365158 -1209.6472719361805 -1209.647271936294 1.0 1.0 1.0 1.0 1.0 1.0 1.0 1.0 1.0 1.0 1.0 1.0 1.0 1.0 1.0 1.0 1.0 1.0 1.0 1.0 6.0 6.0 6.0 6.0 6.0 6.0 6.0 6.0 6.0 5.0 6.0 6.0 6.0 6.0 7.0 6.0 6.0 6.0 6.0 6.0
31 -1236.6993195815476 -1236.699319584515 -1236.699319580121 -1236.6993195799175 -1236.6993195799523 -1236.6993195789726 -1236.6993195890516 -1236.6993195851942 -1236.6993195798918 -1236.6993195830682 -1236.6993195800508 -1236.6993195842042 -1236.6993195884527 -1236.6993195881232 -1236.6993195793625 -1236.6993195813805 -1236.6993195812554 -1236.6993195792832 -1236.6993195825712 -1236.699319582328 1.0 1.0 1.0 1.0 1.0 1.0 1.0 1.0 1.0 1.0 1.0 1.0 1.0 1.0 1.0 1.0 1.0 1.0 1.0 1.0 9.0 8.0 10.0 9.0 9.0 10.0 8.0 11.0 9.0 9.0 9.0 8.0 9.0 9.0 16.0 8.0 9.0 9.0 9.0 9.0
12 -1190.1152844157853 -1190.1152844149567 -1190.1152844149606 -1190.115284415228 -1190.1152844158205 -1190.1152844158062 -1190.1152844171972 -1190.1152844154738 -1190.1152844149328 -1190.1152844159346 -1190.1152844166727 -1190.1152844152298 -1190.1152844164972 -1190.115284415811 -1190.1152844150358 -1190.115284415021 -1190.115284415107 -1190.1152844149615 -1190.115284417434 -1190.1152844149092 1.0 1.0 1.0 1.0 1.0 1.0 1.0 1.0 1.0 1.0 1.0 1.0 1.0 1.0 1.0 1.0 1.0 1.0 1.0 1.0 8.0 10.0 9.0 8.0 8.0 7.0 8.0 8.0 9.0 8.0 7.0 8.0 9.0 7.0 9.0 9.0 9.0 9.0 7.0 8.0
18 -1170.9811339387488 -1170.9811339358164 -1170.9811339367593 -1170.9811339368673 -1170.9811339379262 -1170.9811339357732 -1170.9811339357311 -1170.9811339358491 -1170.9811339360322 -1170.9811339357032 -1170.9811339393505 -1170.9811339361754 -1170.9811339358441 -1170.9811339363544 -1170.9811339359194 -1170.9811339357723 -1170.981133935882 -1170.9811339383914 -1170.981133937009 -1170.9811339376147 1.0 1.0 1.0 1.0 1.0 1.0 1.0 1.0 1.0 1.0 1.0 1.0 1.0 1.0 1.0 1.0 1.0 1.0 1.0 1.0 7.0 8.0 7.0 7.0 7.0 8.0 8.0 8.0 8.0 8.0 7.0 7.0 8.0 8.0 8.0 8.0 8.0 8.0 6.0 7.0
44 -1203.0774175834597 -1203.0774175838574 -1203.0774175831325 -1203.0774175831425 -1203.0774175845777 -1203.0774175831168 -1203.0774175835113 -1203.0774175835982 -1203.0774175831903 -1203.0774175832476 -1203.07741758352 -1203.0774175834001 -1203.0774175838171 -1203.077417584725 -1203.0774175838512 -1203.0774175831455 -1203.0774175840902 -1203.0774175844651 -1203.0774175831161 -1203.0774175839142 1.0 1.0 1.0 1.0 1.0 1.0 1.0 1.0 1.0 1.0 1.0 1.0 1.0 1.0 1.0 1.0 1.0 1.0 1.0 1.0 7.0 7.0 7.0 7.0 7.0 7.0 7.0 6.0 8.0 7.0 7.0 6.0 7.0 7.0 6.0 7.0 7.0 7.0 7.0 7.0
26 -1244.9037828826797 -1244.9037828823969 -1244.9037828825435 -1244.903782882489 -1244.9037828826704 -1244.9037828823996 -1244.9037828828314 -1244.9037828824025 -1244.9037828826663 -1244.9037828824469 -1244.9037828824084 -1244.9037828825112 -1244.9037828824041 -1244.9037828825162 -1244.9037828832948 -1244.9037828831717 -1244.9037828824726 -1244.903782882466 -1244.9037828824034 -1244.9037828840153 1.0 1.0 1.0 1.0 1.0 1.0 1.0 1.0 1.0 1.0 1.0 1.0 1.0 1.0 1.0 1.0 1.0 1.0 1.0 1.0 6.0 7.0 7.0 7.0 7.0 6.0 7.0 7.0 7.0 7.0 7.0 7.0 7.0 6.0 7.0 7.0 7.0 7.0 7.0 6.0
6 -1214.1387479569505 -1214.1387479563482 -1214.1387479578034 -1214.1387479563625 -1214.1387479564519 -1214.1387479565733 -1214.1387479562632 -1214.1387479567607 -1214.1387479583068 -1214.1387479562873 -1214.1387479582133 -1214.138747957218 -1214.1387479589705 -1214.1387479563812 -1214.138747957999 -1214.1387479564996 -1214.1387479592618 -1214.1387479563073 -1214.1387479578057 -1214.138747957807 1.0 1.0 1.0 1.0 1.0 1.0 1.0 1.0 1.0 1.0 1.0 1.0 1.0 1.0 1.0 1.0 1.0 1.0 1.0 1.0 8.0 7.0 7.0 8.0 8.0 7.0 8.0 7.0 7.0 8.0 6.0 7.0 7.0 8.0 7.0 7.0 7.0 8.0 7.0 7.0
38 -1234.4002844791273 -1234.4002844794911 -1234.4002844791175 -1234.4002844791037 -1234.4002844791096 -1234.4002844808003 -1234.4002844793122 -1234.4002844799375 -1234.4002844790791 -1234.4002844791048 -1234.4002844793206 -1234.4002844791416 -1234.40028447944 -1234.4002844791462 -1234.4002844791391 -1234.40028447984 -1234.4002844812128 -1234.400284479294 -1234.400284479731 -1234.400284479453 1.0 1.0 1.0 1.0 1.0 1.0 1.0 1.0 1.0 1.0 1.0 1.0 1.0 1.0 1.0 1.0 1.0 1.0 1.0 1.0 7.0 7.0 6.0 7.0 8.0 7.0 7.0 7.0 8.0 7.0 7.0 7.0 7.0 8.0 7.0 7.0 7.0 7.0 7.0 7.0
13 -1171.7597112117521 -1171.7597112123601 -1171.7597112123442 -1171.7597112124877 -1171.7597112127416 -1171.7597112125623 -1171.7597112122792 -1171.7597112117453 -1171.7597112123397 -1171.7597112120447 -1171.7597112118397 -1171.7597112124822 -1171.759711211836 -1171.7597112117587 -1171.7597112124213 -1171.7597112117428 -1171.7597112117514 -1171.7597112119142 -1171.759711211948 -1171.7597112124224 1.0 1.0 1.0 1.0 1.0 1.0 1.0 1.0 1.0 1.0 1.0 1.0 1.0 1.0 1.0 1.0 1.0 1.0 1.0 1.0 6.0 6.0 6.0 6.0 6.0 6.0 7.0 6.0 6.0 6.0 6.0 6.0 6.0 6.0 5.0 6.0 6.0 6.0 6.0 6.0
50 -1216.7711119016674 -1216.7711119006335 -1216.7711119006651 -1216.7711119011437 -1216.7711119011929 -1216.7711119004389 -1216.771111900447 -1216.771111902957 -1216.7711119008427 -1216.771111900865 -1216.7711119012374 -1216.7711119020591 -1216.7711119006333 -1216.7711119003764 -1216.771111901594 -1216.771111900312 -1216.7711119004623 -1216.771111900428 -1216.7711119004057 -1216.7711119007906 1.0 1.0 1.0 1.0 1.0 1.0 1.0 1.0 1.0 1.0 1.0 1.0 1.0 1.0 1.0 1.0 1.0 1.0 1.0 1.0 7.0 7.0 7.0 8.0 7.0 8.0 8.0 8.0 7.0 7.0 7.0 7.0 8.0 9.0 7.0 8.0 8.0 9.0 8.0 7.0
32 -1276.3758378174707 -1276.3758378161242 -1276.3758378169125 -1276.3758378229638 -1276.3758378191824 -1276.3758378172683 -1276.3758378163957 -1276.3758378174039 -1276.3758378163127 -1276.3758378197995 -1276.375837822823 -1276.3758378156635 -1276.3758378157802 -1276.375837816021 -1276.3758378213806 -1276.3758378211178 -1276.3758378232003 -1276.3758378190053 -1276.3758378249008 -1276.375837815653 1.0 1.0 1.0 1.0 1.0 1.0 1.0 1.0 1.0 1.0 1.0 1.0 1.0 1.0 1.0 1.0 1.0 1.0 1.0 1.0 8.0 9.0 10.0 8.0 8.0 9.0 9.0 9.0 9.0 8.0 8.0 9.0 8.0 9.0 8.0 9.0 8.0 10.0 8.0 8.0
19 -1202.014732669198 -1202.0147326694268 -1202.0147326692165 -1202.0147326692243 -1202.0147326692909 -1202.014732669217 -1202.0147326697115 -1202.0147326693582 -1202.0147326692086 -1202.0147326693761 -1202.0147326692245 -1202.0147326695073 -1202.0147326692008 -1202.0147326694391 -1202.0147326699891 -1202.014732669201 -1202.014732669245 -1202.0147326694141 -1202.0147326692163 -1202.0147326692124 1.0 1.0 1.0 1.0 1.0 1.0 1.0 1.0 1.0 1.0 1.0 1.0 1.0 1.0 1.0 1.0 1.0 1.0 1.0 1.0 7.0 6.0 7.0 6.0 7.0 8.0 7.0 6.0 7.0 6.0 7.0 6.0 7.0 6.0 6.0 8.0 7.0 6.0 7.0 7.0
7 -1233.7000945167806 -1233.7000945167572 -1233.7000945167783 -1233.700094517571 -1233.7000945167886 -1233.7000945170012 -1233.7000945169311 -1233.700094516913 -1233.7000945167633 -1233.7000945167388 -1233.7000945167397 -1233.700094516822 -1233.7000945167872 -1233.7000945170794 -1233.7000945185691 -1233.7000945168331 -1233.7000945170557 -1233.7000945167815 -1233.7000945169325 -1233.7000945167765 1.0 1.0 1.0 1.0 1.0 1.0 1.0 1.0 1.0 1.0 1.0 1.0 1.0 1.0 1.0 1.0 1.0 1.0 1.0 1.0 7.0 6.0 7.0 6.0 7.0 7.0 6.0 7.0 7.0 7.0 7.0 6.0 6.0 6.0 6.0 6.0 6.0 7.0 7.0 7.0
14 -1205.3836188495068 -1205.3836188502942 -1205.3836188495166 -1205.3836188506034 -1205.3836188515734 -1205.3836188524026 -1205.3836188496239 -1205.3836188498399 -1205.3836188499579 -1205.3836188497369 -1205.383618849501 -1205.3836188503474 -1205.3836188507905 -1205.383618850587 -1205.3836188498867 -1205.383618849873 -1205.3836188495857 -1205.3836188506293 -1205.3836188500347 -1205.3836188524015 1.0 1.0 1.0 1.0 1.0 1.0 1.0 1.0 1.0 1.0 1.0 1.0 1.0 1.0 1.0 1.0 1.0 1.0 1.0 1.0 7.0 7.0 7.0 8.0 7.0 7.0 7.0 7.0 6.0 7.0 8.0 7.0 6.0 7.0 7.0 8.0 8.0 7.0 8.0 6.0
20 -1157.4704149183917 -1157.4704149182026 -1157.4704149182032 -1157.470414918235 -1157.4704149196568 -1157.4704149184597 -1157.4704149186077 -1157.47041491893 -1157.4704149188367 -1157.4704149187683 -1157.47041491858 -1157.4704149185627 -1157.4704149196511 -1157.4704149182162 -1157.4704149182285 -1157.4704149191043 -1157.4704149185989 -1157.4704149181725 -1157.4704149191634 -1157.470414918168 1.0 1.0 1.0 1.0 1.0 1.0 1.0 1.0 1.0 1.0 1.0 1.0 1.0 1.0 1.0 1.0 1.0 1.0 1.0 1.0 8.0 8.0 8.0 7.0 7.0 8.0 7.0 7.0 7.0 9.0 7.0 8.0 7.0 8.0 8.0 7.0 9.0 6.0 8.0 7.0
