751 5.942921156840384 1.0032437496160864 1.0057024287188765 1.0079121195755876
376 3.0199563548721926 0.9978487339009678 0.9964295770378477 0.9953468969354987
126 0.46898528591736977 1.0012583999129292 1.002034313448617 1.0025358209611361
626 6.707775441693229 0.9994381349594178 0.9981462751152952 0.9964714307125011
1 3.5112342512129544 0.9987024398451431 0.9968858233859027 0.9952179320355647
876 3.295852171606384 1.0034126423527259 1.007093258164875 1.0106222986006361
377 7.451915271249163 1.0066297119253902 1.012248804188491 1.0170462908586366
501 0.560553733506822 0.9979474176941097 0.9963477870894416 0.9948899462413658
251 14.531492373751462 0.9852843580815022 0.9730958565586312 0.9629208384839711
127 5.5114547619450605 1.0100150621551705 1.0185563358746619 1.0258005019148106
752 6.834853988606483 1.0078417153474766 1.0118215993926873 1.014094914589759
877 2.332072539784349 0.9952803910057446 0.9911954142347562 0.9877551435260193
502 3.3562348824216315 1.0011203945666267 1.0016129537631329 1.0017088103630656
2 8.029719834747084 1.011141315695784 1.020697871534823 1.02905083666691
252 5.611126768963004 1.0018592245423596 1.0035913704119064 1.0054368427108653
503 2.510967020623866 0.9983529965585413 0.9972494025233545 0.996424878109127
753 0.18568327752109326 1.000374834021912 1.000799448260644 1.0011717627773744
627 3.106261153758169 1.0040375634925873 1.0080190623218488 1.0110044741819377
128 1.7797046176783624 0.9984841882396137 0.9978008546598032 0.9974216051673455
754 5.74238122319548 1.0010176213523823 1.0023670709382233 1.0036573111171512
504 2.348814654378657 1.0023856819780663 1.0047321876184403 1.0068706883871632
878 1.9254473099499592 1.0033340403826145 1.00688326421621 1.0102733754646789
755 3.542713559252661 1.0022629821918756 1.0040008160678615 1.005429354015406
129 5.984488392214189 0.9939827633294858 0.9887982524025348 0.9843882900547283
3 1.0067256235615787 1.0004923250604958 1.0004743794859408 1.000413757431541
628 1.7946296955360594 1.0052476799628902 1.0085381326996319 1.0109608650196686
130 8.277533704400412 0.9963883836784552 0.9930014076351209 0.9899998619862937
879 0.12393494054231269 0.9998005129823664 0.9993690321721785 0.9988913672882938
378 5.800781426147296 0.9972392655232512 0.9970763530796419 0.9982299836356211
131 1.730972870178448 1.0019103233530073 1.0035317694628318 1.0047697543470886
505 5.252297241537235 1.0064215937298646 1.01131294829219 1.0157113074439492
756 3.381758096145859 1.0026578925318743 1.0054556872985605 1.0079625694880165
4 4.836418006070744 1.0012690594713234 1.0028681723289765 1.0045888589755967
629 1.0172377944782056 0.999823076402654 1.000166295612307 1.0005352030434576
379 1.0164162111268524 0.9962039245651724 0.9929189077168598 0.9901873670450377
253 0.41285470692855597 0.9996190780296168 0.9988309801078243 0.9979258027676191
757 1.9104019015558151 1.0011415169789863 1.0017964992521446 1.00215900979334
506 1.1451867452105944 1.000651450026123 1.000840256352528 1.0008921690455754
630 0.5825049675095215 1.0010234208470825 1.0017367748429817 1.0022526856238236
254 0.3252683679347683 0.9998891890438971 0.9998033738744428 0.9996955632985621
132 0.7376750978364726 0.9970999196837059 0.9947719371476021 0.992835298019818
631 1.2350126336368703 1.0005826823507726 1.0007263094295353 1.0006532934906989
880 4.406566757641485 1.0067771570272686 1.0132364727958965 1.0191957800146076
255 3.864916910388274 0.9998679705639216 1.0004012975545804 1.0010714320468608
380 1.1539744994388457 1.0066536542944111 1.0120595368856886 1.016620549765477
5 11.01909107249412 0.9956703086261021 0.992053395567583 0.9895531619137885
256 1.450377543873401 1.0001337484653328 1.000004842087689 0.9997704213181516
881 1.3228403334633185 0.9982655365512937 0.9964745438148693 0.994777296606597
507 3.1989283145721856 1.0001677674126948 1.0012532871455637 1.002744476642756
632 6.339059272035229 0.9986951679066783 0.9974393956871787 0.9960409704086434
758 4.715594650857383 0.9963087218299141 0.992406287781361 0.9892308610651692
381 1.6359773407712055 1.0016299487125813 1.0026484922073584 1.0034365382306987
633 1.570608027268463 0.9980541280345628 0.9964936479663513 0.9951077235457794
257 2.3112386526518094 0.9973489811843729 0.9945419065828051 0.9916748723855346
133 4.100458593926305 1.0095608775278158 1.018064254644374 1.025309762999195
6 2.474892014022771 1.0014280318062467 1.0035852755393482 1.0060863209397677
508 4.285227845204645 1.00453525013001 1.0080348358276605 1.0107775132407486
382 5.926881902754758 1.0005584130136282 1.001001207652212 1.001117495794552
759 0.7511479691165732 0.9981764107930537 0.9970044246354133 0.9962586075065203
7 3.6441246729482373 1.0010179262412051 1.0013631058239472 1.0013727042534937
882 2.666213122791305 1.0014118876853308 1.003455650156644 1.005632537828377
383 1.5691188369946758 0.9979522557016793 0.9961519904073655 0.9946929769415046
134 2.0845762745921093 0.9999798218635009 0.9996866686436672 0.9995201562072077
760 1.1628632417396148 0.9992924412789881 0.9993048196413443 0.9994898970236162
634 2.5933541379545204 0.9938399907816291 0.9886675981880377 0.9841579056545711
883 4.4367018696011655 1.005977177045196 1.0111482592671663 1.015565613246916
509 1.770796345328563 0.9995549585784939 0.9997210648708245 0.9997992662651827
384 5.962269880086751 0.9936279616327809 0.9887032080172063 0.9846312016541763
135 2.6275854110026557 1.0052505059419794 1.0078275757288913 1.0091083625602428
258 1.8421321296827955 0.9924867146315167 0.9858981368237806 0.9799333416317018
385 4.707231367394343 0.996867700535091 0.9944420368272486 0.9925019370262279
635 4.658260464626437 1.0082604934706634 1.015996526927037 1.023309314671131
510 1.9277673441720253 1.0030910875431427 1.0063174286962984 1.0092633721621849
8 0.21173017569890362 1.0034793197635012 1.0066999758172477 1.0095809695611164
884 15.415664063191798 1.0149885157685148 1.0270250217039893 1.0370436245740717
636 3.9531378445462906 0.9992142301058888 0.9980273645237941 0.9967341049916111
885 1.368989379654522 0.9998839666007449 1.0001315160742883 1.0004145222148808
386 3.4026963965607138 0.9971326399341957 0.9955085309072329 0.994660084045522
761 1.6784768652887578 1.0065594556265123 1.012394451828664 1.017390542517719
637 0.5842595374815573 1.0004918586218767 1.000492649779612 1.0002968940550374
9 8.325653521598724 1.0078909075203832 1.0135452177047746 1.017728163775
886 4.037406816689327 0.9979093393993221 0.9951729893284723 0.9922514360625821
762 5.4977981118299795 1.0023697495439756 1.0041174810651168 1.005280993258053
511 0.31770498572041106 0.9995942019391449 0.9988858847916504 0.9981903538596417
10 3.9359480605635326 0.9997219502321809 0.9989870988556588 0.9982413164924803
136 0.7290408866792859 1.000502993068463 1.0004331431792484 1.0003738153621513
638 3.797944915953849 1.0061516250019356 1.0112262539118375 1.0155335548142082
11 2.223310260766084 1.0038252854717267 1.0063946912164627 1.0083107021227136
259 2.4527880722762347 1.0074242415152694 1.0122171099234858 1.0157895555848269
887 0.41631129083179985 0.9998723328235147 0.999692624734952 0.9994213636496674
763 1.4548077421077323 0.9992096277221566 0.9980805843156177 0.9966893551131882
387 0.35802648889693955 1.0031105860718172 1.00521950301679 1.0068255309816287
512 2.4837660911871353 1.0012461383866846 1.0017918863151885 1.0021729129541275
137 3.8773669297133893 1.0019952124149132 1.0034722406954109 1.0048933513299512
260 10.181966044816363 1.0100617951652577 1.0182001654474853 1.0250196884794132
888 4.503238235558456 0.999899277564045 0.9993766970274753 0.9984675234304479
639 0.5380133161543199 1.004521865463763 1.008625938378605 1.0122975696380387
138 1.2170856001866923 0.9994218062616269 0.99930536802767 0.9994350867241558
12 14.314089316170794 0.9975093138397296 0.9924061672545391 0.9868951796292439
261 4.687049675849266 1.004694597457265 1.0083458074425553 1.0113866121368416
640 5.26090320876574 1.0023655259902242 1.0051785509632696 1.007818907617428
889 1.0627092986032949 0.9963425976988941 0.9939153518825233 0.9922775856549118
13 1.0434162687124626 0.997097454495051 0.9949132215931471 0.9931101708356777
139 1.5085973020304664 0.9980822952197317 0.9962066885313202 0.9944055228125483
388 1.436541442928501 1.0018137553404296 1.0039817771173989 1.00635117394483
764 1.4595231801122281 1.0015160787054862 1.00160467934523 1.0012914097122327
14 2.989284091818263 0.9998977473813153 0.9998661129502003 0.9999478907520676
513 2.6385653769066266 0.9976046600014832 0.9964948172780321 0.9961496056656484
389 8.94945915056087 0.9965140220489759 0.9931515046326658 0.9901910879735969
765 0.3476127547055512 1.0011925487209168 1.0020801465902935 1.0027934990111296
140 3.430958451695915 1.0086199409220542 1.0154287910698074 1.0211315821588705
390 4.6838506685890025 0.9993398028920052 0.9992137456125401 0.9993703586579505
514 4.974321529394729 1.0027248153337907 1.005145111282717 1.0072673505257896
15 1.6772377267243428 0.9961564197483694 0.9925304174697637 0.9892586631166875
641 4.690279146343528 0.9926076701326151 0.9872812187272717 0.9834832365780943
766 1.8885174636488955 0.9980995849128524 0.9965442805129182 0.995068381303212
262 1.6437981775870867 1.0002673190822873 1.0002344917629478 1.0003804138424863
642 2.319657767893659 1.001697894604506 1.0030037758681905 1.004156189353849
890 3.047895491390591 0.9914866046878882 0.9847589336722898 0.979400565838644
16 5.978841766829646 0.9995305006524188 0.9991744758948622 0.9987204815980755
391 3.515161903902481 1.0075765167493551 1.0143848811242029 1.0206385339635557
141 5.672959149287635 0.9988713059119809 0.9971963843837366 0.995125774991098
767 8.455546301744107 0.9987125772255592 0.9978896311055471 0.996929893097325
643 3.8477203579514025 0.9990377833093109 0.9980364748616062 0.997273424178973
17 2.200462917520781 1.003974085561337 1.007559842180969 1.010622061659091
891 2.3434935428595054 0.9986485708534101 0.9968655726368416 0.9950757843339552
142 1.7497586202352977 1.0039145116264532 1.007066857021134 1.0096312493755808
768 4.167983284436559 1.003324952439683 1.0052125722169032 1.0063993549818375
263 6.328324235419132 0.9879096066505192 0.9794897227456217 0.9730271457797299
644 4.451591807974182 0.9977711379113441 0.9963594757402717 0.995398937070861
392 1.1907039709349192 1.000207914087087 1.0005313623313017 1.0007606901063044
515 7.514205288765879 0.9917425378725809 0.9880691307569658 0.9859074266077158
264 1.3644976840805612 1.0014287737743446 1.0028810706484304 1.0041879015518247
645 2.16377352863492 0.9983635136067699 0.9974016168070229 0.9966893529459412
892 3.2732927316501446 1.0095170490910315 1.016719099722223 1.0225796740879571
143 9.873354491266582 0.9920668709601674 0.9841353945552976 0.9768903156964129
18 1.013455642214467 0.9959369658922594 0.9921342791885802 0.9888004801969332
265 0.20114924118206545 1.0000001525860491 1.0001791910359004 1.000451543658954
769 1.497887903060473 1.0006855885119565 1.0020935166106573 1.003560348217414
393 13.10412216966688 0.9986569850329448 0.999282405573732 1.000377508836296
19 5.126422300923878 0.9969529421825857 0.993337589597549 0.989639810784609
144 3.0525511429223116 0.9992829737783333 0.9991596323315135 0.9995720341943224
893 2.193869472910592 0.9965702541227577 0.9947174490764371 0.9933503854211607
266 2.7767143927922007 0.9935631545846926 0.9878475205265735 0.983018720871806
516 0.4276983832423866 1.0044293832810978 1.0076411688987337 1.0100770858043755
646 3.9797564110958774 1.0055097840224458 1.008559781201809 1.0104042976620295
770 1.4581157380816876 1.0084784361244359 1.014926787972998 1.0200220816733185
894 0.9752065320062684 0.9980519674152107 0.9961644887226552 0.9944341078465008
20 0.94278563633452 1.0002744390001475 1.0001014279396778 0.9995332569035772
394 1.2490994122690608 1.0017008070740296 1.0018475993578693 1.001489247550031
895 2.3537468732029083 0.9990509222403293 0.99827173148761 0.9977061927515067
145 2.4216029984745546 1.0057850024447719 1.0106677418369474 1.0144174109556536
771 1.8978203496408241 0.9993098197262678 0.997733439687886 0.995866382576174
517 1.1889690152274852 1.0003419854415097 1.0013022401167522 1.0024524509512873
896 3.4816947518156667 1.006611999281502 1.0111773489693943 1.0146426031384066
395 5.092970864296149 0.9924406655986365 0.9868733287136549 0.9824119578559637
267 2.215390409415704 0.9966237432665386 0.9945550585223116 0.9932694911184788
518 0.312931383623436 1.0002181143548958 1.0006231173865892 1.0010839193389836
21 6.312384266548179 1.0050688484803458 1.00886020105319 1.0119164383125812
647 1.8030453734354523 0.9985488937818633 0.9970347828995577 0.9958096157160895
146 1.1362387752469658 0.996979257437201 0.9947580561994869 0.9931131502696593
772 3.3890702120843343 0.9994194005202749 0.9998258051264793 1.0007371990061167
396 0.25264553893794073 0.9987404300260446 0.9976240334340292 0.9966270563921528
773 5.111753664981734 0.9994997187113579 0.9990190329133601 0.9982966606494914
897 10.040724199488977 0.9857668801457629 0.9743549678717944 0.9652294255301807
397 1.7055567368661286 0.9974325478919329 0.9954353001163472 0.993862347916519
648 3.917509927028732 0.9943649713614049 0.9888513894847379 0.9839191563556716
22 2.8995884375272 0.996376311141179 0.9932207200170069 0.9902856987380644
268 1.8135819283015735 1.0074197348555178 1.0137660930500936 1.0192808583856017
519 5.120498568498078 1.0045790527062473 1.009842366069497 1.0150768727356607
898 4.945697461087548 1.0019146619544541 1.0036324968446693 1.0052626879484596
147 3.168246708695733 1.0090927600878177 1.0164566019070682 1.022793201503435
398 0.6337417232825828 1.0005571848274692 1.001514375834262 1.0026117415778393
899 1.8302685671369545 1.0024611020320906 1.0044893387431961 1.0060241155145144
269 0.5315607828433713 0.9999882183087975 1.000126831352846 1.0002664273277129
520 2.8489602850986557 1.0025707513716413 1.004239016152265 1.005123824473386
774 4.609260484430706 0.9975202923403349 0.9976050453797165 0.9983731468398496
148 3.0982591393694747 1.000679900582482 1.0000370425951421 0.9988359940945659
775 1.0630628950093524 1.0011049944567585 1.0022186971113547 1.003322102712569
23 4.613520966409851 1.0058655735571727 1.0109573704338326 1.0150528903484226
270 0.5238648985050531 0.9996045867846409 0.9993281750565478 0.999037589017599
649 3.419622885327044 1.0010892887847263 1.0007402839544814 0.9995556514573468
900 5.3189109960385395 0.9968161975062063 0.9930068363317779 0.9894182017467559
399 0.8777337859555701 0.999275065406703 0.9990474393818991 0.9989051014168685
521 2.8402983040505205 0.9932079714195345 0.9873004866973676 0.982111957369664
650 0.5041169619380526 0.9989412957255203 0.9981880519101356 0.9975913297581724
776 3.065613801440122 1.0016517532741185 1.002866228247507 1.0036233073966683
651 5.981020900180738 1.0031151140489363 1.0044782841915347 1.005106422092475
24 7.029512643945054 0.9894984428117294 0.9804665966379582 0.9728142367647403
901 0.9186115785159927 1.0001804281518643 1.0008363666905082 1.001582174620268
149 6.967219434442086 0.9931413280111018 0.9892172112181571 0.986479179751021
150 5.332356749384417 1.0004361033654692 1.0002980496009626 1.0000246533046804
25 0.5677841624674329 0.9982697343934066 0.9966065666704282 0.9951141937518128
271 1.842811094786157 0.9982659233958877 0.9981131147974036 0.9984900841738771
652 0.9171214505076932 0.999360479502276 0.9990545773839613 0.9989095394795833
522 2.6696742734729924 1.004554868867569 1.009271043161709 1.01357884705307
777 1.546461474717944 1.0013846610796138 1.002114437195083 1.0022916827323036
272 0.9986242305258202 1.0013024625432698 1.0022132587889214 1.0029812316618558
400 8.691713450467432 1.0031324842269 1.007217214533678 1.0113801311738395
902 2.8124835970902495 0.9969864634064515 0.9934736456170454 0.9901878511617834
653 3.121556602010969 0.9990842527157076 0.9979729176604152 0.9969779568742685
151 2.9086652011665137 1.0048846202598667 1.0085068034335787 1.011517820865768
778 4.677945196055589 0.9984836994497276 0.9982244420269915 0.9985043005729393
401 0.4694524664537312 1.0002747537006043 1.0001396168271772 0.9998570948506397
26 4.767178486690682 0.9902136859735828 0.9812552540496686 0.9730179420100094
779 2.1636265386077866 1.0013434447344085 1.0027653292187717 1.0041666550428043
27 1.154878799627113 0.9979869918224104 0.9961230916827806 0.9943471275376884
273 0.9302120024331089 0.999964675407602 1.0004144549922502 1.000977733648982
523 1.5992552009065548 1.0045724479020537 1.008365369693499 1.0118129481723246
274 1.8216264119910193 1.00020415709433 1.0006031844663186 1.0011180984846162
780 0.7738662883602956 1.000853311478084 1.001252242908241 1.0013919056471283
28 0.9909199141184217 0.9979566746984742 0.9964318168880832 0.9952603620246102
654 3.9120377452272805 0.9987193673234506 0.99648702221503 0.9943522097528397
152 0.8119234758851235 1.0062851345445745 1.0114249868081717 1.0155660710239254
903 2.838760738444762 1.0051145813657931 1.010890973223832 1.0164666516159202
402 8.760698817324737 0.9884881025874078 0.9791446828810335 0.9717630501835145
904 2.5119409911549155 1.0003333580584235 1.0009369038358906 1.0016012927513327
29 5.8967102145106765 0.9940365612097168 0.9899777894410393 0.986883521480105
275 0.6140759838544909 0.9981580038720608 0.9964472144218742 0.9948528750815481
153 6.576733918756872 0.9983023592341178 0.9978775618667338 0.9979888561454757
403 1.7171012159778911 0.9982295633902079 0.9967990455763317 0.995531759752213
781 3.8604560807907546 0.9950089618782605 0.9903821275181066 0.9861361399380858
524 0.22020784740379895 0.9995788724490315 0.9992162948648973 0.9990039538256263
276 1.1972072643438878 1.0016937516291855 1.003345908158149 1.004846360339807
782 5.109750159454052 1.003354314039332 1.0063606067206161 1.0090481875853392
905 3.0581147776138096 0.9975673644356525 0.9960280208287013 0.9952039144302992
404 2.492554375297914 1.001893923814136 1.003266411929359 1.004194829114699
30 3.5478985262852802 0.9964277971371701 0.9931209860574394 0.9901541423616196
655 1.9098932552060432 1.0045464499164178 1.0073727239807926 1.009127309820236
405 7.374553043178821 1.001440090490306 1.002736826089275 1.0037714490548013
906 2.791673460673337 1.0006404862251514 1.001378166034985 1.0020982062913677
154 1.446882982061652 1.0020250233120886 1.0028265338300875 1.0032096587394415
277 0.731434823885138 0.9987300089742851 0.9978572539391053 0.9971446100627638
525 4.066013169787766 1.0033322327711967 1.0046175573662277 1.0050000211062613
783 1.6719859937875299 1.0006314594733154 1.0005902885939273 1.0002130338245572
31 2.962085633633251 1.002016014729907 1.0030279555185084 1.0034867034914896
406 2.273103106084818 0.9975682859641585 0.9953724951486084 0.9934848427663849
907 3.4036048762663995 0.996908116466738 0.9942332487159544 0.9918652378579328
656 4.568324387329994 0.9968438685975692 0.9941334038330434 0.9919056893065232
155 2.147851845198602 1.0014013402209014 1.0018409413680482 1.0018560896958308
32 0.9684055641264422 0.998462574364174 0.9972588473739049 0.9961012711214539
407 3.7581865020383702 1.0032618065386443 1.0060016844090491 1.0081563449458821
784 5.422008952235046 0.9965632304829389 0.9942932179606415 0.9924697210104254
33 2.834903386194128 1.001469454670703 1.0024891441956596 1.0031154503160484
526 4.6372563343793445 1.001985890357923 1.005156642758937 1.0082804599482376
908 1.2514553668115695 0.9978001139722732 0.9954849222034304 0.9930583686853999
657 3.570428979173812 0.9983554544561515 0.9961057244956567 0.9933901964403845
34 0.41684139806420717 0.9983185857810651 0.9969852913081866 0.995858176160686
527 1.1408153546453832 0.9981216420359961 0.9962801765490108 0.9945391741454943
156 2.386513900144564 1.0070212829260041 1.012948781830266 1.0182118850692312
909 5.371813271645806 1.0021033806666138 1.003299807873768 1.0038954681629129
278 0.5806167862301663 1.004074259031877 1.0076138324174908 1.010810223301536
785 1.6945350527203118 0.9986910922631674 0.9981260219701306 0.9977902783641411
157 12.247774551546172 1.0023154104686334 1.005105764255186 1.0079672131761135
786 2.3035163240238035 0.9961008768448943 0.9929336541893329 0.9903850303162501
279 0.3976405492339836 0.9984355860012898 0.9970381425307295 0.9958544453496815
528 2.068946981926274 1.0023584751039414 1.0047037170796156 1.006756380731354
910 2.6964292466618645 1.0013586564473047 1.001937865759201 1.0020096610965956
35 7.345272641461634 1.0115544435481756 1.0215880916746238 1.030633102118864
911 1.1111171417742298 1.0009257983037223 1.0017641985361494 1.0024551114657636
408 10.034740828734357 0.9922557577927963 0.9890888086271655 0.9878487617588347
658 4.218316155531284 1.009280908986748 1.016200531809904 1.0217262256903357
787 7.529310212370547 0.9975252510246969 0.9942971724582238 0.9910797611212553
529 1.1672575485008565 0.9993136677679569 0.9992141476990988 0.9993608837176733
280 5.433536607461065 0.9965581124008964 0.9937961212716878 0.9912695977376799
36 1.6232270770487958 0.9986521562811648 0.9974405751366024 0.9961908514961406
158 2.428656631436752 1.002358013570758 1.0040355747872214 1.005054919581498
659 2.9878002689874847 0.9950676360088154 0.991568335692939 0.9886702691144078
788 3.5273450828499335 0.9998367967578996 0.9993490035695108 0.9986426419935305
281 8.772566520208784 0.9973789170305286 0.9960491248524233 0.9953814624646904
912 1.1405897637814633 1.001388957288306 1.0028278149546646 1.0041319097297134
409 0.6472494594472664 0.9991440320572782 0.9986838580428068 0.9983832685916826
660 8.335433798853046 1.0016356347813486 1.0040261608915462 1.006493128542863
37 2.0631089026846894 0.9945781169758475 0.9901534580487731 0.9864065618142449
530 3.210159925796688 0.9994884785629772 0.9992152469363026 0.9987751786996619
159 3.7122119467894663 1.0050622725503568 1.0092096596924935 1.0128183349447337
282 1.0107845513703069 0.998646105125841 0.9978845425866711 0.9974576991538383
661 1.152549590849958 0.9999628658352662 1.0002677318641562 1.0006887675936174
789 1.437170096218324 1.0042370078587093 1.0080551685834565 1.0112903554611994
38 0.8073427299168543 0.9989501578005899 0.9978126819078702 0.9967553471476943
410 3.479421062664187 1.0020234308612432 1.0026747601591515 1.0028405373049893
531 3.2922362041044835 0.999702219576856 0.9988480125977354 0.99792026851391
913 1.4019909849321266 1.0043514659709174 1.0085353146730913 1.0121653534128257
160 3.83052347677949 1.0019511369299845 1.0036328365347054 1.0046792919879632
790 2.7866442743252264 1.0019947505611626 1.003334703244893 1.0043108351310355
283 1.3940737621196604 1.002398496460971 1.0045321191500527 1.0065472446480488
39 1.0092702474030375 1.0013455145776464 1.0029961922225414 1.004576846492486
914 6.241892716501752 1.0031218889819906 1.0046468495895902 1.0053003272046575
791 2.559406544349258 0.9998271708048635 1.0001671297716135 1.0007732626386237
915 0.964994851821757 1.0010396604883662 1.0021346453258426 1.0031329939404467
662 2.6828187901719502 1.0090157253543808 1.0167101289682665 1.0229732906861646
532 2.7501586378366483 1.00049494683698 1.001648740278243 1.0030391563610166
663 2.6596615692051273 1.0005158566544634 1.0014203632629963 1.002248571403934
792 0.8875050662572903 0.9995634512341685 0.9994061158462891 0.9993939069392798
284 3.8087563183034945 1.000532396641231 0.9998566062972124 0.9989106811234304
411 1.2202505624991318 1.007704582620541 1.015011236176799 1.0216634898994235
40 6.372364912527701 1.003175954597933 1.004956330738696 1.0063494149677954
533 2.6412138295836485 0.9960819542947703 0.9922288500135986 0.9885421075504991
793 0.9064488212843571 1.005476607883269 1.0109339487699067 1.0160120207349976
916 1.337684832065861 0.9993180279124398 0.9985006914579293 0.9977864614516867
285 13.060950407061682 1.0010453241102548 1.0011862363243917 1.0006698806997885
41 6.567768528631859 0.9964284967676256 0.9932433238150558 0.9905164311640806
161 4.935548078863576 1.0091582899507192 1.0155792301960194 1.0205605787918117
412 5.084438996191238 1.0057327610223548 1.0101483981788788 1.0137002779342146
794 1.7089002555530897 0.9995133185568782 0.9987444484027642 0.9979707546493363
42 3.277485747861647 0.9979168515547241 0.9955835761689508 0.9933314424247667
286 6.249787902988828 0.9943268012109889 0.9897012388373192 0.9860604965557006
664 0.5085277971775213 1.0000490280027354 0.9995630882683422 0.998771698410082
917 2.42635486061954 0.9946273780896278 0.9899250888761074 0.985911670174862
43 2.104372798492477 1.0021809149669636 1.0042864878264794 1.0062453745745916
44 0.6759587858341547 0.9998841121182294 0.9995233455404181 0.9990407937341893
665 8.349296699359911 0.9918587668777421 0.9844474621599011 0.9778901489515768
413 3.2586584098044113 1.0031524845943625 1.0066655237399902 1.0103192086247466
162 1.9310694771556882 0.9951084911906883 0.9906738811555165 0.9864914818191467
287 2.341461613705178 1.0000482862262923 1.0006438148235133 1.0010960616402855
414 3.266460572671349 0.9967583195692936 0.9933963192661925 0.9900063797358806
918 3.724456670548534 0.9995621186834799 0.9972054945676471 0.9940820678669646
45 1.1723758944390283 1.000849792110339 1.0017792509465544 1.002751133026733
534 6.679303338451064 1.0080322763134102 1.0120794899588448 1.0149344520402386
666 0.6831148605469934 1.0014630792582142 1.0023318753063915 1.0027686741554342
795 0.658183458059284 0.9989679186032301 0.9972417904384391 0.9952404143649825
288 1.3309739498017734 0.9991548117996208 0.9983252462740024 0.9976474834838565
415 14.880284968267006 0.998449040072695 0.9984100797991783 0.9992105702251235
46 1.6415402151815215 1.004630328011793 1.0085501469435103 1.011913474379232
289 6.9253562626981875 1.0067602491889776 1.012486607372694 1.0173750393720944
535 8.789974564026124 0.9914512820496866 0.9846534879669874 0.9790839599356336
667 0.881239933984034 0.9971678762145098 0.9947559662238346 0.9927200271646511
796 3.158701156729876 0.9941530198062817 0.9906115887767206 0.9879750036747468
668 0.9482257013078197 0.9991700283115257 0.998574140867675 0.9980959068448518
163 7.158189150377439 0.9893953826840944 0.980190489479752 0.9716175562923041
290 1.0513936486386228 1.0006943103338308 1.0019614910298493 1.0034047495252731
47 3.818582700085244 0.9930750406501945 0.9878278087423017 0.98352133264763
416 5.8600533792086935 1.0005898031205283 0.9999255144362164 0.9981512891176487
797 2.78777750529116 1.000458140635477 1.0011246349574143 1.0016757690408182
48 4.051293399114002 1.0032289755586132 1.0063147295742476 1.0091586579690597
798 0.6076107943281386 1.0016487868279438 1.0029615307594497 1.0040845615136913
291 1.072600076755407 1.0015606229288954 1.0032912555795708 1.0051074226450134
417 3.3502925069387857 1.003992150579626 1.0059667318836996 1.0069286697435331
49 0.5737790661696636 0.9989617893173699 0.9979396124810492 0.9970599822397374
919 6.235165605565271 1.0144874118914158 1.0258640136837551 1.0350846499295425
799 1.3272212213505554 0.9995006497093313 0.9995757653764427 0.9998906625369945
669 1.6437854409541615 1.001541731078075 1.0028206331236296 1.004146013648498
536 6.473672333604554 1.009057112701897 1.0178400316077554 1.0263517369537314
418 10.445609016545859 1.0038998045786995 1.006989808095507 1.0098021746342354
670 8.555425926184398 0.9951491369723016 0.991535235875929 0.9886088597662297
292 3.584477769323712 0.9911015039843871 0.9845869290160957 0.9792974627588801
800 1.5731695943431987 1.0013620730792687 1.0018725575717842 1.001857645608708
50 2.598029875623979 1.0046942481261303 1.008267775546404 1.0111575966629913
537 0.35568185726879165 0.9974406640460248 0.9951877216789992 0.9932873402051796
801 4.996610720147146 0.9938992367636013 0.9884423353962897 0.9835300947560052
671 5.635112377047335 1.0049580443631598 1.009348183720425 1.0130345144987813
920 7.821628588373642 0.9946415641344193 0.9908766541153375 0.98838691015808
538 0.33020699823100585 0.999358376216683 0.9989307019148699 0.998632709431653
51 0.3683174228826829 1.0021663528199536 1.003264519767999 1.0039321173296494
164 3.3295576687214634 1.004272627293448 1.0072809782109169 1.0100637002271031
293 2.637089573107005 1.0021393138354526 1.002914464879538 1.0030180802247874
802 1.4382069307739584 0.9984880858146356 0.9975043381257302 0.9967352021789151
294 3.5916705429517606 1.000773187133878 1.0005614966394323 0.9997632388774953
419 1.3139558147395292 1.002162103614251 1.0051505239802532 1.0084351347280966
539 6.390488352200919 1.0030194275816213 1.0062546986437513 1.0093767182167719
672 2.3694415302852576 1.0040282849763567 1.006415120630681 1.0080533474072626
803 3.193086996114289 1.0002118634502188 1.0002290699298326 1.000341157141283
921 4.985479973547626 1.0036936245183652 1.0059320679968755 1.007372262867607
420 0.10556115872168448 0.9999889856135781 0.9999221229467792 0.9998344941242069
52 6.833799933428963 1.0038278308393416 1.0064345319397117 1.0087108286248017
165 0.580715591151602 0.9965482280129885 0.9947017790580613 0.9935771589159139
922 1.967295455531712 0.9976318841034626 0.9957198638313584 0.994028911676855
421 4.244718510235543 0.989220604553162 0.9810446136722587 0.9742477714669501
540 5.682954400845119 0.9915555553375675 0.9837325975000696 0.9763882768619527
295 7.041860089904731 1.0076291737427 1.014921747013397 1.0212489351878675
923 0.28368056387444085 0.9993137131821421 0.9985937483087415 0.9979317173960323
166 0.7206145895979716 1.0004458546795223 1.0012324440859661 1.0022242741304823
296 1.1567687709630263 0.9995303978937493 0.9993542441524607 0.9993567171854769
924 0.5046786132315901 0.9993086552434676 0.9986327358423038 0.9979701718583746
53 1.415543084316596 1.0024960529087048 1.0054889549768469 1.0081357873934178
541 3.7920110827471945 1.0007187281149277 1.001597422763176 1.002730397311507
167 0.6559524926633458 0.9983785845293719 0.9970623529447116 0.9959153945089037
925 0.13537392145735794 1.0001348957377596 1.0000342819886798 0.999861422326722
542 2.0028240470401215 1.0027042021614778 1.004702089179982 1.0063709004043626
804 0.2110065380420565 1.00007415252176 1.0001555909469182 1.000376909066933
54 2.7356569888361264 1.0026546854521186 1.004286544433465 1.0054071378074794
673 7.93446805090025 0.9872838802549122 0.9769337896438758 0.9672819976104965
422 5.920585161826239 1.012593355812402 1.0245611633807117 1.035480662033749
805 2.209158932650098 0.9964925723305622 0.9930224877086434 0.9898188865168143
423 0.7717712704015867 1.000046267225048 0.9999071771690837 0.9997439128651269
168 1.85136207641699 0.9993583740485888 0.9997841540637472 1.0006506868211673
55 2.3086079122640513 1.0002300588611361 1.0007698919974257 1.0012730600820008
543 2.6881793250504415 1.0048761880476562 1.0079696589068976 1.010117315170294
806 0.713444233419068 0.9986088859227104 0.9979017925941231 0.9976329587592788
297 1.4637727474091662 0.9938829550402889 0.9887336450980967 0.9845523242160596
169 3.078181555132687 1.0008234279224109 1.0014469658169443 1.0016422984377196
807 4.826522268986082 0.9967078889180281 0.9935699250079444 0.9905694752832302
56 2.138184541281589 1.0031050499519027 1.005517337817027 1.0071520840638173
544 3.053147868889937 1.0030963532577817 1.006221702081069 1.008986665658769
674 0.9639675377384265 0.9953132994009399 0.9920655976756669 0.989654342415733
298 3.101240020856494 1.00157324589185 1.0046480872812655 1.0082662845400285
57 0.2468249582707358 1.0008175260186596 1.0013067897199381 1.0016636145709887
170 1.907652308278557 0.999772268921118 1.0001528855175694 1.0007093630621926
424 7.3643617837333295 1.0038532465216414 1.0086494974076101 1.013779556400292
808 2.090787498289501 1.0030259828174704 1.0054734342530944 1.0075778577964625
545 1.2803692154575401 1.0018969970278946 1.0032385459956745 1.0041379673916078
675 3.9732995712238335 1.0005881630204965 1.0011170097164743 1.0017331473271047
809 0.8019749893319386 0.9977300748499522 0.9960973181719119 0.9948262042240044
546 2.4196257234671066 0.9997772323640632 0.9994276929694339 0.9991433877695096
299 1.8204542047296854 1.0015518695022456 1.0035431987503125 1.0054984922564796
58 1.256955009608646 1.004275921571814 1.008348305285745 1.0121053308348684
676 8.39267291410215 1.0006856724321371 1.0020875346004119 1.00382374923173
810 0.8139327412736748 1.0017003512799019 1.0031078541792453 1.004302732213885
926 2.737605050971979 0.9939254192996664 0.9919938364670586 0.9918899521486219
425 8.168976955350445 0.9977640045830438 0.9974075752223751 0.9979699026567312
547 4.604152646765215 1.0038683191313922 1.0071705317909778 1.0101261111861635
171 6.940684718789271 1.0031329619230729 1.0068705681133234 1.0108291275921522
927 3.5764598705663957 1.0019352555929686 1.0041991999158868 1.0064842489006978
811 3.838182116682219 0.9962132642314018 0.9930308306043945 0.9903962549801667
677 0.3750983897334663 0.9981900190649398 0.996872563538154 0.9957995460462069
300 3.5594476610658603 0.9936251291129959 0.9867384513511605 0.980045305496981
59 2.571145381203678 1.0026105500201217 1.0048929852594204 1.0070881612397373
548 2.199444009051149 1.0025900166086803 1.0042927997320497 1.0054312273948725
678 0.818655751987535 0.99914945393251 0.9985981850584245 0.9981818994386706
426 0.3734719942767697 1.001211643966448 1.0020903230039075 1.0027870078042092
172 2.4237400122910913 1.0025633885883891 1.0049487946243394 1.0071531146584984
812 4.680469328715844 0.9929873924456043 0.9882687143492617 0.9849856935795068
679 4.7029045283161395 0.9942729659879165 0.9892228551627464 0.9848750247025697
427 0.7466101008485566 0.9988216531111812 0.9977716459216629 0.9969596788952982
549 5.651717459981228 1.0070955755677675 1.0145983630515152 1.0217025535520823
173 6.608414783087937 0.995367955609345 0.9906010822473714 0.9856090903392324
680 3.213399286612912 1.0061529038922639 1.0121181062380258 1.0175007044704463
928 1.1328456195169565 0.9984716166658263 0.9981786295561514 0.9982770749800763
301 1.432462322174615 0.9986333370995466 0.996151943182537 0.9935094067070467
428 2.565713166308342 1.0027537886930336 1.0046191699379383 1.006078036873619
681 4.603536088754481 1.0007753758298694 1.0019004517112582 1.003018430975287
174 3.278382882095684 1.001780068121151 1.0039544907664142 1.0060235757592406
929 0.9493262081086868 0.9986983419566164 0.9973617442474217 0.996134196399182
550 6.198649858608405 0.9976399652460499 0.9970060317335054 0.9971523827113676
60 3.099538753169327 0.9914884157825963 0.9845202247585624 0.9785412681998065
682 1.4176822373647155 0.9975521134559109 0.9956061267264772 0.9939474686287504
813 6.6342458946674014 1.024454461888232 1.0456417950391648 1.0639280400111295
302 3.5801353257138544 1.0076213233839402 1.0119787540274492 1.0147450447259465
175 4.224600830577401 0.9964350261055557 0.9928516563724887 0.9895550913551273
930 5.954667129293739 0.9977243645251115 0.9956011582469257 0.9936336083550477
551 5.746205180017569 1.0030345600053123 1.005664807574993 1.0079582801460718
814 3.2115539237474877 1.0015465237775383 1.0031474727288632 1.00462420160445
176 1.937996758337249 0.9968287996603332 0.9940251521736104 0.9915883891584879
303 5.750675611601764 0.9965876452414586 0.9938056218492674 0.9915960140108869
429 1.4698452405573335 0.994687127895274 0.99023214936324 0.9865515646716468
61 0.40681699756896705 1.0017948485194887 1.003433321122942 1.0049286728583546
931 1.9661346110697195 1.0044042995454727 1.0077790728827007 1.0103871258676431
683 0.8794231308093003 1.0000681354695464 1.0000097523904987 0.9997383576767993
552 1.7233598094153422 1.0052351385432072 1.008127810631716 1.009889627029926
815 3.3549901650821994 0.9979827048835339 0.9967584764155154 0.9962064503057806
62 5.147722739275196 1.0017621852508736 1.0024074933133853 1.002724066272003
684 6.889587084086088 1.0029579568698372 1.0056318893700438 1.0080491056848706
816 2.4980649646622624 0.9958183319238026 0.992479678518622 0.9898343127848142
553 0.708018531475318 1.0010849400839827 1.0024412419008488 1.0038272176905814
430 3.277881693735253 1.0046155839511242 1.0085278618639069 1.0121033654694718
932 4.669911097669683 0.9939823385626275 0.9873347339555745 0.9804199317672845
685 4.366086851283399 0.998468577914566 0.9974853608481777 0.9965683747799927
63 3.748688463545477 0.9995321002348606 1.0002097781479693 1.0013447662338593
933 1.9042640682546335 0.998603974284829 0.9974286794525534 0.9963443689755442
64 6.181857071465856 1.001454202351635 1.0031719423269017 1.0047415980007688
817 1.7528724594594678 1.0000329664976686 1.0010678190069289 1.002681606287996
554 0.391204613404625 1.001208607851491 1.0018973545364314 1.002242519138867
686 1.4993428694087925 0.995239540677245 0.9913932234971241 0.9881693012575632
65 0.5915356647219596 1.0008864981776855 1.0015950621220648 1.00215599345825
555 2.637485582396039 1.00282635754972 1.0055711043397195 1.007864970059637
431 9.42557202207172 0.9868867027907152 0.9760450670314044 0.967233910447268
934 5.064030864132292 0.9911579028625893 0.9837627698645152 0.9775772279787135
432 6.061331390023042 0.997888129260265 0.9955959479907773 0.9933804132712041
687 3.2857480908151047 0.9954022101971359 0.991225468417913 0.9876053846931803
818 1.496096083190423 1.0000108159188765 1.0006731828302855 1.0016117915897775
556 5.707772677891626 0.9884588524984 0.979574224194786 0.9724077254568902
66 2.3497309411959577 0.9952760067301317 0.9905261821114563 0.9863193193227621
304 5.679210370324654 1.019317158362222 1.038268921905767 1.05577539553288
819 3.379104265890419 0.9994330528607037 0.9988101670086895 0.9983411368116657
557 5.3720356521534995 1.0039926480702577 1.0080747940712942 1.0117040260334464
67 2.1407116725331434 1.0029327344784658 1.005209393379253 1.007049731358049
305 3.7711248662890284 0.9985255132655916 0.9976185371166675 0.9969274147530525
935 2.023588606789417 0.9955886581074199 0.9911906994066068 0.9869352281391006
688 8.430630072143686 0.9969324076987769 0.9956816518504871 0.9952629279319459
936 2.1709647789430164 0.9999980203027954 0.9997739362836394 0.9993907110276528
433 3.757185256868979 0.9967586101692867 0.9944950980070371 0.9929590387139605
177 2.228184451427296 1.0340651361730426 1.0648069486047056 1.0919454271293854
820 3.019777470946792 1.011187429242159 1.0202891803090661 1.0277645552235095
558 3.6256722090547555 0.9973599230390149 0.9946057527678641 0.9921383019265979
306 0.7844471714452084 1.002888471663858 1.0049537449665793 1.0066043156062239
68 1.8616059597243293 1.0020254910450854 1.0041720771973892 1.0059790299682327
821 3.1184850225290575 1.004646636388007 1.0085149213133693 1.0116179162830108
937 4.5752687683871045 0.997403610916986 0.9949174687734891 0.9922608261341122
559 1.2509974222029996 1.002002596036839 1.0034461557163363 1.0044870776106816
307 0.3989107533252536 1.0022947387003163 1.0040585715730364 1.0053641066311119
178 1.1928962326655892 0.9949715574363631 0.9913518637257591 0.9887007736891446
822 3.0364735980783735 0.9962824789396889 0.9938071460593091 0.9921121363253829
308 2.328383741858488 0.9939875272578592 0.9889631695695544 0.9847291796691912
69 5.033135390291136 0.994882992747395 0.9915589321794622 0.9892706392717637
938 2.573019569956159 0.995918193669228 0.993241408620648 0.9913293516599835
179 1.789142354247815 1.0012317304521208 1.0015387933580358 1.001491685752638
689 10.133923146775487 1.0039339340673163 1.0114085616761428 1.0201511392567186
309 1.4846333825244074 1.001270862136381 1.0017705143114293 1.0018988433251261
823 16.879728797544885 0.9975375531369427 0.9942991122815582 0.9905508994835682
560 2.5450790946724737 1.0015690729347693 1.0049876941924667 1.0087412484537837
310 2.3051251690776553 0.9982073156951377 0.996955710741895 0.9960756704840094
180 9.530085815460552 0.9968023201259419 0.9928454508159238 0.9889053238110975
939 1.2957344694204949 1.0015962181708682 1.0030486563174879 1.0045557250224009
70 2.1925596263936313 0.9936486160206819 0.9878811349757056 0.9829506750181032
940 3.010927451108728 1.0017631222218442 1.0035241419064276 1.0050823055961786
311 3.5222651883195795 1.0079725744457306 1.0149330043669063 1.021228225343057
561 3.4589435367488477 0.9928694462239008 0.9878454662250011 0.9838579192707805
824 8.045684694143347 1.0010853426229447 1.0034885491818628 1.0057948421842813
71 2.424865900144141 0.9978348030630506 0.9961742815080903 0.9949348984692803
434 2.0577698258111923 0.9846483953554371 0.9734329860039697 0.9645787371507741
690 0.7439701039747888 1.0005905196667302 1.0015049450072855 1.0025662760718521
181 4.164518912193671 0.9959961711153356 0.9925695470039474 0.9898366530986465
72 1.8759497825230937 1.0004607105725691 1.0013194605234341 1.0022675350207995
435 1.7102157376666582 1.0001884582366067 1.0009575718432415 1.0017927957170933
562 8.86085292313328 1.0056140983991313 1.0109268889869776 1.0158148260353244
825 3.733772874558781 0.9933969947605117 0.9897520906065463 0.9873002240625346
691 0.1768327385525481 0.9993669345110665 0.9987879905847652 0.998200408318986
312 4.832542409283633 1.0035774869612766 1.006725177163464 1.008877957723199
436 7.918856027179572 1.004154409409537 1.0078887605493796 1.010785375855944
826 1.8574930472277629 1.0014059999770772 1.003168795979416 1.0050690497601937
941 2.9161213488769135 1.0025944557796802 1.005059533312399 1.0076376501220963
563 1.195483969124325 0.9938420574772648 0.9885387322685627 0.983911635200848
73 6.383598534903285 1.0001977175909773 0.9982924585769534 0.9954416135812845
313 1.217773504773504 1.0029490924375157 1.0041602833376206 1.0045706941445876
827 0.2073274635913549 0.9995271327570662 0.9992041171345701 0.9989397611923054
182 3.9737248056735552 0.9950116951542622 0.9902163756988867 0.9854122888488541
942 2.254457864284632 1.00181686668705 1.0035406646500757 1.005165194268662
314 0.12004503315438342 1.0000605973423677 1.0001427242552317 1.0002014756780995
183 1.022826240025097 1.0003691786471844 1.0003563865765046 1.0001786901716765
564 3.378707459423822 1.0025208039944211 1.0036966665585412 1.0039669583704205
74 2.4533193494917214 1.0003594672990586 1.0018739243553223 1.0036245207507994
692 8.374418505130961 1.013640602268584 1.0270873097631052 1.0390668688871125
315 3.53322245201889 1.0046221143138003 1.0087671585432432 1.0122555712677128
437 2.079525510504027 1.0022958608439845 1.0031008686857505 1.003389016782381
75 1.649529857100788 0.9969791726671184 0.9942764609518393 0.9919812670474867
693 2.290402986744084 1.0010238588417812 1.0020044358116176 1.0027378886756477
184 5.270617447939003 0.9972886898760528 0.9948174803082289 0.9923643015056988
76 3.0560597053954552 1.0010067106387301 1.0016914058442394 1.0023864259650828
828 4.215420007089051 1.0069700134172135 1.0132247499639642 1.018388865423307
694 3.3906555528501485 0.993593844213651 0.988904025443279 0.9852880171535953
943 4.636280409398751 0.9986867532251312 0.9988892806178803 1.0002813721348167
77 1.4046977683901787 0.9984113190730349 0.9974295592572086 0.9968129233998169
438 0.43262558601600176 1.0018081516458104 1.0029669162994201 1.0036745786659593
316 1.6381905730049766 1.0043081757400671 1.0070384078763743 1.0090407599005806
695 1.7954211202541046 1.0013665908683294 1.002977719521507 1.0045386907949627
317 1.1393767151112115 1.0012132393125863 1.002328955195614 1.003286724489041
565 3.167077239328137 1.0021758383764923 1.0056394294276825 1.0091536612624523
78 3.2995395479465515 1.001215521707967 1.0024305372551983 1.003745724323211
566 1.6910740692019317 1.0000023801670048 1.000330655476527 1.0007390372581129
79 1.855858775008528 1.0005410697571786 1.0013571820353322 1.0021558269534043
944 1.874340994780141 0.995051388927246 0.9904054843035937 0.9863810360321936
439 2.281791063167475 0.9949168805883802 0.9908250363234237 0.9874877639108393
185 4.202362853853629 0.9983546093529068 0.9981876846970694 0.9990447679446722
567 3.5948845713774062 0.9968824884168072 0.9944202744955465 0.9923465646098804
696 4.542881003430011 0.9996067296887673 0.9980790678301752 0.996535199502631
829 6.7583329538974795 1.0122090859975628 1.0216552471738733 1.0288344533207212
440 1.4557446610233455 0.9996968502903849 0.9994840918056469 0.9992129321606309
318 4.977366922528745 0.9967224661465246 0.9924510853269016 0.9880707612306385
186 0.07527858993489644 0.9997077888600842 0.9996546845624271 0.9997465020564094
945 0.6453624882724398 1.000290287281399 1.001062952285371 1.0020044655091116
187 5.563434501626034 1.0023275964930274 1.0038201042947494 1.0046939723630242
80 0.8856557966773835 1.0054696870751385 1.009486547200791 1.0124717398327208
946 9.331047440558905 1.0042956928168794 1.0081040089959308 1.0115030041850988
568 1.8638922980444477 0.9972205631461537 0.9940029399633992 0.9908164896203496
319 1.0619376167305745 1.000845532082127 1.0011736112040146 1.0013905517846617
830 1.7199765295608813 0.992633791644163 0.9871649548454055 0.9827521202926561
81 0.9597433719791297 0.9990101705350605 0.9984179683274631 0.9980786297150462
441 3.5997537754319637 1.0090099318829973 1.0168469710095485 1.0236795186031804
82 1.8302450081482675 1.0029492397485518 1.005382561703884 1.0074496558568093
320 0.2984290532167506 0.9991796132959435 0.9983122696469089 0.9974984010386534
831 1.452719459819491 0.9995715139993007 0.9992007800244205 0.9987735433483753
569 5.581609644157652 1.002983044176567 1.0032963179510386 1.002244891820224
188 4.090203101737643 1.0014940038056837 1.002518836501927 1.0036895762602847
697 0.348655603305815 0.998162486756024 0.9970155654356118 0.9961270094239757
321 0.9809752828114142 0.9984185473958251 0.9972857360981642 0.9965145220461464
947 5.023232570183609 1.0060037714778742 1.0107769067953616 1.0150811210026363
83 2.930252235233638 1.001896741613559 1.0022871470856978 1.002048453181731
442 0.8332444162806496 0.9984788078036707 0.9972153742970382 0.9960381976013211
570 11.479955957311176 1.0006165327478518 1.0011647653781692 1.0014241478848076
189 5.312524196478989 0.9955395659383383 0.9934236598468064 0.9924051821644597
948 2.5537055683798826 1.0025582296108213 1.0041863769579509 1.005439820713016
832 0.5939758072763652 0.9996756750967408 0.9998058808047603 0.9999938250955713
571 0.801953137779492 1.0000210721997929 0.9995972081981725 0.999013344296501
698 0.4916101893904852 0.9998077082430117 0.9995807717780759 0.9994618544496892
322 2.663486036235554 0.9974997714186239 0.9940295411266643 0.9904792410404869
84 0.7505396861488407 1.0002344558107357 1.0000855267067947 0.9997464942068884
190 0.6715742527358088 1.0007851285795841 1.0015696358136452 1.0023546312883878
949 2.1254972895312676 0.9989605507078426 0.9975285045359441 0.9959737934252731
699 2.0184439813929203 1.0007898484443383 1.001779433668174 1.0028473384976933
572 7.6168285115782055 1.0050891062951832 1.0100958716320447 1.0145268922085424
443 0.9933500883980741 0.9943464143572577 0.9904429407390885 0.9874876977849025
323 7.792365388664621 0.9928774420792899 0.9872381506747885 0.982837117537831
85 2.011458894419775 0.9974329234582721 0.9957485618906131 0.994399949760552
833 2.5331486191662407 0.9987767557538829 0.998199686527304 0.9980635755455283
86 1.3118191753419524 1.0007596067677942 1.0011085531716546 1.0012380936301133
324 5.5368657336421165 1.0026832175664708 1.0041372314672585 1.005120910177885
444 0.7951822883060231 0.997428942829416 0.9956271953672574 0.994224228335199
573 2.0940067797000665 1.0055507840626676 1.0096664092390817 1.0127820779593277
87 2.788838094773382 1.0042201127634462 1.007980804043481 1.0112910245128415
574 5.371404763116516 1.0049348589784193 1.0095114791228876 1.0136290883587789
325 0.6637734290743538 0.9989372211766647 0.9983249840522942 0.9978649285133412
834 6.981345838321431 0.995822947378563 0.9919548401747165 0.9887624396642458
445 4.751864093983386 1.001647381461523 1.0026136439505657 1.0033370145585776
700 2.0211173134102864 1.0009178013986195 1.0009839475580065 1.0008964195121128
575 3.647259293929892 1.000944929319539 1.0009130582676855 1.0002381111807557
191 3.5277889065200725 1.0025106387015281 1.0039844797321351 1.0055030401666594
326 6.291204358480172 0.997966670131936 0.9972453385142414 0.9971914789216654
576 10.233829531451192 0.9989207463683818 1.0002674232897815 1.0024276809023351
835 6.136871108092237 1.0034345054140301 1.0070041226607658 1.0100706523934309
446 7.011374135132428 0.9941456917202554 0.9911834224551413 0.9895495154180787
577 3.974937202705405 1.0014361671985696 1.0021388131269542 1.0021713644823758
701 2.096998116612667 0.999305957731887 1.0000109416286842 1.0013036613168385
192 0.8440571363553317 1.0021017054852737 1.0043675191493748 1.0065531616353613
88 0.7044938260041818 0.9969769206433968 0.9941931829115196 0.9918321668810784
578 0.5014689695926791 0.999834757610556 0.9995859146017764 0.9993004341631788
579 3.0761691362713464 0.9981580524535946 0.9964310299796849 0.9949608043362728
950 8.328118924693626 0.9811735890403553 0.9624463916147876 0.944818627331365
702 0.8809367995600041 1.0016491914786396 1.0029397073849926 1.0038707964427689
193 2.2942803038858983 1.0021371373401708 1.0052114567653982 1.0085044033341939
836 2.6951864788134117 0.9942976101198228 0.9892045327701927 0.9849381240230405
703 1.5283966009628784 0.997677157300803 0.9955020333467269 0.9935812751914949
951 3.1382445278704836 0.9982431965599935 0.9958740202107463 0.9930562246452547
89 4.76209207230022 0.9987872658300251 0.9979321700132489 0.9974547136000225
327 6.16999629799102 1.0113959755879918 1.021560155932841 1.03067114408415
580 4.882236694909807 0.997985932016835 0.997160608770566 0.9967741287505838
194 1.7008618364779977 0.9974741158046537 0.9958710286963021 0.9949315890303384
837 4.94339922832296 0.9984474042979268 0.9977747017672337 0.9974133011463363
952 1.8226731805534655 1.0020543570296776 1.0040956930229832 1.0059867975748418
581 1.828607660070702 0.9991004640275452 0.9985722798778953 0.9983188423205489
90 2.184177377652304 0.9949972945901419 0.9906044057770128 0.9867570460963188
838 4.67297762941962 0.9957247260942909 0.9922884839134442 0.9894465844567698
447 4.593005434808219 0.99747821673388 0.9975793374189708 0.9988738090616951
195 0.6466612348540366 0.9976816396348255 0.9959797143801775 0.9946596639256262
328 3.4292056626291014 0.9973927166843887 0.994865425621 0.9929115457632336
953 1.903878807055662 1.0019088054298178 1.00266997908728 1.0028472028414275
196 2.226162246290187 0.997955909627441 0.9960133401646742 0.9943441358406155
839 2.471402649738593 0.9974614049754666 0.995734779065484 0.9944175077381057
582 5.172934019661625 0.9963289347054561 0.9955818375179435 0.9959825835033365
448 0.5124713579571107 0.9986283606828856 0.9973773022822454 0.996241091666407
329 0.8359109976972832 0.9986673231786876 0.9977002367091178 0.9969543967292889
704 2.0890839207386307 1.0087103440266307 1.0151095009764795 1.0198775297955844
91 4.173174398514675 1.0005016877181325 1.0012762708762353 1.002400263791533
197 4.122781378982836 0.99750301352573 0.9948984489917994 0.9924790829107354
840 2.3090940966685594 0.9967280856873549 0.9937618436976579 0.9910868749104468
449 0.5858700891876651 1.0015728009940068 1.0027549707276284 1.003670712471516
954 1.8341993428675778 0.9997593460049655 0.999609669330228 0.9996369460846537
841 0.8157618871300656 1.0002434862512855 1.0002775084895437 1.000199552071168
705 0.5453551310529292 0.999816197635678 0.9996777195051313 0.9994717446041033
450 1.4105102479261404 1.0045571840965914 1.0087342381773006 1.0122849040555817
198 5.746034919189697 1.0045786970648314 1.0075332373453432 1.0093468666102243
955 6.084309575475345 1.0028867615922175 1.0060020209609815 1.00902522862614
330 2.7888625104933453 0.9999659295129022 0.999275600287071 0.9980670367862777
842 2.083029565297693 1.0005401930714681 1.0016218929959717 1.002979046223731
583 2.787770561877551 1.0139485723676602 1.025814330318766 1.0361742314076599
956 0.3498442343861825 0.9985656918871632 0.9974820312858961 0.9966423575197303
92 1.9260691050021705 0.9954391151965186 0.992629738172825 0.9905033911618634
451 5.4802920435959095 0.9869670623434348 0.9743532562911718 0.9628487681156499
331 3.642175790439069 0.9947219359180748 0.9906005963103727 0.9871973875906906
957 3.993510643958871 0.9975254028546681 0.9953277854368507 0.9934886247838335
452 0.3147372383118636 0.9999219132831101 0.9997718741851328 0.9995846345538548
93 2.6801988816259836 1.0045256976871082 1.0085477133157665 1.0120253574595526
584 1.3456045926232036 1.0012157916426907 1.0013403455849037 1.0009255368279004
332 0.579505981386319 0.9974675994960214 0.9954858397212953 0.993862290738048
453 3.9812681616658665 0.9959708701170973 0.9912345975843041 0.9865674288977849
958 3.0004762213357026 1.0011918538824904 1.0019989653085593 1.0023150191269243
199 4.193583165790187 1.018546582678187 1.034192811456344 1.0476876358522655
454 8.651874091628997 1.0035544564357568 1.006419395368172 1.0088257399407232
585 1.6643451327690855 0.9960835559260302 0.9933356892147462 0.9913474317985279
959 3.1101707389661897 0.9945989352157768 0.9904215839288761 0.986793139598627
843 0.7764854601991829 0.9955980896302075 0.9917974369502961 0.9886738045789303
200 2.4848249640399445 1.0020019871349 1.003581263126405 1.0049388773304337
333 3.851757702399482 1.0047133143400442 1.0087865454550173 1.012098722246864
706 4.450744411886262 1.0131990247505254 1.0237154573560447 1.031536988192817
586 1.6109487862995593 1.002206334530318 1.0041803621483973 1.0058081057001573
201 3.1549909204914 0.9994089787710241 0.9994515201496611 0.9996774541558788
94 4.353473973982545 0.985628301790061 0.9759838373520949 0.9686008556721332
960 1.5670900115637778 1.0006743945605436 1.0005859636939727 1.0001981419631387
95 4.155173779823599 1.0034041682524604 1.006709660719012 1.0097148952606048
202 1.5713962884256034 0.9984715448998359 0.996846225392721 0.9953536620634249
961 5.293378985743402 1.0034011168395522 1.0067608827036498 1.0097213729734609
455 1.0612809119738813 1.0030208303548704 1.0048218723455118 1.0060514878512725
844 0.9713022237538098 1.0024403946021994 1.0036692475100728 1.004314381591038
203 5.7842165672300325 0.9998613738226654 0.9994372554942408 0.9988105997826164
707 6.822117823585359 1.019400396851905 1.035597155964983 1.049584487949603
334 6.511641785682514 0.9888391603645259 0.9780084819355483 0.9679898511744397
587 7.058472289962083 1.0096695169210763 1.0157931860841807 1.0202871014119754
845 5.654852747893528 0.9992858635328324 0.9994041573134108 0.9999124163869636
96 2.6716242169295583 1.005085671882167 1.0097823141844973 1.0141490660452628
456 7.344111940268704 0.9996161315075764 0.9997243053229308 1.0004052889437776
204 2.0566570304727065 0.9980340947962297 0.996275231006318 0.9948949102358327
846 8.932685371713887 1.0037008821166287 1.007458370862771 1.010975576461248
335 3.011021775600966 0.994257678789142 0.9902607698211757 0.9873451311763308
962 1.8956594747651252 1.0057669197889918 1.0109971560071829 1.015609461233739
457 2.111678869499883 0.9965445393232082 0.9924890101178167 0.9885059607464839
97 5.517951778594579 0.9960431862909505 0.9945304676187185 0.9938471267539295
847 0.8908014605658536 0.9987352975831222 0.9973167060236674 0.9960011203719575
458 1.97254824175252 1.0014450709109368 1.002630804964145 1.0036937808929345
708 1.8525093992084294 0.9963234653771125 0.9920406177737129 0.9878664724079441
98 1.5881298107105977 1.0033690145589438 1.0057838127798375 1.0076157011718327
709 0.7813736716907442 0.9983695576369078 0.9967440872745457 0.9952940459107773
963 0.9933371776296553 0.9992876636006214 0.9994428233533217 0.9998977699613572
459 1.2447159493240179 0.9998360029465956 0.9995703323728408 0.9991773916715616
336 3.1330569409710733 1.0089625899731194 1.0161225290930647 1.0219954742269177
205 10.775959752569179 1.0021684674819777 1.0033392436011916 1.0047841434989655
588 11.883266503180494 0.9843866885958314 0.9691362860819767 0.9546366847750827
99 0.3108965287428873 1.0019825884921858 1.003332120553449 1.0042998472256963
206 3.349528851609648 0.9992027821308505 0.9979434999243239 0.9965154357167705
460 2.8616010651039687 1.0023234109162378 1.004576024143277 1.0064829120699212
589 2.7491356329865084 0.9993497745311792 0.9991841351296659 0.9994077396861367
964 0.5501849428783316 1.002725766806949 1.0053540280506386 1.0076675903266141
100 1.6153359142717818 1.0001693341962088 0.9990714401285017 0.9975561130886038
461 5.918233121781668 0.9988858499035198 0.9988359701327738 0.999115926713093
848 4.14225918072043 0.9997993175384795 1.002071435833959 1.005806924253487
101 3.799500535707921 1.003432624704043 1.0072650001557053 1.0108592267991128
337 1.8929919167821936 0.9893620553751304 0.9801741104510173 0.972031164567312
710 12.431121860314306 1.0084124424122853 1.0137175461459602 1.0168524975700979
207 0.9273431517340214 1.0023650920081297 1.0035616560014247 1.004220821029494
965 6.358322075480828 1.0037094973825103 1.0072485750848788 1.010440412636108
590 2.4840887196605763 0.9970666664683512 0.994965304107464 0.993504117498912
849 4.71838534372182 0.9976955650097878 0.9951063638017392 0.9927133734517672
102 1.525367669040861 0.9998198319899387 0.9994174182638786 0.9988968274550974
338 3.8657020481623476 0.9987566097644281 0.997413796953139 0.996308749655156
208 10.84140788107652 1.0017012815127049 1.0033936854915981 1.0046692973462599
711 2.076633720445898 1.0021862520533888 1.003055096476276 1.0034441255989348
966 3.5461462010753166 0.999956465140117 0.999852560536065 0.999564412219554
967 5.015150480992816 0.9947388856653566 0.9896839188765908 0.9850654830117483
591 1.124760605956908 0.997157700397494 0.9947317450385103 0.9924796885264754
850 0.118167413651463 1.0002762039187023 1.0007686088569099 1.0012879936626184
712 1.6577743993238983 1.0000298772052747 1.0004179468507526 1.0010373214920856
103 1.3997067807777057 1.0028802513393673 1.005124962531564 1.0069086109999912
209 2.8522852653695736 0.9994846781661343 0.9988533388796972 0.9979482070621601
968 3.790216039014922 1.0001044757371045 0.9996891386523983 0.998900889732365
104 1.3163626435853075 1.0006366737322865 1.000998919123325 1.0011768029281056
592 4.477103394638107 0.9952495162058705 0.9906587351106461 0.9866808356489161
210 2.6792268811586837 1.0038435190385893 1.0071017478261526 1.0098890346140876
105 0.5927203888204531 0.9998693067601785 0.9995466449288215 0.9992203243592106
969 0.7418231627070782 0.9972915665683026 0.9951475171855828 0.9933199734883598
339 3.93581824368448 1.015592213223986 1.027111820232491 1.0362354489730539
970 2.1746693297354796 1.0038089443045355 1.0062038736258245 1.0079765784685832
713 1.1025221377367416 1.0048887886933409 1.0085888617392735 1.0115105163098552
593 2.69713379152563 1.0030597965687829 1.006282395293224 1.0093471579329756
106 3.0422767462659976 1.0036198215587395 1.0054206520763105 1.0064216354697109
714 1.0463559834279295 1.0021549752024825 1.0040450692732397 1.005661691536485
340 3.3985044911278237 1.0048624571870215 1.0083571490187508 1.0109261917442018
211 2.857025384419103 1.0020856669427294 1.0045890884996775 1.007236345298626
971 11.821775460242861 0.9923229614445711 0.9835699746345812 0.9745954533639812
851 2.0682492617725075 0.9951336218116629 0.9912001541947435 0.9885408742938077
212 9.24036860742126 0.9940724972122041 0.9870350157551303 0.9801739760778838
594 1.8296994518968859 0.9969604540806216 0.9951444393062328 0.9940972121772855
107 5.598957374177189 1.010993843642476 1.0205171993376103 1.0292657182895157
852 3.179015731009713 1.0012743816599297 1.0025148761534108 1.003590819740533
213 2.6088271445223654 1.0002703603077772 1.0006375293979586 1.0010626200486192
341 0.42087237360283325 0.9973275354827177 0.9951418234379369 0.9933152406113371
972 5.3313430552625505 1.0126304929313799 1.0238460154729658 1.033553108827646
715 2.2234757881687983 0.9998522864571172 0.9997610905662968 0.9999968830492618
214 0.5984074025473092 0.9985673460413177 0.9971081813840438 0.9957458652509042
853 2.646417830612336 0.9948198667814889 0.9910942571876199 0.9883145373803829
342 4.607327053783592 1.0030933709399865 1.0054371250882421 1.007112364492766
462 6.002520711823308 1.0364593146176788 1.0676815293821849 1.0949159936594317
595 0.16390329234855017 1.000303331744439 1.0004205624935223 1.0003985167452125
716 0.6707796223126934 1.001646007041834 1.0028086590139338 1.0037317084435786
973 0.6060122918497655 1.000789522961586 1.0014982843031368 1.002051041191188
215 1.9492729181711184 0.9972714282670908 0.9957645091062703 0.9948227919762113
463 4.2910381990877795 0.9967365938045777 0.9940580449428902 0.9917848705234756
108 1.1910607707450254 0.9962724255039919 0.9934664379084202 0.9911605671474157
596 1.357910171689582 1.0015671468235423 1.0032569605887407 1.004907598556192
464 2.093793534937504 1.000181447674085 1.000086461346566 0.9998390512756422
216 1.1019473215183098 1.000674138469895 1.0015067425904836 1.0023453108748697
717 8.154702167154028 0.988155052100288 0.9767312096684757 0.9666159725663851
109 3.4258943580425694 0.998487239885846 0.9974743611563824 0.9968010132513001
465 1.1809454194826685 0.9985206552335067 0.9975717533927083 0.9970804882774669
217 3.7605923842002085 1.0001390697517571 0.9991548403137719 0.997595511068569
110 0.5718282478756009 0.9983661526323887 0.9969612812775089 0.9956701552268035
854 1.2480140953193768 0.9958815119625625 0.9913156566318685 0.9868956816768382
974 3.2697247464511747 1.0099729278822678 1.018266862313979 1.0252615134475822
718 8.204276450635007 0.9921195114384166 0.9860240425208512 0.9807886566061944
466 2.0585562176202075 1.0037865666908572 1.0063706520134366 1.0082206225584764
975 1.1551741532712185 0.9982873989197142 0.9965252185675725 0.9947833342549719
597 2.2684229921396764 1.0017794325361313 1.0029493934854472 1.0042444713829584
111 5.8447781433860655 0.9975883507888104 0.9941450308608243 0.990108203410472
976 1.3067975865305925 1.0005096199371237 1.0008451123385822 1.0009953981373012
598 3.318971479868196 1.0016389620416526 1.0025351268461709 1.0030327313167875
218 4.370605163725486 1.0053177022176927 1.0090760359301156 1.0122269395377645
467 3.5106548262356227 1.0053282477546779 1.0087393422418651 1.0113117998599706
855 3.7872162860494427 1.0074273442645358 1.0149870609156122 1.021903118628042
977 3.851678762528536 1.0049263294493533 1.0089722299317982 1.0123941281748638
219 4.601582236262402 1.003060026630218 1.0051145162035773 1.0064957499392675
856 5.459902805827369 0.9989234045853506 0.9978957114269856 0.9970716699080979
599 0.676224970657131 0.9963867021133969 0.9928553757532584 0.9895955244379309
719 0.8866128890585969 0.9964284011854626 0.9925913668467062 0.9889231764616173
978 2.7833862614479585 1.0000309586732885 0.9998716961627522 0.9997816977509626
112 4.438830202774625 0.9919674001196752 0.9838256792111574 0.9762998425245941
343 1.596961512499547 1.0010958539644097 0.999942632883939 0.9976375442002043
468 1.6605473409272236 0.998064985114602 0.9970548478508017 0.9965503843767182
600 0.9881586256287846 0.9983460402862027 0.9971398979516872 0.9962506098759002
979 1.7269889057024557 0.9969917941383781 0.9943609148407758 0.9920136885294926
220 6.160897283964005 1.0037037072386754 1.0067769040766097 1.0091660399152727
469 0.43692288294187165 1.0011366735659344 1.0017980337186756 1.0023437603124017
344 8.115398034140526 0.999448689290759 0.9978584276253636 0.9955854205592403
980 9.034751535687974 0.9984759667199261 0.9968260383385253 0.9956075009977685
345 7.634197135144859 1.0018864116682222 1.0025015087944034 1.0025640896463321
601 11.553384158234621 0.9948758751229276 0.9918652680053551 0.9896344084636443
221 2.1321813709691924 1.002972915452299 1.0049642329018074 1.0065164658993653
113 3.540263111985041 1.000883017006451 1.0031316592254718 1.0054328682212603
346 16.181928590953248 1.0065027639670632 1.0124189766886353 1.017912928344918
602 1.1294029191685695 0.9996610275417129 0.9995690943988335 0.999500999793007
981 6.941865484799564 0.9895263564159323 0.9827870409083544 0.9778160019515298
222 4.65992041132813 1.002694184200819 1.0053323887373544 1.007866523948938
720 4.481105306824247 1.0095044969191964 1.019807494501029 1.0296485238791844
114 1.6819968704585335 1.0004136593292674 1.0000506087606311 0.9994732537977163
347 5.287921490566077 1.0066212644474755 1.0125287019932192 1.017815312845599
982 3.0572388928212604 1.0036468244184031 1.0071016346293746 1.0100918742624223
115 0.41124572172520857 1.0011619657143294 1.002221108979471 1.003173610851407
721 8.280796903780356 0.9986194994705078 0.9980269140675074 0.997913707616501
603 6.935977550539974 1.0008807217824294 1.001422437103002 1.0014616561293266
857 0.8282547865164815 0.9952626959252378 0.9919660151351286 0.989717311037935
983 0.3856175715682184 0.9987717125957253 0.9977773883432053 0.9969572499606182
470 4.982107929317863 1.0035689239405312 1.0084804305068353 1.013709861902721
223 2.6801550163345382 1.0088773457285767 1.0161035559886933 1.0222362602634354
348 4.893203400764833 1.0149668568203183 1.0277455891942953 1.0389810160919233
604 6.153643449195442 1.0036576390081267 1.0066579126276924 1.0091121041009603
116 1.585394079933394 0.9997594111767445 0.9990587729467084 0.9982151253104565
858 6.326001717241525 1.000288521554417 1.001239628002308 1.0023424851278115
224 1.1795209087067633 1.0015642143944206 1.0034766118620913 1.0055397848537548
471 0.35718798833295295 0.9993492302518753 0.9988775411839591 0.9984635741255238
984 1.3707563093448698 0.9994591251552333 0.9987243809365302 0.9980514968901201
605 1.8645232513681549 0.9999134776838147 0.9998318115943866 0.9996402911697012
722 4.198419695823759 1.0025186882443904 1.003800958961617 1.0046836354734792
859 0.41705749072025355 0.9995689731234615 0.9993408432099041 0.9992522667726599
349 1.6775620716598496 1.0034519585325798 1.0060638315316024 1.008225047100068
606 1.2641288707582135 1.0010506784507365 1.001695640044325 1.0020416842492186
117 3.3571716408860084 1.0061689067943111 1.0116243024205325 1.016504249665067
472 6.173114195673406 1.004234461459185 1.0078179430207868 1.010926328194229
860 6.9755524252323085 1.006853004652651 1.0135413395525452 1.019499920804224
985 4.284159114084105 0.9969898907314516 0.9944286334573026 0.992177140242801
225 3.7368681561802077 0.9973820156132469 0.9940441995771993 0.9907484603426852
861 4.276951414447467 1.0008393319658215 1.0025898949077712 1.004751454576199
473 4.91497711057491 1.0040769330660608 1.006481114780573 1.008152311234484
723 0.25713335542968707 1.0014251087530728 1.0029187899111132 1.0043431632577597
862 3.3092044686436566 1.0011844133204273 1.001602674200773 1.0017448111467862
226 7.13578034042439 0.9975904982086791 0.9962858501415229 0.9953547373272088
986 1.1132545729251433 1.0009734628488365 1.0012677571672572 1.0012022354468626
863 3.4663066090615757 1.0000879747263691 1.0004983196937147 1.0011080923891589
724 0.7094977211872902 0.9990458973389788 0.9989608961704474 0.9992022432380439
118 2.7017337680481432 1.0034391848082522 1.0069987892141796 1.0104033437761746
987 2.8874047848694318 0.9992802061772424 0.9986067383245232 0.9980899930873789
474 0.8523132913542213 0.9987413892334291 0.9980522850910286 0.9976563156841224
607 3.8782087768449856 0.9944423452318072 0.9902755459214884 0.9867310168296304
227 0.905809261583272 1.0023870668786474 1.0046736549475797 1.0068076232414112
119 5.534966593451827 0.9982105093487478 0.9966183967960711 0.9952798312544756
725 2.2679225301726547 1.0016059704680098 1.003999791734138 1.006363940076899
350 0.4746576122925035 0.995363162903908 0.9919025720892872 0.9891878219645478
120 0.3150155353378068 0.9997533481222334 0.9995223745837276 0.9993757102975198
608 2.1267162736276077 1.0047158310930315 1.0091254911103453 1.0131155911392733
121 3.101980933550294 1.0007831022728073 1.0016778556637593 1.0024456765500425
726 1.0010187996140303 1.0027048253275896 1.004765033732002 1.006362339380365
988 1.9869367062929086 0.9942345065411817 0.9896870448479242 0.9860506047042351
609 3.996471151674996 0.9970765333321495 0.9941344408407202 0.9913262016116843
122 11.343863844193038 1.0000861708097157 1.0003413344486405 1.000887169535382
351 2.77544624208349 1.0013014244995622 1.0016251813410726 1.0013145587668246
610 4.198805277803331 0.9974211219684496 0.9946360099317072 0.9918480601683829
989 0.4827272572056245 1.000528805954248 1.0009455455267184 1.0012265197691803
727 3.5336593389984046 0.9969405001465258 0.9940737098523915 0.9913746187461975
475 1.6039407670996297 1.0087181312767057 1.0169703502781815 1.024328658707855
352 0.1962598570589762 0.9999474036398551 0.9999457602436462 0.9999281893160298
228 4.7749723144115706 1.004420286333537 1.0089190985295386 1.0127324468850707
864 0.1301658992033481 1.0006758204739632 1.0015537122373035 1.0025088544356606
123 2.0450467383216164 1.0008724352136364 1.001599652089389 1.0023875324183984
229 3.190057663285188 0.9970868174378624 0.9943876045118263 0.992079898092294
728 3.970241323568189 0.995852483952988 0.9922442162264501 0.9893071583826215
865 1.0766807047166367 0.9982216468754233 0.9967918674630406 0.9955136188533763
611 0.4084395541667618 0.9963769299317786 0.992873442743697 0.9896040305748937
124 1.782320980231816 0.9967551037726541 0.9939323281495605 0.9912957020245811
353 2.8428576380920276 0.9981081531392891 0.9975531507637578 0.9975763399033223
990 0.9040860218538 1.0037146167343436 1.0067294215107134 1.009388455949881
729 1.2416703477683768 0.9951621573101014 0.9907784413212775 0.986921266552646
612 5.5448262505742605 0.9990804228923985 0.9968981530421166 0.9942440097278276
476 1.1426876159530366 0.9995570466521849 0.9992376965421204 0.9991637838822665
125 2.1225168929358915 0.9971937806267079 0.9951331065507081 0.9933725173380544
730 4.401172637177297 1.0051833277681232 1.0094744685867474 1.0128378226825117
991 4.315286676215692 1.0066107022776705 1.0115210211207974 1.0153745778358576
230 1.211807597990628 1.0081394388021525 1.0148724114036605 1.0204187740123245
354 9.65187781925124 1.0248856287141743 1.0490742354759122 1.0703235173236354
992 4.099795544885637 0.9977965295652963 0.9961182996483386 0.9949341984565697
477 2.815291971695842 1.004773682809047 1.0101020863822303 1.0153349433572478
731 1.7815628625176032 1.003021555203949 1.0048952113100262 1.0063756701454845
231 5.497974591933598 0.9966310096620254 0.9943174222668176 0.9924899185549865
355 2.6577420436915418 1.0042393915535786 1.0073903272781672 1.0098764690684203
478 0.1007539227612142 0.9993676774222215 0.9988496519584686 0.9984153536800754
993 0.5287868386822083 0.9992920333200958 0.9987057830804187 0.9981668852287863
866 3.0483765859771665 1.0156452406946377 1.0289316642784643 1.0401753855875904
232 5.044602563757508 1.0008508934021656 1.00185485598047 1.0029870069316686
613 1.9398470610685763 0.99352873986788 0.9874778416655178 0.98173074037331
732 2.0919562801427674 1.0031211636679793 1.0051961361591526 1.0067121399773822
356 3.088248432479304 0.9995564859053659 0.9998305574520749 1.000146347866086
233 4.480342046506848 0.9974891965458483 0.9953509658838686 0.9934198952551608
479 0.5609758806731406 0.9979299872861948 0.9958589980001825 0.9939493651935605
357 0.37607304363882577 1.000507029660389 1.0010414656934605 1.0015894445914977
733 1.3966986475697922 1.0045471173430895 1.0081920782470937 1.0113319890370196
867 0.1346843415121839 0.9998453457981952 0.9997717811207505 0.999842808397187
614 3.911958692338885 1.0031917738577927 1.0050570316685639 1.0064296974741032
358 1.0500098385036836 0.9991404986274567 0.998757348296936 0.9985314215063137
234 2.008881625288268 1.0001593676393254 1.00026030497752 1.0000736123176186
734 4.583291249531612 1.0024518268045681 1.0046798127575387 1.006737842687643
994 1.1302403952540772 1.0009513408776611 1.0025418868344926 1.004309924822437
615 6.626969699595065 0.999489409307523 0.9995022768169454 0.9998246700181349
359 2.819422414573637 0.999865606201605 1.0001172913386187 1.0005721751350902
616 5.579579121655115 0.9991041836581803 0.9984390861020724 0.9980802220124303
735 5.834541075937523 0.9961309185215055 0.9930697840157524 0.9903895643213385
995 2.4648863804923167 1.0013193551272066 1.002982097118372 1.0046118742011678
360 4.835081340641409 1.0028162861886174 1.0045445874548629 1.0057167440981287
235 0.7101856676890748 1.0018868687977696 1.0037841401210867 1.0056861273257376
617 4.681682854103201 0.9955440365344664 0.9916432922647992 0.9879698405778723
996 2.524757101195064 0.9983039126144345 0.9967174467883417 0.9951775821453823
868 3.2507904448011686 0.9974218455127408 0.9958135671490103 0.9943071308322334
480 5.697198813071736 1.0056544859123817 1.0071234676156124 1.0065553435916126
736 1.467711339933885 0.9990770952503529 0.9984002132496085 0.997747065506117
236 9.195573463590335 1.001843344428017 1.003659343512884 1.0055057552070161
869 0.21411579493906174 1.0008996640251997 1.0015374854084265 1.0020432556730847
618 1.7726975302848587 0.9975126382093815 0.995888592843211 0.9945815774116004
481 1.4857729636678414 1.0007946162461254 1.0018641737010303 1.0029777205438728
619 0.046499134943587705 1.000021622265814 1.0000893785010214 1.0001638493973253
361 0.49810925597921596 1.0022864438516785 1.0037378704724749 1.0047327687763226
482 1.7648998571530683 0.9992161207255085 0.9982779118595002 0.9972925102095225
237 4.983863866284082 0.9965907568359809 0.9932205481339659 0.9898819820022601
997 6.2219113455921615 1.007102158414135 1.010972584919477 1.0130571591554165
737 0.23860759719536873 0.9992128141560808 0.9986021160844338 0.9981832354527379
620 1.1114607138897554 0.999972799985057 0.9996229412866761 0.9991929111675713
870 2.1031207395553793 1.0032575604535985 1.005968728182819 1.0082536805180695
483 1.7696332351370074 1.000208218298448 0.9997930457803251 0.9991718116402479
738 1.8747230997687439 1.0009479376136752 1.002242749678971 1.0035841609996923
998 4.867599701925428 0.9958810744667512 0.9913675627157272 0.986905704419318
621 1.804856196637047 0.9968940670731286 0.9944622477009384 0.9923629290905988
238 0.8207782817644329 1.0001452350271631 0.9997161663135171 0.9991510268321805
739 2.6858505855871044 1.0054604734384571 1.0102383347157329 1.0144000147772343
871 6.285059440999248 0.9958307203380187 0.9926470470717619 0.9898192730249544
999 1.507992979397386 0.9957843235673954 0.9923723173907141 0.9894568836704205
362 1.555968158350879 1.0004648372857545 1.000976491799707 1.001221504218707
239 0.5890248493778927 1.0016256982697584 1.0033250435753036 1.0049937632636017
872 2.9732210887141264 1.0015007773159814 1.0028682024602382 1.0041767013457237
622 3.913160901372976 1.0007422501405752 1.0015478341816118 1.0020161230357536
484 1.8337443202035502 1.0085347395752504 1.0157309582470992 1.0217022351801226
623 2.2274382283740124 1.0038574376638865 1.0067029095531053 1.0090365201352873
485 0.366097242833348 0.9987575939285706 0.9976024870654774 0.9965866850897571
740 5.452687565222732 1.0033078132337043 1.00920849730605 1.0160952765211144
624 2.3698956391654065 0.9999480906647021 1.0004726147916065 1.001108869548517
363 0.6585707766025735 1.000489129925252 1.0014347767801708 1.0025648438661359
486 3.493300649222874 0.9997385926627769 0.9993367606442237 0.9990287393352202
240 4.246250656166012 1.0014538763633873 1.003332517971104 1.005572258510137
364 3.781343937604106 1.002495560814348 1.0044636325577145 1.0061277489562817
741 0.9183647682930314 1.0003998006608312 1.0008272212315914 1.0012947697571624
873 0.49149416148611635 0.9979485715880128 0.9955621090779706 0.9932888555524236
241 0.5172668247578258 0.9988594863199325 0.9976264801248089 0.9964590114634635
625 0.6512009858797683 1.0018497832687143 1.0026805974381638 1.0031406802612464
742 2.4253108000430075 0.9966051173874955 0.9938193206544915 0.9915542971135249
365 3.7046756965610257 0.9951960585133631 0.9936135858550902 0.9930958123223017
743 3.4989831965212943 0.9997014693214151 0.9990165550311545 0.9982585504622357
874 3.4757911969772977 1.0083635553914108 1.0164811692271876 1.024311586444964
242 3.9074191769977915 1.0075407276211885 1.0135144995058933 1.0185908149002936
875 1.5840819047989498 0.9988662625280377 0.9984495146564494 0.9983256384933098
744 0.632376790546914 1.0023415028705929 1.004452351855927 1.0063339462859968
487 1.5671474156806653 1.0118692057587417 1.021734128644532 1.03005158298865
366 3.153634577200137 0.993674526972937 0.9878942237801035 0.9828650137486302
243 0.8904281383584021 0.9987683263341643 0.9977337758004406 0.9969278453800308
745 0.23793093581480207 0.9999014040727746 0.9999645127816198 1.0000572445528944
746 9.247030365482715 0.9952792435600215 0.9913023512616893 0.9878119067584611
244 1.240611731827812 0.9972984094059684 0.995018487202994 0.9928710681769307
747 4.055164777042592 0.9968002149519595 0.9940705405104138 0.991591758831589
488 10.166569845609047 1.0092881825227937 1.0184386022924645 1.0268850148633064
367 7.335250677702788 1.0046504416535413 1.0093549616833846 1.0139530661900176
245 3.0925528611405753 1.0099136990052435 1.017988931376003 1.0243438207961062
489 2.041963011653934 0.9962623950357147 0.9934513846715708 0.9912312254645318
748 4.509509506486211 1.0073356787859347 1.0137024445677572 1.0192584740337791
246 10.398099397143596 1.0051931063553252 1.0114239008209425 1.017819548689308
247 4.934702927395847 0.9999598064915493 0.9984648462584874 0.9966571629024951
490 3.316669393894699 1.010920625084933 1.018735970425307 1.0247614367588194
749 3.8804434285084426 1.0061247414915828 1.0111427717650194 1.015572892641182
368 6.155311015880216 1.0132166610104771 1.0218554118381422 1.028272949675533
248 2.375575433094127 0.9982578465140006 0.9970550996365728 0.9963803434291849
491 2.924564832579563 1.004432736064717 1.0079448330423986 1.0106724340347129
750 2.822618739157406 0.9982464464505528 0.9968837436765151 0.9956450932113673
369 1.1615457788138883 1.0009535739453426 1.0020228860017408 1.0030815828981805
370 0.6112005540999235 0.9997912289252914 0.9996753846201016 0.9995488338329084
249 2.4896875899521547 1.003986489576818 1.0079907283176213 1.0117677532102578
371 8.920790116957505 0.9936042615495537 0.9877341824828029 0.9825541266489617
250 3.2034851260432333 0.9991764886093069 0.998182851398575 0.9970381991647342
492 0.4128234476884245 1.0000541396244622 1.0006947580600059 1.0014846092510246
372 1.421555069860915 1.0027915450399152 1.0049909041072274 1.0070554555393558
373 2.7814786915114382 0.9901109883776671 0.9819623081963101 0.9751957732227815
493 2.3628682870130433 1.009280134017457 1.0175032197853828 1.0242737142920963
374 2.467324861741872 0.996548726470253 0.9933561520794095 0.9904120184763943
494 2.609491552104373 1.002245379448563 1.0035963161330337 1.0044326872837803
375 5.493548593805826 1.0000017065553917 0.9994591081730201 0.9988813260206878
495 4.041440908120421 0.9906338354397187 0.9826217277656705 0.975602855212125
496 3.555517175094792 0.9962649719588507 0.9927906959018249 0.989567976254669
497 9.205122057735935 1.0016328724508659 1.003833520510605 1.0060793594654467
498 10.70410470353454 1.006223747319398 1.0102906323680707 1.0130871284520655
499 2.4011353467958543 1.0000395103837414 0.9996111561631251 0.999067977335552
500 0.925999586321268 1.004866021275246 1.0093385475007666 1.0134959545753004
