751 5.032495930416189 0.9998742923387364 0.9992180788239041 0.9986001891179361
376 4.015924724069919 0.9960978054989916 0.9926556349954971 0.9896449357382998
626 5.901069755263961 0.9984290974361395 0.9964693643780778 0.9943198792883629
126 0.3872742464100156 1.0009758029994902 1.0018700072793647 1.0025693395278796
377 4.340664067909529 1.005716766927056 1.010488994490159 1.0145219078646335
1 1.039159363044746 1.0020739512685146 1.0029694125710793 1.003435949411369
752 0.6812127884495567 1.0019010838748763 1.0028467491655373 1.003312064503432
876 2.693170405626006 1.0029141508138524 1.006500001709293 1.0100979134781018
501 0.5825159413343499 1.0042367358954034 1.0068858263017935 1.0085305720037798
627 5.774657829226271 1.0043528757521978 1.0085345185323091 1.01182437640589
753 0.65478167447327 0.9994601400236072 0.9992640200459586 0.999308726302077
502 1.7638114165038132 1.0012789263419624 1.0018201223439127 1.001940524276888
754 4.321063798899559 1.0003515533295224 1.0009597228284768 1.0015311644461629
503 1.509212532922902 0.9978038018628457 0.9960439969318862 0.9946346346654968
755 5.170485981379898 1.0022447168438051 1.0039830778016798 1.0054365287319431
127 5.786611199269828 1.0131608593449268 1.0232980876357205 1.0311638928976519
251 6.9384323365720775 0.9886271335713782 0.9791555502701121 0.9714172978826836
504 1.1184828465175087 1.0017568867922564 1.0032451762590915 1.00448944080399
2 6.887923652011523 1.0091265586692886 1.017109931161069 1.0245057868561884
877 0.24708725439086265 0.9999421930412161 1.0003264006385193 1.0009098534947662
628 1.881553875251484 1.0013044109676574 1.0011096553736634 0.9999511323292862
252 5.980565897618362 1.0003706213214192 1.0012177164101883 1.0026648576133872
128 3.2144203705047403 0.9953973789422418 0.9923741239055109 0.9901846469488823
756 1.9833624120619788 0.9994558295472529 0.9993544673505549 0.9993166043982823
505 2.5913198552498216 1.0082289928869612 1.014737138052657 1.0202257391750678
378 6.963897790667033 0.9902318796640892 0.9848192835489218 0.9816804086323342
878 2.025928397635653 1.002482921399573 1.0053261771388124 1.008210702107775
757 1.005557980210142 1.0012106514505585 1.0020466055865402 1.0026617594915694
129 5.30320656188087 0.9932439801907107 0.9870313548749552 0.981432382159564
379 1.2336359721521148 0.9981895867956809 0.9961355597467825 0.9941136088459808
629 0.34892432541164453 1.0019488778897954 1.0038702899667886 1.0056828912767133
506 2.0335595524193195 0.9981996393168283 0.996111489971395 0.9941281885217501
130 7.11426193803527 0.9977320685137195 0.9954790221269523 0.9933852713269381
253 2.8235180443589343 1.004389736073364 1.0066615159707135 1.0076376001720921
879 1.5008793410561339 1.0035542599635503 1.0065110455910473 1.0088457941109112
630 3.784817807318177 1.0036712873789158 1.006650124084985 1.0090534094960277
131 0.1822436546899553 1.0008663018765565 1.001594631782978 1.0021637462789825
254 1.2277915039576328 1.000163808191055 1.0006673528085253 1.0012951139969475
3 2.584439671383734 0.9959297015936421 0.9920942942173555 0.9890241830670611
631 0.73581119589835 1.0004389026864668 1.0005926934695293 1.000550222330098
758 3.7277049605127104 0.99795656001745 0.9953165512474642 0.9931656808702238
507 0.2937625889553601 1.0017985166490282 1.0030761882149746 1.0039594583214528
255 4.483943187758996 1.0001401804797474 1.0006861480629305 1.0012161320329385
132 0.07131531026607263 0.9997048749173043 0.9993926945114323 0.9990631561141556
256 1.00236779388797 1.0000185197335731 0.9998452368232906 0.9995985197840173
632 2.586796154442709 1.0006493266138103 1.0012838351091922 1.001691694520951
4 1.073835625733409 0.9995423773815071 0.999368728385861 0.9994575360069055
508 4.206759680428149 1.0044274976752334 1.007939897460772 1.0108352425054419
880 4.000405610961025 1.0030333766494417 1.0067197682960212 1.0102642377133257
759 0.9833713518291916 1.000144862351833 1.0005903924728636 1.001287845756478
633 1.6061180494471046 0.9989521066517859 0.9980941250648645 0.9972772773948647
380 1.7110295932106965 1.0130698377556633 1.0236275034330136 1.032372878048753
257 3.743753422560985 0.9988023112365456 0.9968963453030432 0.9946091408362819
881 4.014531300132148 0.9955990284363095 0.9919622612296467 0.9888527501618783
381 1.1976006191489432 1.002631396338081 1.0046310224064328 1.0062644293589165
133 4.661969879471144 1.0052726269673724 1.0115755224039809 1.0178645149321583
760 1.3025696289660118 0.9973308909537462 0.9952336534713346 0.9935231009417661
5 9.061670957651586 0.9962007921441316 0.993579309873808 0.992131326213513
509 1.002889248131396 1.0038328566236303 1.0059027737529924 1.0068617171893823
382 7.022436689960159 1.0006133224108504 1.000537484059698 0.9999498495930624
882 1.9658189316141943 0.9992129960466296 0.998808837237645 0.9983998615782339
634 2.0943699498384376 0.9916983996115999 0.9852249920596008 0.9799620276587322
6 3.5453764076082734 0.9971050088131286 0.9958952594618327 0.9957599097779272
134 8.76045441909082 0.9987907082254665 0.9969981374578368 0.9953692488702248
383 2.78664798428872 0.9972541891580092 0.994766700052717 0.9927468841213603
7 2.114155635386851 0.998514249632387 0.9969513621546915 0.9953727200885218
510 2.2440822671323986 1.0023049529832098 1.0035939952352042 1.0041270598328156
258 5.44879529386526 0.9886908593768712 0.97898991506294 0.9705245002884744
883 5.261084052221122 1.0072608594195254 1.0136526691721044 1.019294933140952
135 3.692560853512987 1.0093406374143894 1.0161396159941847 1.0211011287527632
384 6.3106679949232785 0.9929598255772616 0.9868339428879123 0.9815136817393321
635 3.202820943961342 1.0044962420285972 1.0097878800338422 1.0152470140942356
636 3.828789529570713 0.9996628762431455 0.998893802127477 0.997896726236929
385 4.7186223636963405 0.9959721809687331 0.9927391219897908 0.9900848519407216
884 5.989927659436944 1.0066326071952287 1.0124890002393463 1.0177987309359324
761 4.270068587748028 1.0054709378947562 1.009972742401818 1.013287800354536
8 1.2613650578423403 1.0092137495402942 1.0177310675539861 1.0252451800002844
637 0.012472571805119514 0.9999358360284869 0.9999375954962014 0.9999807894489812
386 0.5248803669474 0.9977375498716625 0.9962959731400876 0.9953382478808758
885 3.2539036385878717 1.0006429715430831 1.0013063627072163 1.0017530746734287
511 3.137060956683854 1.0110558382785308 1.021007240582128 1.030099364596007
762 3.345594338923547 1.0011112572982999 1.0015103604063924 1.00143290544067
259 0.3242450755460595 1.0026425022018377 1.004483601300569 1.0059514443537145
638 3.148560529210954 1.0025700273362546 1.0042792840697905 1.0055570998518883
136 1.2981761159426242 1.0038325643131214 1.005894057806843 1.0067509009559563
9 8.403058520221748 1.0079453739006687 1.014120440524486 1.0191386963192783
886 9.322744960551063 1.0020956544418345 1.0016537059802524 0.9997949513156147
763 0.2209521409295121 0.9992558632432283 0.9985770924612744 0.9979031079074342
512 1.6399633301789436 0.9994590402849151 0.9991781860230246 0.9992077747010737
10 5.792332124683526 0.9996613943977898 0.9986216560369376 0.9974740871988358
260 13.027450046860395 1.011931073228824 1.021611805044721 1.0294042853665784
11 1.8847438891280035 1.002094962580762 1.0033196168942922 1.0040529796089228
137 1.9814232474109303 1.0004743258324935 1.0018233250809232 1.003603814596975
887 2.3501593858836713 0.9993615995774879 0.9987109478619327 0.9979377864429412
138 2.3685151909176057 0.9984811185739413 0.9976305986967426 0.9971401301681239
261 4.650389030121005 1.0045751275700372 1.0081711054798712 1.0112047092694196
888 1.1738606579365296 1.0012927242023244 1.0022318401589776 1.0028484983130517
12 2.614449329697891 0.9971394603211853 0.9941627884161939 0.9912363553809204
139 2.8635191114226473 0.996419068294362 0.9933274122994556 0.9906143474890211
387 3.6443540021718945 1.0096660636445771 1.0181142910234298 1.0254575505469605
140 4.81755435908417 1.0036179688095288 1.0070189497564672 1.0103972449150134
513 0.9348789918458351 0.9948455102939526 0.9906059555520954 0.9870718405899684
13 0.36847558632143773 0.9970872153874947 0.9946095993275487 0.9925188970241983
889 1.0086251656139211 0.9955088535717381 0.9921813461500005 0.9896593682690229
639 0.34069733629075927 1.0010445066501907 1.0030182009901811 1.005184988152648
14 4.983677445878129 1.0003125832372473 1.000629238270739 1.001068317407406
514 0.971361502106447 1.0010578463747986 1.0019332927783215 1.0026775644270765
764 1.5177232499972888 1.000035615698244 0.9985557580370076 0.9967593887496854
640 2.7362683618976007 1.0022872974010784 1.0047509937374928 1.0070919069502517
141 3.701709501352525 0.9976322686487193 0.9949390003120464 0.9922013173286198
765 0.384305751791544 1.0010335813713798 1.0018459098714638 1.0025043680719294
766 0.6963959515123861 1.0008349450882736 1.0013257261060502 1.0015419382105655
15 1.307230972814068 0.9966075389224236 0.9932009862757722 0.9900477578784929
262 1.2497840222549712 0.9964020217513807 0.9951693240589825 0.9951443341674995
515 0.3231636523396446 0.9973171721787834 0.99509995283794 0.9933951752906226
142 2.986910852010624 1.003353514483816 1.0061199638354725 1.0085189783676378
388 5.0160251271208836 1.0137372313782833 1.0250458415591117 1.0342945569466815
641 2.794116707129433 0.9948898939057159 0.9914965110743154 0.9894602035651064
890 3.285211709617215 0.9914143480230565 0.9837744536635354 0.9772324708915009
16 1.535086682286419 1.0005929517498828 1.0008764348185815 1.0009066518167122
767 2.867029224484213 1.0006819842541714 1.0014148946237653 1.0018931402280242
642 2.0587499921530252 1.0006392343085135 1.0014187215534918 1.0022771371369676
389 4.983858591212993 0.9957128209222024 0.9921881925247941 0.9893829416512657
17 4.290677544804566 1.0056731359387634 1.0107551907809924 1.0151267360054337
263 1.445312628920874 0.9945661651564575 0.9900182835964134 0.9860612199082431
390 2.069412957120221 0.998730415837527 0.9978223263084353 0.997141878806558
768 0.4166833993367618 1.0006633214147584 1.0009951114185613 1.0011809007279
643 2.9956799207830045 0.997738283202232 0.9959485338478699 0.9946889455773266
891 2.6532997235080984 1.000535091342266 0.9997236988906876 0.9983686604817065
264 0.7959606007007096 1.0010277984262272 1.0018538034831064 1.0025734987977777
143 8.114255322878307 0.9889685667020847 0.9800903272119941 0.9729149779041139
644 3.874982036652 0.9971212672542146 0.9952337636345856 0.993958176188945
892 2.7709342086254765 1.0032132912858454 1.0063757143069532 1.0096289290223674
391 5.199348512756842 1.0071318444417272 1.014404023946229 1.021358562719964
265 2.4226329476641695 0.9977122754930267 0.9964780972174117 0.9958469477170234
645 1.256908488807312 0.9987008378416353 0.9977524132181144 0.996971466263377
769 0.08335027821885888 1.0005320827737376 1.000838369154484 1.0010562109086556
18 2.0592258468823275 0.9968492907272525 0.99320950318859 0.9896818280133144
144 1.0374518026146688 0.9996479536981894 0.9999095529519791 1.0006732407351018
266 5.202585653776623 0.9891071892572857 0.9792875503920422 0.9706336842822021
392 1.1458324190698477 0.9984963347097963 0.9976538127315292 0.9970757950781697
516 0.9422266010224121 0.9966279865298368 0.9963279395246596 0.9973856002459248
893 1.6393943717066577 0.9985143627597722 0.9980598858707329 0.9979057335593765
19 2.6093059047634597 0.998182177635727 0.9959285247273536 0.9935196055099211
646 2.5729325785214314 1.002754652446059 1.0041973328378855 1.0047393551218884
770 1.6861026069564105 1.0080364101198533 1.01476996118794 1.020562148326672
517 0.7120308128141914 0.9978548603232476 0.9962026831729438 0.9949498582882211
894 0.19498132322041783 1.0000862621465494 0.9999764920350364 0.9998214214646461
393 2.017166329220345 0.9984304195956758 0.9982291947741841 0.9984821358281134
145 2.0560461679124273 1.007328950663894 1.0138131052782897 1.0192103707527103
895 0.6715330756815092 0.9991228638647548 0.9982738860237641 0.9975405593586204
518 0.943641103705886 0.9983268506420955 0.9970961945690486 0.9961297689000471
771 2.078440979563311 1.0003940961479552 0.9997380848360662 0.9986463057440216
20 1.4690656021866744 1.0031315983474935 1.0051997758787057 1.0064685218967093
267 0.723892840451299 0.9980730820269313 0.9971390535545946 0.9965373240361699
896 2.408372566122125 1.0066016998977794 1.0108808327241023 1.0138504923250429
146 0.5538150693337229 0.9996953583752161 0.9990367301914455 0.998205079574097
647 2.245199960858372 0.9973643308976777 0.9962036932670136 0.9960159193789144
394 1.020481619401835 0.9953024759568673 0.9910632691056165 0.9874275358505084
772 1.8977945323622407 0.9961779989800554 0.9931642731454597 0.9909188799283628
21 3.8636233115212235 1.0038225551993665 1.00691529787672 1.0093702732531757
519 5.438026002615516 1.0050261348684142 1.0099751019529373 1.0143492371429306
773 4.453174413916713 0.9978888150051268 0.9962522119374982 0.994755129230065
520 1.529641878698385 1.0029378545465812 1.0048274029647448 1.0059638237529644
395 1.1851320232162834 0.9949808270477459 0.9910115613842716 0.9877945306099642
897 2.1575314831479773 0.9919990111742656 0.985899927797926 0.9811269656284884
22 1.5022044547167752 1.0030169730340157 1.0051692258447829 1.0066093392923465
147 3.22573500123508 1.0062857833278893 1.011463286342344 1.0160178303358727
648 2.206803963295897 0.9958667155861339 0.9922064616917109 0.989164512338678
774 3.8921283164945635 0.9985565972195052 0.9974496876299148 0.9962095219211662
898 2.6813547984893376 1.0013336830459456 1.0025137608660553 1.003540695071784
268 6.0555346733635815 1.0134017881981847 1.02366078255033 1.0323170728185904
775 1.7143222359209176 1.0013108287547474 1.0024375738570113 1.0035124090173981
148 1.5572031904557662 0.9986609098687741 0.9967596132308958 0.9946904122739098
396 0.982058057872564 0.9999017446051918 0.9997418912459616 0.9994248058148923
269 0.6807032970100408 1.0007761783788418 1.0011211764358827 1.0011882297783559
899 1.1852341236299253 1.005112511309456 1.0088408390799266 1.0115932378813168
397 1.1364741099168896 0.9991204865197094 0.9989244147841482 0.9990069253647156
23 1.2285262577242975 1.0056195030108674 1.0101066796795708 1.0136579766359801
270 0.7078927456877864 0.9989974289722268 0.9984625976338785 0.9980683326336489
521 3.7660064058400167 0.9935455645704622 0.987421006006626 0.9817310826900423
900 2.8267803840499255 0.9970085175217033 0.9938614017061693 0.9908817141449779
776 8.047952077260561 1.001756066804038 1.0039282648885666 1.0057418024705287
398 1.3566966061807761 1.0034248168690667 1.0066015138737971 1.0093185597540693
649 1.4994282501302223 0.999094733413867 0.9974149493448231 0.9955342302753375
149 3.435958498823311 0.9909550739883254 0.9841625926725533 0.9789172459525918
24 6.113094918933712 0.9929875035183585 0.9875691398313717 0.9835122288071577
150 1.8975167441312806 0.9997405322950224 0.9992355476191597 0.9986899330050892
901 4.241414926820653 0.9988913611851051 0.9989577449779504 0.9996580426327699
522 1.1306662764709472 1.0043891509966687 1.008765306624918 1.012843405588541
650 0.11612198276634444 1.0000797706212403 1.000067770409216 0.9999704220111325
25 0.3586228156236757 1.0017135550892333 1.0028366080244944 1.0036046124630562
271 4.711546214317423 0.9971200134835189 0.9964513865919506 0.9968379155240966
651 1.7562783839130134 1.0013113612037088 1.001834192073832 1.001935922586548
777 1.1664771528940037 1.002496598251667 1.0049055543173604 1.0069836207558516
272 1.640481253465623 1.0004520915658621 1.000928508274318 1.0015036853576735
652 1.6648168885803898 0.9991589938424327 0.9985996891632151 0.998121306048166
902 2.132229134118461 0.9942215167711203 0.9894657510643814 0.9856083465352048
151 3.1070404266974947 1.0067227830981407 1.011399798674041 1.0148234619286318
778 2.8136061526056437 1.0000385078524539 1.0006824888968144 1.0014863542742423
653 3.7861693737813766 0.9996135366538533 0.9992862143486263 0.999178348673865
779 7.062308339480296 1.0002634408295974 1.0011332208503456 1.0022448468900578
26 3.709186538031645 0.9912450004651018 0.9835693820932605 0.9765461086317753
152 0.45523047341885103 1.0006398936841756 1.0016392545451895 1.0026785210825035
523 1.0539284444403165 1.0038524011440266 1.007495515691355 1.0110183654198064
399 0.8588925268195453 0.9992248423376697 0.9996670967435021 1.0004324098666186
780 2.579975375885624 1.000265452283832 0.9999310501252101 0.999274556597349
273 1.4756673339252302 0.9996158229987595 1.0001443804974135 1.0009711904879262
27 0.2427053378050914 0.999905119822144 1.0000299318564851 1.0003021390196467
153 7.9019839341744955 0.99894838723329 0.9989956214760215 0.9996102890917524
274 1.9169759214146325 1.0018345217173656 1.0033393420025045 1.0046612990358585
28 3.2381277234017034 0.9965221848768809 0.9934277466739108 0.9907943702076518
524 0.17416766257883864 0.9980166234514196 0.9965841845910453 0.9954972318909691
781 2.713357909104161 0.9954004454199784 0.9914069452054103 0.987855824794811
154 0.963618878100533 1.0000717746223766 0.9998699012989879 0.9996651164165881
782 5.584671246122525 1.0026354473211505 1.0049161305570216 1.0069074161556886
903 6.523460068325221 1.0144723241794327 1.027642757199403 1.039128342532299
29 3.8673135060798813 0.9934069811204969 0.9885358498532582 0.9847516130879123
155 0.5095338968349097 1.0011495719357035 1.0018570164796272 1.0023256936151608
275 0.9108272330504406 1.0010766304811018 1.0019164252266328 1.0027227808965293
525 1.0639086807514104 0.9996863336883003 0.9989148872187102 0.9978968378459991
400 2.595914695641113 1.00374861748595 1.0077688835307301 1.0116254642270601
904 2.9388629037603096 1.0001642312398735 1.0006200863082477 1.0011589681503172
783 0.5239822666098917 1.0012840363521998 1.0018386196084768 1.0019894275819237
276 3.8263569624959928 1.0026951045762758 1.0052867746365375 1.0076426327539125
654 5.5292670594335505 1.008950629676542 1.0167642059887987 1.0240449758097416
401 1.774596044124337 0.9961826290623418 0.9930581328662577 0.9904892557943831
30 2.4888235733960755 0.9977321794896126 0.9955707228434378 0.9936238228469303
156 1.1046462472913845 1.000388092666904 1.0010850429525517 1.0020414056264715
905 2.7088446421512344 1.0006784112889777 1.00161607860025 1.0029443711727315
277 1.7340718876566825 1.0002824409381044 1.0008870350515022 1.0014862634912511
784 4.873085150980842 0.994341249778328 0.9903650004518408 0.9872239828290567
906 2.20441107203078 0.998973696094316 0.99842442762352 0.9981488514221363
31 3.454157780552123 1.0016190375714562 1.002299220602201 1.002325472955049
157 6.650634823414293 1.0024010577717224 1.005008969418188 1.007563031989692
526 4.9172949983531 1.0029618761754253 1.0070982668307158 1.0114947337670745
907 2.9269371492955543 0.9979028776290106 0.9961051616700423 0.9944684613881334
32 0.29295347175138886 0.9976547248484642 0.9958743076799614 0.9945028763946764
527 1.0914231910483068 1.0009452065577051 1.001401715688417 1.0015556991946544
908 1.9555398488319042 0.9969642189634346 0.9945585936333323 0.9926053902968617
33 1.9680703367230308 1.0014890791892925 1.002273531683502 1.0025903771155185
785 0.7401326628478273 1.0002559721253155 1.0007288188749683 1.0011626218764131
158 1.2149664494700119 1.003134260318686 1.0053623217200032 1.0070548426871404
655 0.7232949082499545 1.0039043617305468 1.0074145188503565 1.0102884967438064
786 0.3693942164118198 0.9985661174880271 0.9973181155448291 0.9963130664732135
34 0.5006855575356894 0.9987260804368769 0.9978241346052812 0.9971848291254504
402 6.372035157708524 0.9870857285203948 0.9781286121339514 0.9719513053615734
909 2.1724651460299356 1.0017679708928278 1.0029243322462653 1.0037081677085753
528 0.6851587424516765 1.0012484109507884 1.0027479826999224 1.0043434481157314
403 2.2471378445643495 0.9989673864904732 0.9985745426749442 0.9984544670853676
159 2.5403165197203634 1.0020239994546423 1.0039778148710905 1.0059352440816842
910 1.3177228534750611 1.0008630281746824 1.0012726161676526 1.001376333714419
35 5.076347411557435 1.0053276741650816 1.0111242776523663 1.0170757158111123
656 8.08282082797632 0.9941060425553396 0.9893079586884437 0.9854771397020701
787 6.223203818231923 1.001410552317029 1.0009619224101358 0.9995244071558028
911 0.3590254268128774 1.000830508491372 1.0013431360364962 1.0016710752877798
404 4.921177102867659 1.0025416182346907 1.0044999022068775 1.0058747327024726
788 0.5943702462591318 1.0006067464581982 1.0010055734687644 1.0012248464064264
529 2.0369896443371545 0.9971892670724067 0.995430003561262 0.9941754999209118
405 7.159131312509999 1.0015812617112507 1.0028959306587604 1.0039034471028454
36 0.2075728364288807 0.9989965395476926 0.9979855987773014 0.996989708360331
278 2.41316322665989 1.0019259170279553 1.0051643548466367 1.0089850371104394
657 1.7893995613449079 0.9986408812526977 0.996955302543841 0.9949744430845179
406 1.3328571526599262 0.9984647937887744 0.9970125309906998 0.9956734746508519
160 4.287708318823206 1.0034805654833356 1.005410670938952 1.0060822183802385
279 1.4334804007976345 1.001626511676981 1.0026085711796682 1.0031756229802902
912 3.1182335174671607 1.0009653319515215 1.0027115478146986 1.0046159707469589
530 2.606445964147497 0.998378735624574 0.9966601984000715 0.9947645360726987
37 3.9695712766879296 0.9938459047332743 0.988883488059253 0.9847238917319647
407 1.2389675910944788 1.0023834459877548 1.0043256770185924 1.0059021593340753
531 3.791117873182884 1.000318869419826 0.9999292777080734 0.9993429021498162
789 0.24468760690069757 1.0023134711986283 1.0042565293779906 1.0058563377548884
280 2.0871279001767107 0.9977818591476045 0.9963601741981778 0.9952637760266829
790 3.4360348283116764 1.0022553854321437 1.003387099929107 1.0038547153242807
38 5.467357770381568 0.9951874719921355 0.9906332996633026 0.9865071266178936
281 1.0471988920926378 0.9994298733545227 0.9992592566403162 0.9993171747049894
532 2.1165691599908314 1.0004716885196578 1.0016044116591485 1.0029395593792905
791 4.565132931600601 0.998264700115754 0.9977307842672064 0.9978763584169096
39 2.6939080136144185 1.001652518731442 1.0033503401598265 1.0048597717296748
533 0.9166003297577845 1.0007395926349603 1.0008915466328456 1.000866392748157
913 3.137887847744423 1.0095766857980362 1.0184916170799 1.0261652343052632
792 1.7535024130738748 0.9980176162353437 0.996436305487677 0.9952026645872457
658 2.2855460594892065 1.0084587680125505 1.0147576071555775 1.019631266342062
282 3.3363291407258657 0.9981411758102214 0.9973273266366581 0.9970465132734371
793 2.677428675158808 1.003654637381973 1.0074107791809257 1.0108085394131756
914 1.204175222066624 1.0010561621214689 1.001269266075244 1.0010201512246504
659 1.719055921632389 0.9975114322621331 0.9955352682138371 0.9937410372586034
915 0.6861397185457463 1.0006357981865677 1.001425431770429 1.002236340649159
40 2.3791800872586464 1.0036187533116574 1.0062313352211791 1.0081137152915414
794 1.4589455399018334 0.999540854058555 0.9988337622524821 0.9981484583162236
41 10.900058069395527 0.9961143564598298 0.9928334356939089 0.9901148086773341
408 5.79874046688019 0.9937428878429241 0.9910915163759748 0.990063077249446
660 5.889100706841418 1.0003282336793573 1.0016645452457271 1.0033271167723008
283 3.723761076660594 1.0021129971682894 1.0043676333801153 1.0067239495356828
534 3.0594343637367274 1.0036707562961127 1.0064522232593909 1.0090991044580693
916 1.1052259508669522 1.0005803680187955 1.0007176777456332 1.000679543460113
161 3.302061235637666 1.007395041775395 1.0125796685495403 1.016769244507001
661 1.468969763856876 1.0002593191077023 1.0007415279666696 1.0013631398337042
42 6.117055555856496 0.9980629442475665 0.9957550000530926 0.9933685527353415
535 12.691030388688887 0.9899334125087793 0.9824439033964786 0.9767014514364469
409 2.922514080415567 0.9970374135727461 0.9954359443838746 0.9944832017877838
43 4.095696681953996 1.0006229064994934 1.0021097167830897 1.003857482654909
284 2.793515326049601 0.9966664081538953 0.9934849852298422 0.9907041229720458
662 1.9514052575559617 1.00508407737018 1.009881858307275 1.014107055454035
917 5.967238300763711 0.9944153464301901 0.9908840755638126 0.9887926298805112
663 2.062299928358698 0.9980314704285889 0.9965324678850925 0.9952297772097389
44 0.853677741573847 0.9996926499807486 0.999387451393584 0.9990047401354847
285 9.337742400110074 0.9984444878055935 0.9964353188545986 0.9942002560203274
162 0.2832846421661088 1.0030426695203492 1.0052282892514974 1.0068460449830843
410 0.7932803422972938 1.0003318769431278 1.0000616964924884 0.9995218160901143
286 3.671284457306683 0.9949543472973278 0.9909401402091685 0.9878174578334481
536 5.0891103246794955 1.0033862788286392 1.0074911224609964 1.0119494373675308
45 1.036682276868305 0.9977090944628682 0.9962712474107822 0.9952493595346946
918 2.3487873725043755 0.99051070164736 0.9814892658307017 0.9732456234008495
46 1.60641120344917 1.0054783861418664 1.0105491864951366 1.0150629243398674
537 1.546700734699698 0.9958567510164031 0.9933312009099695 0.9919751367456815
163 3.3037090175312187 0.992627591322647 0.9870517677400282 0.9823775506396855
664 0.21651032523004687 0.9988322439502105 0.9977068770592082 0.9968491567191357
538 0.09343850368168205 1.0002304779494886 1.0004777690979516 1.0007147056804444
411 0.7050498094613431 1.0049241875814554 1.009543157373334 1.0136114257499482
287 1.7125199206293473 0.9984677555754218 0.9965246789859789 0.9942232967898111
539 6.5948373608407564 1.002184903282365 1.0045255384467915 1.0068397565761098
795 2.3329045109221624 1.0247463795731178 1.0458401108837825 1.0634665655850113
665 9.09240816352576 0.9947280566418057 0.9891122926394523 0.9837191727461131
412 2.530924153055821 1.0041873885176833 1.0078959408462653 1.0111224635636586
47 1.2511518057344801 0.9931735515369388 0.9882113783562749 0.9843470743753511
288 1.3310300208631816 0.999932619406812 0.9992086255189028 0.9982988260495063
48 1.1536839823947957 1.0020911299272024 1.003897514296952 1.005438843533427
796 2.023112388651498 0.9960953774467783 0.9934673919238115 0.9914352397958325
289 3.772278451546299 1.005013258887909 1.009239356019093 1.0128333804370522
49 0.5747548638755688 0.9998048314313928 0.9994266761860409 0.9990953573198667
540 6.915438741834805 0.9895512979719705 0.981473930670744 0.9747697030479435
797 0.7817709824030317 1.0007011458616537 1.0014748400075275 1.0021640651944501
666 0.7836221059642412 1.0013095524559772 1.001950879254099 1.0021403481778959
413 6.990846884113125 1.0045839563715881 1.009686535407911 1.0148898117705074
798 3.442555097186414 1.002556837437106 1.004615830868674 1.0061722158202393
164 5.514579978591428 0.999640463239418 0.9996768736840854 1.0005405050945644
290 1.518925863530967 1.0009325418575277 1.0023869985035454 1.0039641722616384
414 1.9630602834895399 0.9967049467941813 0.9934395140469616 0.990327660605165
50 1.372434165848972 1.0028757953168823 1.0051986601823695 1.0071812356225456
799 0.24053928391367663 0.9989442724839203 0.9981235487909532 0.9974732568007767
51 0.5157852646316314 0.99792123243618 0.9961553180216264 0.9946046391582322
541 2.7335775037263375 1.001147443210081 1.0015631641576115 1.0018370936841894
919 8.378881116497723 1.0164730102365853 1.0295492894331832 1.040189882942305
415 8.989376326688216 0.9963783723650204 0.9944737521372958 0.9936405886233464
291 1.1258486327624269 1.002629415115478 1.0053430322617491 1.0080369983201105
667 1.6427865969108097 0.9952121269164652 0.9912748759512758 0.9880416860758876
800 0.6927548422208929 1.0029334011105768 1.0052495857368766 1.0070100594740912
52 0.8207372826545907 1.0022302672067456 1.0037245722713442 1.004777337488757
668 1.0826042590069846 0.9993380328738906 0.9987745629318578 0.998241857438794
542 2.3275145297011477 1.0015207393850358 1.0025726833340458 1.003247909141677
165 0.8886345662358508 1.0016165828481594 1.0034200541445237 1.0050562026706849
292 3.652045202054069 0.9904792826281322 0.9831704979400842 0.9772977102968653
416 2.279940910269943 1.002030513877635 1.0033233899402307 1.0038765821762907
801 3.475762761545411 0.9955457001816309 0.9911875677279884 0.9871546951052875
802 1.0734386599488062 0.9991559213481241 0.9984630348218806 0.9977257183877815
920 5.260766301618787 0.9926829171202184 0.9874364212146162 0.9838922193588022
669 0.24030648715597636 1.0005177369429357 1.0012936842206652 1.0021865531887535
166 4.678090303616045 1.0041311435606097 1.0087210022742945 1.0133984940567768
417 3.197788428135027 1.0021685930779252 1.0023872405561995 1.0016013742360048
543 2.456164748329684 1.006471659321229 1.0114606644626944 1.0153061582096459
293 0.8500611461549852 1.0025963694258122 1.0042738743677575 1.0054153362042793
803 4.924563010872589 0.9972730470225621 0.9956923436524328 0.9949856791175751
670 6.655947127865147 0.9956182352522756 0.9926726602537851 0.990535794540485
418 2.710512662784822 1.001947646355362 1.0034878919714902 1.004963032793409
921 1.0337923308179597 1.0019399632567392 1.0033265853896955 1.0042712556387317
53 0.16680793487284973 1.002177172913003 1.00437627876539 1.0063166466972289
294 1.0834146242050338 1.0012456599069657 1.002008924261557 1.0024050295392775
167 3.926889943653805 0.9972305449004967 0.9946907638756275 0.9922988075727163
544 5.084957921893874 1.0036841444000781 1.006922493523296 1.0095055537812083
671 2.7509473113295826 1.0037943128747373 1.006640654934536 1.0086993890388383
922 1.4047955764690414 0.9987847460017522 0.9980893283299863 0.9975895968923891
54 8.680563124413311 1.0046760362332892 1.007967981931224 1.010545361342568
168 0.4033706425525452 0.9997488601593236 0.9999686824878297 1.00026960170445
545 0.8431859174706915 0.9996909957082293 0.999036159455085 0.9982087547358794
55 3.44738094530112 1.0007855905679846 1.0019406975329852 1.0030029197164023
672 0.7941101147789595 1.0007659299754137 1.0008600002118786 1.0005784316907542
419 2.5759593953353033 1.0010852632565979 1.0029370016228114 1.0047237018027548
546 4.302098939249845 1.0003169510401793 1.0004298283017097 1.0005613574533718
923 2.3669700495338475 0.9982819205761114 0.9973192065502028 0.9968937561705715
295 10.852671872306018 1.007741706987815 1.0154038589968009 1.0224297245003628
420 0.5487757355749636 1.000668094668154 1.0011506959293623 1.0015201255478583
169 1.829333303083331 0.9990588262255816 0.9987664352647428 0.9985348419537319
56 6.467436608121716 1.0035044891202065 1.0057461033148176 1.0067907345068638
924 0.1290797767615004 1.0002277696021535 1.0004407939503135 1.000614566531608
296 0.9810680556838633 0.9992373908394643 0.9986937413259871 0.9983615829553495
547 4.219731483153737 1.005376523811886 1.0096734281517923 1.0132705786757559
421 5.79701479612595 0.9879377824481688 0.9775238100681353 0.9684145963603216
804 0.2959461378904962 1.0054900448647939 1.0090282713206258 1.0113943558404936
57 0.4357181298510113 0.9995557936716559 0.9990037552709228 0.9983672556054928
548 2.537400867096949 1.0043406366047087 1.007933389303804 1.0108887188244553
170 1.7289952479168278 1.0007501848944624 1.0018127997009711 1.002884313709713
925 0.5483276670602208 0.9987568319401866 0.9977189006794603 0.9969039387300731
805 0.9302911261565896 0.998553015567148 0.9967506999582717 0.9949128233891007
58 1.9862331806962175 1.005897905091546 1.0106455167066597 1.0144734618561597
806 0.9137402678770741 0.9961330245495954 0.9927698931891038 0.9899477426927212
673 2.729880312885143 1.0060209163777787 1.01296849270209 1.0198451449783976
171 2.4166358122729434 1.0023114342222694 1.004518613620305 1.0066644056146035
807 3.0126387296222674 0.9979172038367327 0.9959357774661189 0.9939464662004157
549 4.32440140214203 1.009206479794587 1.0165550944555555 1.0222293701984595
59 5.287586056580039 1.0053579974274818 1.0103191575212735 1.0148250771818694
172 1.6544269821606576 1.0020479812824945 1.0039084969326684 1.0056443962558403
808 2.8678870030580583 1.0036936709402962 1.0065224809216764 1.008694191202076
550 1.343346655705318 0.9995120557251913 0.9998102621448745 1.0003864510689275
422 7.7520698770313174 1.0028073749889885 1.0071077017392862 1.0120493578908778
809 1.1277497940736794 0.9967267213704584 0.9945203958136677 0.9929662553001772
297 2.989923190263653 0.9887855981437562 0.9796517520521448 0.9724883946522029
423 0.6015582624895615 1.0004392145665584 1.0005375223594657 1.0004734399544537
551 2.3372403076245973 1.0015769327267563 1.0029231400583947 1.0041147352931765
810 4.300213270396853 1.002645323411102 1.0045267957442867 1.0060043223182995
60 8.917390109427288 0.9871170570947809 0.976044000299612 0.9666633047893827
173 6.671220282634749 1.0035643428836738 1.0051508572042906 1.0054694861854412
298 2.4349130297396187 0.9958615092307856 0.9935676336923549 0.9922609314968028
811 1.2705987478948373 0.9973881709578234 0.995254484609711 0.9935230327687389
174 3.640032503482871 1.0022630583056045 1.0043111709192516 1.0059426908048088
552 1.3317724882417679 1.0053212818977055 1.0084173479401968 1.0102383582490748
61 1.868580357031533 1.0037517708214314 1.0067580224093386 1.009150341311396
175 8.703224933686215 0.995187443398744 0.9908506034140506 0.9872290407723031
553 0.14837107518724224 1.000239474966172 1.0005355481440965 1.0008843077840688
299 0.872001919820832 1.0040395720911555 1.00752601283347 1.0105170436218738
926 0.3446319362901704 1.0079847473841317 1.0149481551628075 1.0209552971283646
62 0.08842918234950048 0.9997392622674172 0.9993830709692368 0.9990235723813967
812 3.2019912812938855 0.9922544156544086 0.986236879749153 0.9815587998333101
176 1.8832096999412897 0.9969184842665958 0.9942488008197685 0.9919305739011663
927 2.688003630222738 1.00028214580463 1.0011787864815718 1.002401439589038
674 3.1578017550873483 0.9830724997395921 0.967313495353346 0.952928405868387
300 1.169204946814716 0.998737807756867 0.9968493047189996 0.9947987241256102
554 3.1585663629066403 1.0040196628869122 1.0064059095322568 1.0077975157975831
675 5.461405191406811 0.9992520315504962 0.9990788112280301 0.9993453330350046
63 1.6878838956872642 1.0009121592660981 1.0025463807269908 1.004359028248109
813 7.645621775513064 1.0176014847040336 1.0319095196535897 1.043578139173549
424 6.203319913252926 1.0036474066374401 1.0090582956839318 1.015214717931278
555 4.418339366618966 0.9994005327823542 0.9989792871982451 0.9984175058079725
676 4.621541502954642 0.9999317069565293 1.0006329712066104 1.001781630389801
64 8.178012090231277 1.0022098886122424 1.0046397545221066 1.006920239721828
814 0.962705843614458 1.0013454047074664 1.002645558995721 1.0038112451911676
301 1.2295440139023412 0.9949232341741215 0.9907172303397356 0.9872251765967072
556 2.702384212072502 0.992471341822788 0.9857103643636265 0.9797152743267943
65 0.44380485652800417 1.0008658073533323 1.0015230637383317 1.002011692163919
677 0.18422448227647692 0.9998192002104118 0.9996515059324138 0.9995527769292432
678 2.9994543225584493 0.9995910103888808 0.9991605401420435 0.9986315335837664
425 4.4134802111948375 0.993968362160982 0.9904151826892462 0.9883484898959666
557 14.110512317743996 1.0057400727444092 1.0107587843704604 1.0147140942913255
66 1.0316807976359996 1.002702808290451 1.003902437400454 1.0045456834977782
815 5.5123286163634475 0.995044738120195 0.9912097916600108 0.9884378285247268
302 0.8293856177479029 1.0038736200809368 1.0058139156714516 1.0068802740446918
67 0.42804624806012725 1.0009516324823717 1.0015378606408152 1.0019285145943715
816 1.179893199230719 0.9965030276419524 0.9939211573951499 0.9919807616596619
426 0.5292899152354948 0.9983590188126623 0.9969278229787485 0.9956659135593989
928 0.7477138315953198 0.9974087568780975 0.9961006278055211 0.9952872783600104
303 2.21272361987576 0.9971876048920054 0.9948736367076588 0.9929897039070237
679 7.639542850502039 0.9926493449321065 0.9859669714041224 0.9800413410990129
929 2.441843672788309 1.0010679541967848 1.0010868751399833 1.00068994102383
680 1.225610727124149 1.0045723270008364 1.0087913788859282 1.0125305221822822
930 2.675713592027023 0.997680783170587 0.9958653074627992 0.9943706669482476
681 6.764490459312583 1.0021190331824428 1.0040473488613357 1.0055444695703346
427 2.5199636398101575 0.9955685429747952 0.9924801498337156 0.9904234954055301
558 5.277193497768167 0.9929328809330956 0.9870864468304122 0.9825867356007439
68 3.849747160602419 0.9996311814252777 1.000693618831687 1.0020600100680026
682 0.7280352101333847 0.9980056127700557 0.9964256871716076 0.9951732126549026
817 0.8450568354001007 1.0018655791181874 1.0041592909634263 1.006308574760541
931 1.7813221458891348 1.0056601064113597 1.0101845370294447 1.013980452792351
428 2.9976728532237757 1.002444008995109 1.0043955914886442 1.0060867228301638
304 1.5227590402682836 1.0049697950399468 1.0105915868863025 1.0160927664042918
559 2.9031538416729745 1.0020448463343476 1.003126008812619 1.0035422921148272
305 0.5856418279090576 0.9993159701103005 0.9987736096643156 0.9983006606434324
818 1.5037186541139818 0.9990758347196135 0.998875433138075 0.9989878113668859
69 5.5938460537436185 0.9928485553178285 0.9884951288633641 0.9856680152944831
932 8.518112309233402 0.9944216388749711 0.9883391601882103 0.9819985909208514
560 0.16703847581447917 1.0011594869847715 1.0023832215042496 1.0034950701821432
819 1.0276709036825196 1.0001860917377625 1.0003974185887785 1.0007104146474153
683 1.5987600392472814 1.004099389644677 1.0075830476277 1.0104242061762425
933 1.9525127069009613 1.0016204057810563 1.0025029273552222 1.0029252981815797
306 0.40706009632231144 0.9980453639552477 0.9965018116290693 0.995347683553671
684 3.9782710887684516 1.0030287447944009 1.0055782341098336 1.0077069215276895
429 3.2404866991055314 0.9910637554372903 0.9832263491143666 0.9767033397121092
934 2.432405659084907 0.9959578690531753 0.9935472911432062 0.9919971937620803
685 4.028840965012932 0.9970063950865433 0.9943641399206534 0.9919106712119906
70 11.749822907848284 0.9954602134499915 0.9925020763515191 0.9913928167101139
307 0.9243477150866966 1.001311317721195 1.0025315885155346 1.0038503733448632
561 3.9730449049184244 0.9903978627289659 0.9848172453312654 0.9812571740272273
820 2.2586261843516695 1.0098145332883435 1.0176881038903993 1.0244214035013506
430 0.8553551478780719 1.001325113055182 1.002174874673325 1.002938697170177
71 3.59367503600879 0.9985106559967329 0.9973604721795881 0.9966308983372111
686 2.1905246014375734 0.994072396034916 0.9894192295077354 0.9856632350404634
308 3.88442662118905 0.9937887381440837 0.989008918684419 0.9853932581258523
821 3.234766729077819 1.0073697972473379 1.0136765883016103 1.0190242754509906
935 0.5987069577968214 1.0057437209676556 1.010720264273618 1.0148577297584918
72 1.4285947954049334 0.9996710383154007 0.9993163860025736 0.9988181280605086
562 7.86630647176753 1.0060773423191123 1.0117186665555753 1.0167380181331722
687 3.484736370965038 0.9953278794811311 0.9916162741721988 0.9885963395114269
936 2.007750012737233 1.000702364625922 1.0010147690540352 1.001052786037885
309 0.7920921319164336 1.0009658442334004 1.0013174960966638 1.0013228707428714
822 3.248357529520945 0.9952355886363508 0.9920687976334972 0.9899799055872465
310 1.9188928357107216 0.9978759234696138 0.9961743445870617 0.9947998095058214
431 11.91618085898699 0.9825382403586486 0.9693351926001413 0.9592894474281807
311 2.2095003883478057 1.0007249302464851 1.0021710642114816 1.004086148052131
432 5.173480983852642 0.9985895351051005 0.996734236406239 0.9948096054520408
563 1.1738091880270076 0.993882987098986 0.9883097538252925 0.9832857800409245
937 4.290476342244801 0.9976778952439108 0.9952033296130169 0.9925629129137316
73 4.208151577984609 1.0077933405710282 1.0134561312191697 1.0174985852868885
688 5.986830138605001 0.9936469283500547 0.9896015837365782 0.9868120853149913
823 13.27373001486012 0.9976795887952808 0.9943621805470908 0.99053172499804
564 0.22896935864264378 1.0015809406322265 1.0028732570117946 1.0038328943021697
938 1.0610059235059452 0.9954803994709004 0.9923388764248797 0.9900078617013431
74 5.010364502131779 1.0044683661301381 1.0084660587768663 1.0116131045578105
312 11.403266149061892 0.9985954909089676 0.9975568483207659 0.9961342204924944
433 4.595733056521567 0.9954033248687829 0.9915415269525797 0.9884564360950111
177 1.2723300277721137 1.0160016566863062 1.0320788102527265 1.0474239847996838
75 3.5325066575751407 0.9957032744083086 0.9920361570282686 0.9890060699140816
824 5.392073889783205 0.9968865540388586 0.996299107460502 0.9966676027484406
939 2.4430983904512686 1.0003525287710304 1.0020254788628133 1.0044255437141716
178 2.3392188276193338 0.9935993617228452 0.988370738024776 0.9841601492878852
76 1.1080193521484034 1.0010747754102525 1.002163056120634 1.0033077222653204
313 0.40281231860899425 1.0013225760418403 1.0017060138027296 1.0015499679101234
314 1.9586896851214988 1.0005521524907137 1.0006877711870146 1.000561705412598
940 5.642995546231759 1.004064396391147 1.007758101093549 1.0110422324887913
179 4.475719454896534 1.0001054355804648 0.9992814788721797 0.9980422641929
77 1.2197481385210267 0.9981789615051806 0.9970331208805212 0.9963579469976294
825 6.342105622736199 0.9870641009388844 0.9759304584032219 0.9666055282517096
565 3.94295917601994 1.0044253618958416 1.0094057308183368 1.0140135149231413
78 2.503877073917465 0.9989958289198376 0.9983075671970425 0.9979438122493944
689 10.733832744988831 1.0008929186836577 1.0062784495004828 1.0139494633632942
315 1.2222670746050426 1.0021959521680885 1.0044232740708026 1.0063912801357389
566 2.8153263007552596 1.0005987716552538 1.001344184169625 1.0020345575330782
79 5.346677978464868 0.9997814813254056 1.0003835009000581 1.0012055547716598
180 4.713189211803183 0.9970788683548115 0.9938253172449706 0.9906611047970507
826 2.5618017145516205 1.0015162742614097 1.003516665047245 1.0057821799176518
567 3.063516452904878 0.9980281225762739 0.996119121701603 0.9942187475530081
827 2.23929393254366 0.9977630514812333 0.9964734258958919 0.9957105781778335
181 1.9656118223047088 0.995559136473402 0.9914315459235813 0.9878214992067254
434 2.624917611858109 1.008361729104167 1.01693084459529 1.0254451648237422
941 0.24874459356033185 0.9990301873381926 0.9988280212228476 0.9990568709402542
316 0.4494957814749796 1.002440741163745 1.0040743239294272 1.0053079256079882
317 4.307321266129293 1.0009852703003892 1.0018464294422664 1.0024607416031137
942 3.013806917668262 0.9998919710443046 0.9999596759605639 1.000218029135406
435 2.3605143773438613 0.9994289784964399 0.999772728198916 1.0003858381480204
568 1.475599455392512 1.000720374452157 1.0005288514388617 0.9997754522429253
80 3.8657860135353985 1.0169035443826746 1.02833643754834 1.0363823596899808
690 2.8419701286620693 1.0029088019127639 1.0063234423640173 1.0095994353615547
436 4.64622717983184 1.0041110304111167 1.0078912969926592 1.0109578664545673
318 2.9209305514141306 0.9991493626504182 0.9976548252252895 0.9961331804042121
81 0.9219939623089886 1.0015239677505134 1.002283097389841 1.0026419865450154
82 3.098466687288237 1.0035133485170102 1.0065300633095857 1.0090894937193056
691 2.049286184466837 0.9945847088559966 0.9898569820247208 0.9856462054537035
828 2.9592626553258015 1.0016775569158418 1.0034562155512041 1.0047080064700504
182 0.24122777112279437 1.0011337704049068 1.0023325323923762 1.0035424671527826
569 7.8533149333816255 1.0083424240957297 1.011953607748356 1.0128552142728358
319 0.4175497710984928 1.0009484807676723 1.0018421048710826 1.0027163934748822
183 0.6651784664336446 1.0012667130265476 1.0022106377929958 1.0028928573594476
83 1.2117980705424998 1.002760659477312 1.0041905406618237 1.0049375324656322
570 3.5329488875941024 1.0018041280332626 1.0031214179353147 1.0040248849489999
320 0.6372715213801712 0.9995436058193359 0.9993732186828966 0.9994276238554314
692 8.555823115524618 1.0062052023090324 1.0132547632947022 1.0197283540641602
571 1.6577213694690727 0.999263489559645 0.9981271806784225 0.9969621944998531
321 0.8927448047161306 0.9996069163886123 0.9991672537040863 0.998839069982149
184 2.446988772322584 0.9984268781655828 0.9968993553400458 0.9953247581221767
84 0.9174077867010055 0.9997238620768977 0.9992926554480257 0.9989063566515514
437 0.9329591829136916 0.9983727531394382 0.9972968531864174 0.9967707586426946
572 1.2216640361075406 1.002654174705265 1.0047583421972053 1.0064824895172053
693 0.3349655117781367 0.9994528186255041 0.999183804150883 0.9990040834170625
85 4.852951385715642 0.9979290875885568 0.9960911882564738 0.994171951535958
694 1.1280571448332921 0.9948413733046712 0.9907225628540473 0.9873442181412098
322 1.8694751010370965 1.0029451036978705 1.0037619826482842 1.0036695691237838
438 2.4985588797408127 1.003699578117459 1.0060665664832746 1.0073776597203772
86 0.4116543783347879 0.9990712341705671 0.9984526893485193 0.997992028816627
695 3.495779779581426 1.0009745336596574 1.0025105187287866 1.0041333411223492
573 1.7302757128436497 1.0052500201101753 1.009298953007599 1.0124727404116416
87 0.9119293479670887 1.0008253049581652 1.0018256550440203 1.0029214937334463
323 3.763739814126893 0.9923807591508874 0.9864119594428014 0.9818168164345545
574 7.224828626911403 1.004282454532222 1.0085366821423005 1.0124791388398382
439 1.2533434111901443 1.0006809339885518 1.0007851887399444 1.000467318090538
185 3.933092997292988 1.0022016685168624 1.005039909271198 1.0084960477198772
829 6.0775885283237585 1.0140429461352762 1.026085083195081 1.0360895219115327
324 5.044521002064357 0.9992467235909184 0.9981226254853532 0.9970590406423676
440 2.151418099001603 0.9992287616529356 0.9983050374980192 0.997293850884749
575 3.660119766358548 1.001851438115035 1.0024725094674032 1.0023296446621295
943 3.7564592160761094 1.018556425581517 1.037743602597234 1.055038730479103
696 3.9834826767200866 0.9972174491543861 0.9946386959266981 0.9926443220352493
186 0.8415270438981679 0.9998180644677074 1.000464862154906 1.001552049629609
576 2.543851924339833 0.9976646232074685 0.996761845882151 0.9964934734599458
325 0.3059236293192953 0.9999356424206426 0.9999797996895098 1.0000194480510574
187 2.8874378385753516 1.002023311585906 1.0033259442812614 1.004104904547748
577 1.5615488341991295 0.9982876156001909 0.9965345872573975 0.9946426683105467
578 3.581388968272222 1.0013291760885306 1.0022159067719154 1.0027463519858981
830 1.0462939522931265 0.9945801624334935 0.9900966465483868 0.9862101842234468
326 5.814199895830825 0.9959311676694556 0.9940116741725805 0.9931543708963064
579 2.0229272246633627 0.9987654284449782 0.9974848236210146 0.9962943937028248
88 0.6099783448808012 0.9950566869083167 0.9904888341153737 0.9864417179426817
831 2.34613269021429 1.0006161483782168 1.0011593428923362 1.0014924476955027
944 2.297619598259189 0.9963260302190116 0.992836557110692 0.9898508251439391
188 0.15066969311374123 1.0000400597551329 1.0003661887339341 1.0008348535494824
580 2.276463658165085 0.9963612459621279 0.9936280880410187 0.9915152435218276
441 13.345862611227858 1.007527288029493 1.015890210267907 1.0247254981053118
581 0.3682497052122926 0.9995721571743242 0.9991066221864403 0.9986839193574485
89 5.870638991087617 0.9965532832270939 0.9952280183837486 0.995092644572839
945 0.4955267127515981 1.000406159718728 1.0008598680677372 1.0014529654067135
189 3.498698796811368 0.9952707935226858 0.9930472445515566 0.9919355470482768
832 1.7483062600331323 0.9930069947656395 0.9865394218210103 0.9807224364779904
697 4.929571555994698 0.9932648896167654 0.9898471904423695 0.9878758849542885
190 0.7749840927444893 0.9995318642873651 0.999447207974729 0.9994852741220297
90 4.657315538579496 0.9940697306997658 0.989534165594682 0.9860040376353914
946 5.312412421899353 1.0026290011667456 1.0048695487071022 1.0068761692616488
327 7.840560491173164 1.010279179387384 1.0197969074745599 1.0283392968830767
582 1.330486375181863 1.0052325580493044 1.0086716583764253 1.0111732883110947
442 3.511905031549759 0.9988177802159955 0.9972399662615734 0.9953242247738637
833 3.7453115929674823 0.9968322133762635 0.9953405240068873 0.9948560998630349
583 12.646845536401088 1.0143489372373908 1.0252237285367976 1.0342975901548626
698 1.4569552735720208 1.0052450015029781 1.008737900612133 1.011105254901498
443 1.8972140167988982 0.9899462210204644 0.9817217395235774 0.9745945063475796
947 2.1343145805622044 1.0028838916422484 1.0058419139019872 1.008908968785053
699 1.7033140683943202 1.0000859181293844 1.0004550667634986 1.0009328429800624
91 1.2184008881558839 0.997352255910132 0.9954440934887688 0.9941630669113128
948 2.2147136101975775 1.0016407910729006 1.0030727155725196 1.004429635949582
834 4.4399688446719665 0.9918545785631041 0.9850718399693249 0.9795730961537858
328 2.589964058908663 1.0032365057912702 1.0064051375920395 1.009707711751499
444 0.95211295792069 1.0008746682727039 1.00191753409322 1.0028736562829352
949 1.301984433501275 1.0004562365867948 1.0004206990358013 1.0001110239081605
584 0.44210610028858355 1.0002994554756204 1.0001259424173108 0.9996128030539279
191 5.620928676238691 1.0037650597434142 1.0056865867390878 1.0072244943596615
445 2.826123762744828 1.0014752370170594 1.0021356186010102 1.0024079925292433
329 1.59874627440513 0.9992631605253789 0.9985782544223389 0.997836398082788
700 8.46619039496727 0.9957052505423869 0.9924355569660303 0.9903615100402385
585 1.46608074042706 0.9964526137334633 0.9941554023371956 0.9927373682244732
92 2.299427824538725 0.9928257928235134 0.9872258747016852 0.9828512648187044
835 2.4880264859530143 0.9970145479347418 0.9953354854847177 0.9940277784216685
586 0.14303416211078002 1.0006236796663954 1.001256550685054 1.0017968942464137
93 2.348358436523995 1.0049973529862564 1.0086560367718567 1.0113065803285466
192 0.9803980375018 1.0042692551110117 1.0078966487042964 1.0109197858783654
701 2.892929440617081 1.000936180156808 1.0033677736617828 1.006393320384646
587 2.646923162670646 1.005776230487112 1.010373965051267 1.0142400977400916
446 8.246895122983915 0.9860636029602422 0.9772126731379001 0.9712831282856272
330 2.2970575546696637 0.9993640154789224 0.9980687810649411 0.996324487508143
193 1.9245409653030947 0.9993456929131727 0.9995324555468037 1.0000435661747369
702 0.35932169404441083 0.9993679713085674 0.9984235893900777 0.9973804611471253
836 7.795395249157082 0.9878689073234527 0.977683815372776 0.9692074217044461
703 3.9285320884537214 0.9961965173365455 0.9928324613503772 0.9900010538970846
194 4.378578551035389 0.9921772378948078 0.9863411041507475 0.9818978246701398
950 2.5395112422866077 1.0037780232293654 1.0068295381708763 1.0088410221341753
837 4.359932033608857 1.0015891999184752 1.00328460355739 1.004796084134244
331 1.9711286118854332 0.9978323130603809 0.9958671021013948 0.9939511613860053
951 3.7977030395941256 0.9958386835818149 0.9917429922765678 0.9876341013767729
332 1.1807567767682485 0.9970806291266631 0.9950520631233215 0.9936189769019966
195 1.479019028818584 0.9958154500399896 0.9921806314031935 0.9889725114774469
94 11.223008225855665 0.9889806407291003 0.9770379120073964 0.9648951001340497
838 3.306457973425495 0.9951210528258125 0.9910848848954199 0.9877840306487896
952 2.4022909204632015 1.0029021778078375 1.0058410126142459 1.0085907257679994
447 5.116118643729351 1.0061401747679568 1.0132836053074303 1.0205936146628505
588 2.7930437917220843 0.9905964733244895 0.982377469724221 0.9749859639694508
196 3.4180692676072795 0.9989288062369102 0.997689090118069 0.9965748973110868
95 1.4703728317035711 1.0022939925438985 1.0044401449575886 1.0064107431276874
839 0.9602809681437066 0.9986061469343548 0.9977112557574782 0.9970558130345668
589 1.1607071337639354 0.997835467519715 0.995944597120261 0.9943857474458618
197 2.8970193240038498 1.0032731842210059 1.005483838779648 1.0070791193397859
333 1.9149871627760149 1.0027919368716824 1.0054017558676005 1.0075790720238973
448 0.5058836404095928 0.9977845173190234 0.9959965785741163 0.994583896646729
96 0.1613715537096141 0.9998262136790924 0.9998843607540173 1.000112627001928
953 2.7719802276278642 1.0011168526345064 1.0008921959099022 0.9999076510182001
449 0.49690550368359254 1.0015446185222403 1.0027428674544339 1.0036746670211065
840 1.8459020454683923 0.9968973469978921 0.9941529084612756 0.9918035700088034
590 1.1529310811183677 0.997464097888979 0.995912780297789 0.995017969218325
97 1.6347170009703405 0.9995099561461585 1.0000779785133544 1.0009294958333357
841 4.460387430217452 0.9988313306229749 0.9976691296449105 0.9965449811913881
954 2.4356247423693276 0.998777086726594 0.9977561450860074 0.9970268390372864
198 1.9554319643211784 1.0029719381660471 1.0052633832890439 1.0069368288788545
450 1.2479916965694429 1.0036815174125633 1.0066874800422163 1.0090123273993268
98 0.7674824101286504 1.0012291494548315 1.0019268989479966 1.0023564566415537
842 8.355129932531781 0.9987907202069974 0.9986578051716393 0.9992469712409874
704 2.6240594211703865 1.0033678587440453 1.0049037078931486 1.00504152060209
591 0.8769191670871805 0.9960709429484662 0.9926723439581945 0.9897487470429752
955 3.7760913126330706 0.9946336262724954 0.9907126690069739 0.9874709544688476
99 0.542787403695911 1.0004981463322775 1.0002359226859694 0.9996102149626238
705 2.021293170928402 0.9971894887035155 0.9947593984125307 0.9925932405804434
956 1.3332767300944397 0.9993331953000029 0.9991487976846019 0.9992685428370767
334 1.1272244852370932 0.9929105282279295 0.9870931219559783 0.9820573685817607
100 0.8930528516721097 0.9981961497137433 0.9961938538223585 0.9943547401402064
101 1.9085216028270224 1.0037880205089367 1.0074134716570027 1.0107044525385835
957 7.319455735518204 0.9970036198182056 0.9943553251834081 0.9921566161553247
451 5.0142805052328185 0.984099173060069 0.9699686226734158 0.9576010961258565
102 0.5218624116605497 0.9988567525940931 0.9979257811411351 0.9971521633810028
452 4.025155106877719 1.0008903600248655 1.0015347521221638 1.0019442383077368
335 0.7923782007364935 0.9976546699148567 0.9954342416135973 0.9933797190608143
592 5.080443548302355 0.9906081023202644 0.983247589308993 0.9777724138085099
958 2.799544108689588 0.9990047761372813 0.9984266677109279 0.997877082069689
453 1.096122587667196 0.9964015511787175 0.9931002664408917 0.9901125462843425
843 1.2369633684120345 0.9973626096945082 0.9963697593691121 0.9964288367636637
199 2.984654076766674 1.0147036695153244 1.0272798266126002 1.0382580319557495
454 8.755499202463398 1.0038559998236014 1.0069957802375553 1.0095751887144793
959 4.925722308955301 0.9959669006186497 0.9927542796904331 0.9898801626513103
103 0.6666101743194304 1.0009698471748556 1.0013597702183215 1.0015532830324623
593 5.871673631947488 1.006276168255841 1.011466305093054 1.0158417887929303
336 3.7682812449002085 1.0084408569463812 1.015789824869555 1.0220563467191028
200 3.1314370394538855 1.0019339372225053 1.0034917152686011 1.004847474437494
104 1.1824759257688129 1.0021094214221786 1.0039523965364823 1.0055267057111388
105 1.0498834156278463 1.0008248246143667 1.0012824527521405 1.0016037700798632
201 1.652079130833954 0.9978908788301106 0.9966534532234392 0.9959099860778118
960 2.082317740896542 1.0015504393612786 1.002156929617145 1.0023092346678826
202 1.6883448540775134 0.9981129871380102 0.9966222803601054 0.9955166059393453
594 2.1348889693235833 0.9921714730074227 0.9868100508475685 0.9829555914785049
337 3.370235081809369 0.9909525404591134 0.9832212429315884 0.9766452385090039
203 2.079026700623217 0.999814643975692 0.9995137966445711 0.9990999454689609
961 2.5858913617739745 1.0021556043659354 1.0042808741799334 1.0061170817594074
844 2.0101067609775782 1.0057271326515784 1.0103443763512097 1.0145087851747372
338 1.1397227780635149 1.0002188398237157 0.9999874333926223 0.9996468917859233
204 1.7452167587834992 0.9997334643500354 0.9986845984770573 0.9974631336903091
106 1.6966673772330978 1.0060380681734569 1.010880770703393 1.0147874710994493
455 1.606740343522688 1.0043722264895358 1.0083639220653913 1.0121470446126304
845 4.6387328395212535 0.998950665300995 0.9988250607247066 0.9991278894264675
595 0.8432978145174275 1.0035865104850177 1.0067419950413072 1.0095741699221938
846 7.510005486015871 1.0021042012867005 1.0044516832230033 1.0068092497449896
706 2.586730810437075 1.0214087427373504 1.0385446147357693 1.0520511243504014
962 0.8061142789138103 0.998543454109806 0.9978387314797637 0.9974548217054519
107 1.6082169039436849 0.9969639371178773 0.9955125158613425 0.9949911016371003
456 2.9775394912394404 0.9988077965631594 0.9980448406523518 0.9977589942302465
596 1.1046689830054675 1.0024095550382768 1.00446190579095 1.0062057580640758
457 3.852896657126621 0.9949154003116463 0.9901737840859701 0.9858960773880439
847 1.1294660279927484 0.9976212404063449 0.9953088042905743 0.9931281720293872
963 3.035874350120139 0.9975528180790278 0.9966386756413889 0.99654471383585
458 3.3749316473531508 1.0012527189471294 1.002386808411963 1.0034747799171104
205 3.682043619612159 0.9995111830242175 0.9992533198350405 0.9995727094203954
339 3.8442310297596123 1.0121358209420501 1.0213426993430872 1.028981599218399
707 5.374101188197528 1.0113014979420598 1.0217281911770495 1.031496490880837
206 3.738211937894448 0.9992539076749505 0.9980941938577987 0.9968241731820542
597 0.5584184622566681 1.0007712159714686 1.0017647839084718 1.0028956748401476
459 0.9061512462121755 0.9988952871874635 0.997797357855262 0.9966857274516716
108 1.423232888631901 0.9989295544439516 0.9984236643831172 0.9980920038166634
964 0.6858815637224325 1.0043492669140277 1.0077595007919138 1.010523028406114
598 1.239916365373574 1.0019405677129491 1.0034872401743353 1.0047025795922826
109 0.5953180078413425 0.9998187612854236 0.9998574305345926 1.0000017276429982
340 4.899650933302837 1.0081300220260154 1.014183617233527 1.018781513000045
207 0.8884809975534154 1.001940592773945 1.0028891836389369 1.0033148184968095
848 0.9551419320905552 0.9937395247921376 0.9892940038042841 0.9860070933648755
460 3.1285029817972827 1.0012234840050174 1.0031107205482472 1.0050828416739694
965 0.3336376589249994 1.000867729875648 1.0016509285933815 1.0023373505452844
208 9.375677711539538 1.002815932835765 1.005031230760462 1.006612820344522
849 3.286078295990592 0.9963106551114473 0.9930949643801295 0.9904727710864114
966 2.2063159212848404 0.9998130705096292 0.9996809566260791 0.9994478610150526
110 0.6050667882245762 0.9978154718492692 0.9963416003835249 0.995222817028771
461 4.391639451741867 1.0001813708612066 1.0008090455866008 1.001471969130592
967 7.268695631706578 0.9948102064176647 0.9902880632208074 0.9863505503013636
599 2.7674731481492927 0.9874155647137913 0.9772486468967712 0.9691476945988875
708 3.8392395250848494 0.9942666807539245 0.9883307378375032 0.9828692252687595
209 3.966214001431581 0.9962346904666088 0.9935733054009297 0.991324997829805
341 1.0476335170296807 1.0041173275124926 1.0072282863646256 1.009703639724995
968 2.6230754644293484 1.0010652130850652 1.0011354789593874 1.0006911768961515
600 0.34481506305746734 0.9993714515151987 0.9989767010206027 0.9987066004929679
111 6.047662380608017 0.9985172451337966 0.9954305463190117 0.9914312072744556
709 2.7225498427796992 0.9974689825553644 0.9949959272940091 0.992853412927847
342 1.1403825351662817 1.001300800877709 1.0023533625318721 1.003128354007345
969 1.0135169414461416 0.9972813636657312 0.9948980822856514 0.992799477207898
850 0.8415877035913581 0.9990885016312027 0.9989815043292319 0.9991884624318078
210 3.936405445336277 1.003519789523889 1.005794885966283 1.0073623212296001
970 0.9807053224158153 1.002527427107148 1.0044009007997057 1.0060167323169307
462 2.267199062545842 1.0065535860240715 1.0128438882246242 1.0187383476226177
601 8.920138483816118 0.994030829210414 0.9893759472596618 0.9854434363717606
463 7.975128606454746 0.9969390388037951 0.994352939914548 0.9922418889167812
112 4.552215654652173 0.9956600470372986 0.9901899076052083 0.9845807920014771
602 1.245495633178507 0.9985073533270457 0.9973803356107374 0.9964922893556789
464 0.9379049969975313 1.0006261199373718 1.0008784617133093 1.0009087445041547
971 5.1377754859713605 0.9988529007148419 0.9962073132852208 0.9928704236527306
211 2.4553983344812877 0.9990957034558047 0.9993073364246714 1.0000811925904494
212 10.476206215316779 0.9943013976836818 0.9888152328454202 0.9839116128016201
465 4.891057333903518 1.0008683916032544 1.0018871434889451 1.0031846406584766
213 1.626035003684592 0.9997578907060174 0.9997867430010815 0.9999612792990694
603 2.871435030538123 1.0024640324293717 1.0042402565316917 1.00536256647923
710 16.85728354737148 1.0197440959205124 1.0354289797628184 1.047715769044867
466 0.03569362574125989 1.0004226847265418 1.0008632025508195 1.0012845752651558
214 0.8167940513703797 0.9984956062420084 0.9970105240906681 0.9955509141278619
113 4.3337954137732595 1.0027678459565748 1.0058900714681243 1.008628466249412
604 9.350719043934077 1.004373900129909 1.0081154666328067 1.0112752974141976
972 1.8674034939776902 1.0080707221640777 1.0148596070730445 1.0204061546251078
711 1.394836822817524 1.002552451524085 1.0042085889321586 1.0054558270719631
605 4.79564733735242 1.0011857949360352 1.0023316190785123 1.0031868011604228
215 4.018716362290434 0.9970991423541283 0.9964176325586067 0.9968444438183944
973 0.20991493373185222 0.9997926723144255 0.9996178534330334 0.9994091440483636
343 3.0879417026189913 0.9940346975764791 0.9878811991058358 0.9814861600326142
114 0.794019018750987 1.0006806803686428 1.001056616980491 1.0011337738544126
467 3.8470711605732504 1.0043191621206118 1.0070892397941402 1.0092379702174443
606 1.0786937386619684 1.0014871236101275 1.0025092108764753 1.003278358783056
712 1.2249926608819806 1.0018284393323704 1.0036999445049506 1.0054506928370002
216 3.1441486477888247 0.9986865740734994 0.9981423387809772 0.9979877784815835
115 1.6088575695794134 1.0007318250804154 1.0016346166777252 1.002587100124635
851 9.822295289288377 1.0128491916354811 1.028955106967976 1.045154713521763
713 0.7703356318706938 1.002225478505411 1.0039163980634953 1.0051274752231962
852 4.957891194255353 1.0020718085959281 1.0037266713996376 1.005035858672767
468 3.878377206488949 0.9955004528941919 0.9921221778254685 0.9895503607001602
217 3.802898000627465 1.0010806855637535 1.0008453159346082 0.9999014800281515
344 4.622855620817063 1.0003207680264083 0.999640444157109 0.998413014445075
345 6.131899131642058 1.0028278238595159 1.0044984031872357 1.0055893915577154
714 0.3935019923046639 1.000523868132018 1.0011313149730086 1.0017667517667235
116 2.4179765683456935 0.9989588406285336 0.9979878152710864 0.9969381147961036
853 6.370769732771805 0.9901711398288786 0.9822731067049756 0.9759298664434732
346 16.783721632924426 1.0061547002635451 1.0114141091233722 1.0160656943498436
469 0.9232514305731456 0.9964609850283317 0.9943383517811827 0.9930911213358958
974 0.6493524794295809 0.9964252369498536 0.9944849750476383 0.9933994350960655
607 5.373997223578044 0.9909115238991973 0.9844681039598875 0.9795633881138743
975 0.030912524633095018 0.9996850901891907 0.9993634328156062 0.9990563053567229
117 1.7755924967605097 1.0029159734731934 1.0055663899568912 1.008075135487482
976 1.6685725313654984 1.0005388878088466 1.0006568345390539 1.000493237167446
470 1.247471066961225 1.0038053131412326 1.007503431655053 1.0110695387341633
347 4.37917931740958 1.0074743712871663 1.014086679322782 1.0198038249047625
715 1.5773016595867375 0.9929117143402396 0.9873216791620707 0.9828060930446819
471 2.2143898214617366 1.0007312670239255 1.0017565027326238 1.0027925524325023
854 0.8126292415745411 0.9948076846112834 0.9903472415263207 0.9865354284940192
218 7.333125971870686 1.0016517917532686 1.0020702840577915 1.0026466961600753
977 2.1449969626610255 1.004012267552909 1.0074817344505151 1.0105052961432428
608 4.8864502050510055 1.0082913473849426 1.0158620190327086 1.02247808200617
348 5.543283133652949 1.0120284843387675 1.02264359416625 1.0318729434497673
118 2.7421301367594424 1.0033261720373372 1.0063904953196388 1.0090501988400813
472 3.163687629008564 1.003548646272617 1.0062487484054072 1.0083910347861778
716 1.5322676242794842 1.0014431683929383 1.002247418977402 1.0026200090726158
219 1.4792065436868143 1.001437322255685 1.0021032056715666 1.0024227403809685
119 6.881742952780769 0.9975138641136506 0.9952714882172902 0.9933447610835106
978 5.535639285903017 1.0032313382528117 1.0064668947166329 1.0096186071640523
609 4.26145720594468 0.998225007613603 0.9962490226940647 0.9942284262988794
120 0.8561204876205011 0.999236478090435 0.9987010700036195 0.9983759786727052
349 2.6942563231386885 1.001925272149269 1.0030021647098302 1.0037053111993812
979 7.448116653562465 0.9943529063241038 0.9898925037095797 0.9862748445281666
717 2.647686529517159 0.9902781631634576 0.9817618808681249 0.9744154062822316
473 8.540016422863118 1.0043320357806416 1.0073729079495555 1.0098365883362213
610 4.985988896600247 0.997485167328529 0.9948105433407244 0.9923023187340431
121 1.114405406977312 0.999399908577031 0.9990422297518402 0.9988238981925488
855 4.675349413604636 1.0034655012624958 1.0081650436891296 1.0127958060339075
220 0.6774348915969313 1.0019406214674873 1.0033399238774456 1.004266227154651
122 5.114156195631949 1.0015191059018123 1.0033456294657521 1.005359560518463
856 1.5374144153174711 0.9990270508890774 0.9980737321758295 0.9972502316776061
980 5.29328373156568 0.9979974113105536 0.9965987545939461 0.9959071656820813
474 0.19140949589564116 0.9998956210255249 0.999970470828024 1.0001642408149107
611 0.6298785095696076 0.9955765666827091 0.9921704326901211 0.9894263424402991
123 2.4575455876165506 0.9998706218385378 0.9998977379764012 1.0001773379183
221 7.818273033457444 1.001035159146688 1.0024381157591722 1.004376552581609
718 2.908627763425102 0.9939592535282792 0.9885946145096915 0.9836483809943115
612 5.864019667742468 1.0002098408698348 0.9988427789363074 0.996722482364052
981 1.4951654855576635 0.9952066368395119 0.9918780594910174 0.9896775634180192
222 6.912809611785633 1.0024100818346917 1.0051182214166714 1.0078618498180374
124 2.256712604134009 0.99453209095515 0.9894284642405652 0.9846780771655779
982 0.9614095340966742 1.0032761312887242 1.0057490491956946 1.0076226112242923
983 1.24624123941976 0.9983902516197789 0.996902562874179 0.9955675098578552
223 1.5281400930452946 1.0045519033195927 1.0088285400541137 1.0128366549191532
350 1.407009131860832 0.9941193496753797 0.9916785812698593 0.9906469187861604
475 0.8294521428379085 1.00272380642551 1.0060223990958554 1.009539175721039
125 4.667234565864419 0.9979421423336923 0.9959503725419114 0.9937846019220886
984 0.7742585818668886 0.9981930965012137 0.9968126845501368 0.9957412265850102
857 0.9536366740594531 0.9934444816148983 0.9886792368356485 0.98519015531632
224 1.5723072235487052 1.0006725918337067 1.0017581936146016 1.0030845863505924
858 3.802121193648418 0.9983872483349261 0.9978770434153411 0.9978302917319156
985 2.957733475617715 0.9972986006039386 0.9955495779904213 0.9942904287626892
859 0.6756080701343308 1.0008333948759802 1.0016550615466089 1.0025068299866526
225 5.185243906011237 0.9978100236928277 0.9950449444678628 0.9923518778394649
860 5.385771793546155 1.0040737229745875 1.0085456139504303 1.0127738771206005
986 2.4534606112338224 0.9985283571588804 0.9973516965368867 0.9961816107209988
351 0.8280575491899071 1.0009637723603393 1.0011612077212104 1.0010129866910904
226 10.047426783017727 0.9973211963188392 0.9952917088803026 0.9935031410079956
987 2.102845298777538 1.0000334535458795 0.9998366981655967 0.9996359316070618
861 2.9011290418930002 0.9978017797400932 0.9969003542107608 0.9968591028652919
719 0.5714621662609716 0.9981896582239971 0.9962235008209073 0.9945524454075322
352 0.164921669585965 0.9999449674163979 0.9997940953900825 0.9995896824004299
862 3.450056938225316 1.001466864220271 1.0024901532074622 1.0033470404095475
227 0.4291176046426699 1.0000078664160679 1.0000630458644997 1.0001958031021116
863 0.8238774329529406 1.000237693867128 1.0006217672223763 1.001044776315459
353 0.3804417563987954 0.9989315486421699 0.9982420109200834 0.9977710182539682
613 2.275052961122128 1.0025606777893972 1.0025418338829135 1.0008710153178122
476 1.000025115790777 1.0013300505949412 1.0025798581104919 1.0040979617134058
614 4.174791805831774 1.0050751336898274 1.0085793353266583 1.0111330663071447
988 1.026508946210015 0.9971505939745829 0.9945752054050914 0.992543762037234
615 0.2491751266134088 1.000484528494146 1.00090493502302 1.0013064576314559
989 0.3075235446849547 0.9995088487646206 0.9989640383517537 0.9984438054288666
720 5.42986578350974 1.0021465299778394 1.0061915574968505 1.0103518006210408
228 2.2887864011754573 1.005118011933097 1.0085865427978529 1.010850773972628
616 6.041341363448737 0.9985512647311011 0.9975570520812198 0.9970145468303586
229 3.661070880234547 0.9978829719584228 0.9962086599140488 0.9949667948609461
477 1.4445754478056188 0.9988527473558129 0.9991900834018532 1.0003920078351578
354 4.653503581106634 1.0064341189955668 1.0151422114281372 1.0238928923707171
721 0.9710708671991597 0.9976875413379429 0.9958737045476542 0.9943943672698529
617 1.6156866166747932 0.9958452981572781 0.9927382116757766 0.9902622758187569
355 3.563722007600518 1.00409222933725 1.0071919024105922 1.0095717725821736
864 3.330326788680395 1.0017186192899998 1.002329337087851 1.0028653564962964
478 0.8664542489186715 0.9994108863178829 0.9991242914548192 0.9989568062677382
990 0.21524213428710937 0.9994789822808479 0.9994976470630996 0.999773411376688
865 1.494684341327229 0.998286010216206 0.9966603486903853 0.9950945082225305
722 0.5122542122626328 1.0005494516714575 1.000552319334743 1.000385567977349
356 0.8522975979085459 1.0009051924991645 1.0013263834466624 1.0013317577907785
618 0.28512077047344064 0.9984338307738939 0.9969907192213837 0.9956890753784391
357 0.9061995635820494 1.0004997126310946 1.0011990293674096 1.0019802508911397
479 0.0779494418129616 0.9984969239551184 0.9972369197495345 0.9961839472631056
619 0.6494795856415294 0.9990276549591407 0.9982488070912572 0.9976378731714746
358 2.058476928041273 0.9988994465273161 0.9980941892069155 0.9973989052251048
620 1.2388820017131366 1.00072462076578 1.0007976295406937 1.0006193010095634
230 1.9036650199577707 1.0081184907403582 1.014239283645418 1.0189158557313456
991 5.917103048703211 1.0076467392499489 1.0137363511224171 1.0185172500607353
359 5.48916171305973 0.9994000265670775 0.9995167383200829 1.0000359605602658
621 0.8619014095602324 0.9991298845123198 0.9984253019323485 0.9977112908526231
992 1.5858955237854389 0.9974078786417143 0.9954002211720433 0.9938804998147839
231 7.581429271498564 0.9972925343737719 0.9954470553777651 0.9939130945392314
723 4.3667057740221935 1.009308331951446 1.0182892992530437 1.0265127117352866
866 5.423468215540197 1.0104732708423652 1.0204424897016742 1.0291670117451452
360 4.482790178781215 1.0024296326121833 1.0038190891096823 1.0047194624477507
993 2.2781914005845465 0.999643344048857 0.9990954687431431 0.9983727090728225
622 3.169733941216691 1.0014193123144979 1.0022335785967833 1.0024804113985377
232 4.274471198950778 0.9991408076537891 0.9988392299941321 0.9989503730070332
724 0.21975614102302643 1.001250139512262 1.0020214551958584 1.0025229407180478
233 4.816996517989537 0.997680653608305 0.9957249094017676 0.9939570335195212
623 0.6653366204500344 1.0021738764202155 1.0037996145916914 1.0050921836237239
725 6.34675487667846 0.9967680280297023 0.9951176010808799 0.9940697279683065
624 2.3559212289019342 0.9984623132549478 0.9974651362915807 0.996633013320229
480 0.1380011032215407 1.0042875821057657 1.0075302968223823 1.010017865896079
994 0.4007212807973701 0.9976498134190177 0.9956196534576447 0.9938420373821928
481 2.743418273414136 1.0026551832201782 1.004958173477376 1.0068528520436077
867 1.5717142781450093 1.0051632671298012 1.0107039339637802 1.0156226389744707
726 0.39175423370397766 1.0014748327567786 1.0029483079947228 1.0042775502967316
234 2.354580661531145 0.9968607199198858 0.9943437908888141 0.9920086172323234
482 0.43166614490473876 1.0001828610861163 1.0001639839915173 1.0000369207224962
995 2.6376755123983457 1.0004036052844323 1.0009815603145613 1.0015052717981174
625 1.5323400274573942 1.0034105604334107 1.0043945115445896 1.0040686804952046
361 1.404982245998326 0.999903708717534 0.9990615392742433 0.998017333454863
996 1.8505634936882416 0.9994210047858794 0.9986089910500885 0.9976831200728977
483 4.232527526351987 0.999850156187527 0.999012841854266 0.9979347762810596
727 1.313183191632561 0.9979525895884739 0.9958744430303619 0.9939867856610124
728 0.5037986747884133 0.9988165551955291 0.9977979314927815 0.9970413093365816
235 0.1233937696688372 0.9990845982459713 0.9982493221391874 0.9974688085145079
484 0.34592603806595434 0.998046490221501 0.9970618376592113 0.996628483050477
868 3.9673897477332503 0.9893210475601525 0.9806407913290971 0.973284853178302
729 2.7335348006545246 0.9961138173987695 0.9918039669245476 0.987563570901266
236 7.063219078831025 1.0038931263707378 1.007567536803768 1.0109206133276036
485 0.505084186050226 0.9987110490783908 0.9978235608466764 0.9972326082055303
997 11.419540081287778 1.0095726836968826 1.0154310900478083 1.01974917657921
730 4.8199606377002056 1.0069639870993599 1.012697057314459 1.0173851944488077
237 3.583753325357975 0.9978576853555098 0.9954259162230904 0.9928773153268347
486 1.7271340512434108 1.000314075032458 1.0005343446397832 1.000799326750748
869 0.6929359180812753 0.9981092244413757 0.9969550852002189 0.9962599952334741
998 1.5597232471664029 0.9976799134092617 0.9949604636884221 0.9922124007370908
731 0.4491334707417991 1.0024600192867905 1.0042768750688809 1.0057546763387042
362 2.243009757308755 1.0085360615982644 1.0152114914962445 1.0203487233081612
870 0.5037085230505909 1.0025656501967166 1.0045640276435492 1.006220445899333
238 1.9232256266295735 1.0021426055511944 1.0044709382027328 1.0070049399987153
732 0.5894337408371939 1.000816471265459 1.0016108593811874 1.0023961842725315
999 1.0046855749133101 0.9973386433378901 0.9953282876041027 0.9937642544952644
363 1.2902671907286276 1.0021009682207052 1.0041526663008737 1.0062304999799745
239 0.09353527293023944 1.0009179414789338 1.0016907823713355 1.0023295855228829
487 1.7492289106685348 1.0106306433299506 1.0200672098001407 1.0283025651430064
871 4.321859005589431 0.9969418052907122 0.9939446310355677 0.9908814821153381
364 2.7632829488629795 1.0028768778706365 1.005182966172997 1.0071310409309269
733 1.1689362454999355 1.0036097664170283 1.0071068597055053 1.0104661656217742
872 2.1239025845443393 1.0018113462323162 1.0033693387488865 1.004766831535618
734 4.7667062311902555 1.0020806124101553 1.0039433355197152 1.0057201342530004
365 1.577019059772283 0.9979663878796907 0.9974925674371716 0.9978541111375732
240 1.5717293447924021 0.998117061149731 0.9966739490233767 0.995705610679239
488 3.575178100854828 1.0010920940790593 1.0035946886244385 1.0065131060783155
735 7.521119254221048 0.9948657507990305 0.9904983534219463 0.9866717055828942
241 0.5722754575690487 1.0005673004146545 1.0012923664475066 1.0020086799625265
873 1.727934370181174 0.9934539510311938 0.988390408510788 0.9846298754220023
489 3.6234106891151896 0.9968182326426753 0.9953193819403776 0.9946944809507017
736 1.1087313608149998 1.002177650476958 1.0035919370472364 1.0044008804193911
366 3.194281810614484 0.9935367010127762 0.9878171205150148 0.9830237478763526
874 6.673700841707614 1.005006119394908 1.0108672887456427 1.01726953368369
490 0.3550130666135374 1.0010990341849204 1.0019944945616877 1.0029084274659326
242 0.864087773283245 1.0030828664224551 1.0056356218114992 1.0078783250088768
875 1.717144313859535 0.999511748984964 0.9994360670321025 0.9994937400864103
491 0.5161847085873887 1.0010770675008505 1.0019823566275814 1.0026330310040363
243 3.465029325518117 0.9992666652652974 0.9979487210327885 0.9962629673640081
367 9.225066206394331 1.0056338904703064 1.011353933557962 1.0167180223491838
737 0.6683915656631143 1.0026984533852237 1.0050535161831486 1.007167732048596
738 0.17629417783973622 0.999607229763368 0.9994049390389816 0.9993011333421977
244 0.2745486098974652 0.9988938258475184 0.99794745394215 0.9970399424062892
739 0.268899423406765 1.0010156395643426 1.001787241475296 1.002385827709886
492 2.5498212982765835 1.003695754776653 1.0077544534169756 1.011816921750701
368 0.9439757768850541 1.0071486669617054 1.0123059094329447 1.01611690835607
740 0.6496331969319726 1.00206181749373 1.00420996093875 1.0064602774338196
245 1.8782320483715012 0.9958601907406974 0.9933219238155857 0.9915775669486349
741 0.012949156413014862 1.000005311593093 0.9999777011586657 0.9999322958830702
369 0.6000691346052918 1.0018090234320012 1.003304148481854 1.0045614441004562
246 8.77410387195232 1.006290054688735 1.012902486809254 1.019272862278237
370 0.32692767971093417 0.9987328334756768 0.9975619096647116 0.9965070833827698
247 9.962341019774613 0.9993175014291606 0.9980192106867651 0.9967283411226348
742 1.509332182487924 0.9970245691369236 0.9945749419241223 0.9925662371431466
743 1.2075633512176864 1.0000662575802202 0.9998196577171858 0.999476668509894
493 5.4224109316292015 1.0097109276041722 1.019872750012455 1.0290110814590998
371 8.289705682251224 0.994735956471615 0.9898340268228321 0.9855579906965595
248 1.065995856990412 0.9966842352406128 0.9940371159186434 0.9920170134894738
494 1.9682251152644312 1.0027811035457115 1.0046978094142438 1.0060469321229293
744 1.4583282860930922 1.0023241309622388 1.0044754471563937 1.0064590952921189
745 0.40528414644359145 0.9987550417220722 0.9977544530063804 0.9969685038455129
249 2.7116442879669194 1.0007778659952682 1.002665528908293 1.004973632181901
372 1.1279231137086754 1.0035596154073223 1.0067892033228327 1.0097941474471492
495 5.228891797740289 0.9906237335586632 0.9826641458725414 0.9760382140671778
746 10.7024580453417 0.9942159610619447 0.9895323890297558 0.9856244576198636
250 3.5028840994818893 1.000322883209443 1.0001001371504106 0.999479906439956
496 3.778600603423911 0.998620027679509 0.9965125765311097 0.9941595442811612
747 2.9831887944728805 0.9966688708442404 0.9938809704433009 0.9914703285327406
497 6.113184685356828 1.0016044193674007 1.0035070307987635 1.0053967233579975
498 10.292500520248723 1.0061874075665287 1.0102636428259635 1.0131533950210818
373 2.683553767790727 0.9851997721902366 0.9729364162038742 0.9626067508297195
499 4.238196752430667 1.0012485112213196 1.0014330346676894 1.001247598207647
748 4.028348061749057 1.0033559792616336 1.0070463416423876 1.0105020040085066
374 3.1582014608502504 0.9968727748294409 0.9936682395660063 0.9905451656859223
375 5.214589606057416 1.0005526676095016 1.0004525632819838 1.000182813772008
500 1.9608171728468733 1.0059232498990522 1.0116978582462743 1.0172126328017834
749 7.087039993848521 1.0163932010101393 1.0284901235939468 1.0378817444460282
750 1.9040690587735298 1.0011763173458692 1.0019374159448198 1.002324545883901
