751 4.826945475306275 0.9999150195650823 0.9992828423489435 0.9987361426548196
752 0.29053497700442676 1.000309193224196 1.000195124493223 0.9998939694310602
376 5.79914018929594 0.995888002779213 0.9916127123268969 0.9875975132983191
251 0.1257094390657585 0.999784177440999 0.9994089528721498 0.9989575362209867
876 2.2714691014680284 1.0051238770212956 1.0094471747796692 1.0129398050778307
501 0.959597686320194 0.9937141167479575 0.9895284661579224 0.9866138196355972
626 12.127635304555952 0.9957853186369379 0.9907698910599568 0.9855362787576261
1 2.789537508489957 1.0046086907086547 1.0095489444972776 1.0143464003289522
377 4.3271989113509335 1.0071059699182123 1.0132151530177484 1.0184264308138224
627 7.797490480117631 1.0026917942438756 1.0045987346604923 1.0056577387924122
753 1.5286910138402163 0.9964529143285835 0.9936486245899775 0.991497139494306
502 2.92110656292607 1.0037033426146345 1.0059769485594945 1.0073945933267798
754 5.563229242728994 1.000975961943212 1.0023484304192578 1.003684217458627
252 14.33843680575228 0.993559831817452 0.989664558681224 0.9878949922199087
503 3.167742491064928 0.9968188527127747 0.9943837472533744 0.992500757742557
126 2.373942320156857 1.0048472214336546 1.0082566484823412 1.0102991855345684
755 2.5332036153158697 1.0014954657734996 1.0028137035639835 1.004031288278336
628 2.098208763907678 1.0103268813741841 1.0176846603759673 1.022844778352808
504 0.984517696479088 1.0021744414723754 1.00380885054017 1.0050885153238038
253 6.025404701113075 1.0112193604125885 1.019121397690113 1.0247501533867729
505 9.565862825054865 1.0164283330150505 1.0295724237578125 1.0404413443786855
254 2.960000714918351 1.000593941257498 1.0019650184718112 1.0036322960911266
629 0.9703964684922539 0.9962187679040327 0.9928615095445635 0.9901654867146963
506 1.2834615343836049 0.9982481160043348 0.9962384489891278 0.9942700819743805
2 5.801665687964487 1.0156579617087362 1.0285809885502726 1.0398980627949725
255 3.0109933370877116 1.0002590155843323 1.0010991414170627 1.0018832887627562
630 1.7935537218399986 1.005019915622194 1.0090191034608327 1.0122064307715966
756 2.6125492693590786 1.006723507688714 1.012917501850927 1.018293332672076
256 0.3478518421907211 1.0005894445260284 1.0010077017953676 1.0013269232604975
127 9.460372408662806 1.0212609116812281 1.0382408410337591 1.0515891100085895
877 3.877618679769512 1.015824585824146 1.027943095670844 1.0372697028202844
631 1.817931488079921 1.00079757465728 1.0011944225359142 1.001229382860729
757 1.3343388747907738 1.0014928355871473 1.0024986526074362 1.003275900091997
378 3.55013910042544 0.9933130840213722 0.9902315814984787 0.9885960340343587
379 0.5861904700104787 0.9990710433900222 0.998046679327575 0.9970402227136614
632 2.040972049428092 1.0006241923121817 1.000912281897612 1.0008403837976103
257 4.241176135821661 0.9964689289468136 0.9923709478428606 0.9879319035733005
128 0.05259875758565613 1.0009885814254638 1.001763832402389 1.0024581760844815
878 1.3555909879560204 1.0020951685043376 1.0048391381694484 1.007719025890679
633 2.96391599853996 1.0007763336429867 1.001743264292107 1.0025274562734312
758 0.31273229204452946 0.9961407812733517 0.9932437341871746 0.9909690920544812
507 1.615033318354108 1.001833596052313 1.0016131588010246 1.0003956251724044
258 4.221649761853769 0.9956666741798841 0.9911682389023669 0.9868774518312893
3 1.4111222680076025 0.992318600882914 0.9857680994864972 0.9802840737345914
634 0.7553342964129115 0.9988676513058158 0.9978094670145011 0.9970002900305398
380 6.441501888948551 1.0181559225745564 1.030962212371939 1.0408139602805284
129 3.91415199227049 0.9916109654213768 0.9842920178173122 0.9777291714034541
879 1.9643312578809855 1.004992270990468 1.0095025400781072 1.0132080351286803
508 2.312005438541746 1.003557837241194 1.0067812768403224 1.0097886048182672
381 1.2909067191976646 1.0020350167491594 1.003277172490916 1.0041919770950718
130 7.147401756541512 0.9963438836783399 0.9929908205854537 0.9900362808636465
509 2.8459671686978254 0.994616231042684 0.9893417627904548 0.9845111152987049
131 0.2633838364672556 0.9996590656820152 0.99942972452218 0.999358202756864
259 2.047815508001804 0.9965076348941776 0.9947444336003195 0.9941459318771322
4 0.3897382001305232 1.0008942454557237 1.0015052933466493 1.002062552439393
759 0.5576104073988972 1.0051626182661832 1.009551377321643 1.01339914039796
382 6.525682742016215 1.0002529386525765 0.9994956345169254 0.9980796023382213
635 2.7528144617426733 1.005357124630641 1.0123380355138378 1.0199451970323603
5 5.340761708514037 0.9964726154576601 0.994240051005746 0.9929504011686089
636 3.3118450299261895 0.9993808739363296 0.9985135969567079 0.9974045895395623
132 0.1473159743254655 0.999210952170205 0.9984164160768428 0.9976196358099371
6 1.144347105469933 0.9996174957555763 0.9997924564873101 1.000316437446424
383 2.6239440192075563 0.9987263171457591 0.9972522324636711 0.9960506967117752
510 4.359686659970976 1.0110170906290445 1.0186016834623783 1.023687498722857
760 1.7044109356666013 0.9967002935709613 0.9944185016370848 0.9929491272772352
7 0.5774939049097156 0.9988214446941556 0.9975497382317682 0.9962940397873769
880 2.7524311938977917 1.00242101148768 1.0061451199352918 1.01005056592426
260 6.81329101179108 1.011996371665457 1.0213753034672657 1.0286553163049503
133 2.708377130695226 1.0061278581672661 1.0124715928134433 1.0182646808195137
384 0.9713550704364025 0.9955639806234271 0.992166094727785 0.9895787863951356
881 5.532972257475194 0.9920328471290569 0.9854264482080385 0.9797173156199892
8 3.044684967433568 1.005165501389957 1.0105560289291495 1.0158497384251264
261 4.539582830788277 1.005958707976714 1.0110611039167352 1.015472834552844
511 4.655843639182422 0.9975363990757724 0.996213962567308 0.9960372843251585
385 3.243694786575361 0.9962228640760096 0.9929082171543198 0.9900685969003723
9 6.723522901971592 1.005801515561537 1.0106087262419792 1.0146609568627998
10 9.965732131624463 0.9987662407521417 0.996714925590528 0.9946499644518104
134 3.72406040655369 0.995598556119907 0.9910984840063991 0.9870462127553657
637 1.8874734057226306 1.005937414633976 1.0118855594388947 1.017347544936177
11 0.5636405858185753 1.0005890902296588 1.0008690817576766 1.0009604428890952
761 8.038814278337668 1.0005408751970235 1.0002360334572713 0.9988967209863928
12 0.2837889926995558 0.9972818662924149 0.9949132797698909 0.9928566176139835
762 5.676589540496934 1.0015893098882516 1.0019708529119957 1.0015897388210548
386 7.083595158750541 0.9869292559502629 0.9765926496550088 0.9683685306564784
882 2.7026264458600053 1.000026842256275 0.9990945054203302 0.9975251489144503
638 5.106127812958221 1.0027605862182754 1.0044581536654782 1.0058419729466705
512 3.6603439278496808 0.9965141209846021 0.9954549177888727 0.9959497769782926
13 1.1582886156011227 0.9927105169145304 0.9861954034126845 0.9804666668689822
763 0.15994471103840624 0.9972497131708093 0.9948258055419207 0.9927383120671055
513 3.4583567663048598 0.9945454760185668 0.9898548384413302 0.9858067034548104
14 3.8555031437881553 0.999744771775194 0.9997283702022183 0.999956818824712
639 2.366303592329132 0.9873298269387026 0.9779008717613847 0.970875775909501
514 1.627680232779312 1.001659019837004 1.002993124876748 1.0041258206521997
515 2.6025243096100894 1.0029303211781058 1.0051077540244173 1.0069738713659329
640 2.9547984580513003 1.0044930505996088 1.0084321132171632 1.01170706140527
387 1.3452841919643106 1.0068108704602015 1.0127292818676887 1.017850943068049
764 0.35173148886315175 1.0034473353213742 1.006389644369594 1.0087904397075795
15 2.6295369651397777 0.9926399734033016 0.9869015268141683 0.9825053544847944
883 6.504585258984662 1.0146042162272724 1.0276230529897221 1.0393118971485051
262 3.983492148850928 0.9986674048500482 1.0017794088585419 1.0069520078279797
765 0.4100008160148718 1.0001865120329747 1.000416777902294 1.0005902520821914
263 0.9710912101563736 1.0019996221796321 1.0036231800215776 1.0048586645578474
766 0.40103683298912074 0.9985576700319443 0.996853432574347 0.9951029732016841
16 1.6346028153802763 1.0026532359919422 1.0040896192829143 1.0048477422629614
17 5.413014123476387 1.0044590904461619 1.0081840552748371 1.011230224806211
516 8.45812956773625 0.9901903048268248 0.9835450219529088 0.9797459142951775
264 0.7197269060943654 1.0010454792160972 1.0021757429902052 1.0032489907923527
641 0.43390245443879394 0.9961142576321605 0.9940444747965419 0.9930517399966612
135 6.667963987214534 1.019631148491764 1.032613415728912 1.040275963246217
642 1.7379799514455954 0.999989633632484 1.0005292539017725 1.0012795852379728
265 0.6824215811866452 0.9981292428187687 0.9969973522716868 0.9964171885833155
517 2.0743994550757634 1.0019384177684405 1.0033456427769927 1.0046690807721963
767 2.8970899170653865 1.0049768663930452 1.0088150717958626 1.0116311970039926
266 7.287243960310661 0.9936786300366522 0.9873631839135182 0.9814365098890032
18 1.865036188508384 1.002005881573116 1.0024291789718898 1.0020441445757344
643 2.5830294788247556 0.9986777857892163 0.9978590619244493 0.9975476668665847
518 0.7912885740552156 0.9984325340223721 0.9973717541558851 0.9965461671308558
388 6.4256193566743605 1.019550618528059 1.0357144384422434 1.0487033198173987
136 0.9698928791622166 1.0018971561941326 1.0025857895331078 1.002537732866001
768 0.9385690936705942 1.0016601904547433 1.002369568281827 1.0026232999569524
644 4.210445055485252 0.9962469491075382 0.9934764072048734 0.9913640921864424
389 5.858526673802771 0.9955419087121783 0.9915262163674605 0.9881539741940397
390 2.7126669502686127 0.9980514083980652 0.9967599394574236 0.9958605538007156
19 1.6884984356765926 0.9961957785867938 0.9922715931601606 0.98854136126497
645 0.5173412596013804 0.9985987062604276 0.9976326704605178 0.9968971754548175
884 7.254192305463221 1.0124087150068344 1.0241907368570764 1.0351881656633874
391 2.5570812573078 1.0050059482016467 1.0095184761447236 1.0134905307173379
137 2.005511659384865 0.9978391413653718 0.9969745136281469 0.9971113335942393
646 2.134415959899343 1.0033999045558786 1.0058105283929595 1.0073796070724093
885 1.995862174222566 1.0009673626231477 1.0013099162822314 1.0011490378472714
138 2.460684171417597 0.9978664378986432 0.996868790482719 0.9963807451309505
267 2.7713875968311186 1.013222691364342 1.0239028770813048 1.032619466068278
392 3.853309472244291 0.993074936400125 0.988379790315707 0.9847946583273642
769 0.9176198588793341 0.9978412524966823 0.9961641013242178 0.9951884234913216
886 10.523129568578952 1.0106786189108943 1.0168952291111597 1.0201920329122145
770 1.4189049621782033 1.0023717415796414 1.0045003038887481 1.0065324706978076
139 6.0765079914126545 0.9936233774220492 0.9881374463322449 0.9833027612219326
519 2.5837598517937295 1.0007651493477778 1.003107697157653 1.0055632083104022
20 7.278544728313136 1.0191606230678076 1.033076647636292 1.0436596826835416
647 0.152347583343726 0.9989616201481964 0.9983511200722329 0.9979345081172559
887 2.1118298276105634 1.0023675764563178 1.0044636700426588 1.0060857061741877
520 1.8479679306019534 1.005287670352057 1.0084614910858034 1.0103020232457751
771 2.1737832357503066 0.9998284325228906 0.9979909962169863 0.9956020214276698
393 1.2965779186160944 0.9986169190359634 0.9983058730945674 0.9982040170674933
268 1.6421856717643095 1.0040220881417201 1.006103555614622 1.0068959627934515
140 5.332273485812038 1.0114735654502651 1.0232447880490194 1.034636416831778
888 1.281788792623047 1.00222144817611 1.0040910059972321 1.0055122188322074
269 1.0524836342483468 0.9997334742972747 0.999143053566241 0.9983179652620636
889 1.2334353296555491 0.9987585018495595 0.9983002684702801 0.998257400273953
21 6.694723047152365 1.005675947965072 1.0093155089925219 1.0116446253837332
141 3.964572279168351 0.9968854801266043 0.9931561165620941 0.9893315270076734
22 2.077662419060289 1.0036020299758455 1.0059283287356047 1.0074661646805
270 0.3175500361867307 1.0041303656506155 1.0075282077853134 1.0102596071107512
521 6.243889235332972 0.9851071181551747 0.9727855318907853 0.9622439715146816
271 5.368746218136948 1.0012696687804694 1.0034541648731359 1.0061335641764164
648 5.046274158905362 0.9901018615558256 0.9795088263320217 0.9695543766224463
142 5.975216381033533 1.005825996256839 1.011636984737572 1.017198448829865
394 2.122433921560514 1.0007927460697144 0.997169942238628 0.9916714399696037
272 0.9253986200201325 0.9997423004933946 0.9993962948903127 0.999181720423368
772 2.368919510206979 0.9902647932903046 0.981899016237471 0.9748967108100525
23 2.1569870813345915 1.0058823244684227 1.0110325176458217 1.0152066664349413
522 2.265273199758667 1.0038318840990457 1.0086369943211608 1.0133262519396393
890 8.86834401426313 0.9905489044297793 0.9811350689935858 0.9719758716661093
773 7.639248469027734 0.9963445815274561 0.9930988254974641 0.9899620967770043
774 3.392735412293405 0.9980459358617411 0.996168525369738 0.9942971864732473
143 7.212798077813204 0.986025382123009 0.9759200582305305 0.9684554516551811
649 0.08866125377426215 0.9984601701510416 0.9971582076533283 0.9960600290614148
775 2.950489257224035 1.0020664636452912 1.0038844327787024 1.00565677549224
395 0.8537243494065478 1.0062438091366441 1.0111172306967708 1.0151804973193514
24 2.999921361250017 0.998065660284924 0.9974189776752281 0.9977962242866593
650 0.19725001288679778 0.9990722724235912 0.9983826780114317 0.9977950527285376
891 4.41389853803048 0.9998097884741095 0.9975504287739669 0.9945884809882931
25 2.3099788475719834 0.9952361740011417 0.9918556982530394 0.9891837604906183
651 0.8229103877711168 1.0014406634624426 1.0019463262493995 1.001966718125801
892 3.4849875700565462 0.9983461030030751 0.9978477356024581 0.99819653630986
523 1.2335240267439076 1.0049097268784326 1.0103912449939385 1.0157298585741783
652 1.6196261692202825 0.9983304573285825 0.9971364353027579 0.9961656234032216
144 0.9177367664688063 1.0045116846605395 1.008589649803613 1.0124017478651985
396 1.3468826778862422 1.0027670582759842 1.004783484404313 1.0061847767270826
145 2.5255407470413047 1.002723921340415 1.0052618554057309 1.0073411532367147
776 1.873405721367817 0.998204765060729 0.9965066122167435 0.9946789594579194
893 1.7103179240129975 1.003420946674846 1.00683447495105 1.0098057642703697
397 1.634099855673412 0.9984478496724554 0.9981074916374516 0.9982479846939998
146 1.0545005773983576 0.9985244659892082 0.9976837194727618 0.9971414026845873
653 5.832742731801773 1.0000502648981142 1.0004514262481046 1.0013150951075653
273 2.9633431242928054 0.9911596379927096 0.9862404289198118 0.9833315682303861
398 2.00614163055252 1.0040142602265818 1.0071905434602275 1.0097667139275281
894 1.175045423087795 0.9954930067102784 0.9923080711756268 0.9899319226314859
274 0.7449108863911533 1.0013803970907047 1.0025163329439044 1.003426989685349
895 0.8857803257105843 0.9982713319170761 0.9966659046356556 0.9952642903266035
26 1.561891475428638 1.0075666350174157 1.0119140262742492 1.0141600162187416
524 0.00859296274393273 1.0006073413818133 1.0011527595974479 1.0016498270471692
525 0.7821622996289079 0.9982850507121795 0.9971305491066216 0.9961817974217506
777 2.6022928599722945 1.00904692513419 1.0164878073909482 1.0224230083108552
27 6.367546065312126 1.0080802625626726 1.016041427242942 1.0236947089066504
896 2.6056858592310164 1.0139649325290887 1.0240204601073373 1.0318547700210936
526 2.2646997284609824 0.9972889574676488 0.9955321222113362 0.9940860516499239
778 1.4747935605246312 0.997936764275774 0.9969968128045116 0.9965470109557446
275 1.006279930626988 1.0012895797437942 1.0023958417927965 1.0035472177824827
147 2.287082107479364 1.0067867632022376 1.011785674518909 1.015967109125453
28 6.062764139338469 0.9935672580971476 0.9877296435360831 0.9826363610614459
779 1.6256531058224937 1.000876305270745 1.0019643757310404 1.0031430127882588
276 4.565135198992721 1.0037408673109802 1.0072875812802677 1.0104670604901091
654 8.391397635943576 1.0189569349395933 1.0370321284966009 1.0538296421898237
399 0.7389304151129181 0.9967282604507116 0.9931073270760762 0.9897786140798733
527 0.7513894912572141 1.00504400909414 1.009212946378336 1.0126686521285444
897 2.9068621683709353 0.9900350676365404 0.9832830677215352 0.9786666488695753
29 4.226095374946453 0.9937631400992462 0.9883592172318296 0.9836746486065795
148 0.3236567612057115 1.0002567317936824 0.9996553941446397 0.9986613948342797
780 3.2338410503616615 1.0018130210223632 1.0025237956667203 1.0025450240369302
655 3.9733145535446965 1.000992445525389 1.0003921749660576 0.9989571491786856
898 2.2807350647908606 1.0012561790964145 1.0021242640356487 1.0027195029490086
277 2.1828104087780957 1.0065717568786916 1.0124022522011977 1.0172738633646723
30 1.8339860005962692 0.9967691842968377 0.9939206372722674 0.9914238899216195
400 3.4497804341044684 1.0080209412401713 1.0148220881758223 1.0206145976822576
528 3.9314095738536707 1.010478823324653 1.0206555195741207 1.0301400436231436
781 5.546848898678945 0.991155357206664 0.983069124463056 0.9757554376529118
899 2.772427904073993 1.0169808949275259 1.0289262246725415 1.0376865587651507
149 5.071766842032957 1.0019183305651695 1.0059778059831515 1.0109326966142391
31 2.792456737448447 1.0033238981664014 1.0050481298126295 1.0057307690758417
782 4.31725388671839 1.0026483684395935 1.0049586788723024 1.0069977698719315
32 2.36156114973528 0.9948648626576428 0.9919709298983956 0.9902604902097342
656 16.21289654293105 0.9864618835189828 0.9747739198172363 0.9648733909649118
150 3.474503980251029 1.0011141423365246 1.0015895627621811 1.0018514840559813
401 1.542811503264602 0.9965141788929027 0.9931702814245668 0.990266908121319
657 2.7421197439580283 0.9950963873240783 0.991321278827571 0.9881895090820618
33 1.668375914610806 0.999690572195831 0.9991651100075013 0.9984035671430046
783 2.5904335254017496 0.9931922147895367 0.9886822041743772 0.9855065568755789
900 2.171808540912025 1.0025749451289485 1.0030255873446285 1.0023800231507474
151 3.899485216010362 1.0016138583556111 1.0015603249547143 1.0008624515032987
34 2.9917772910994245 0.9958228179757905 0.9928252332191033 0.9905702463669348
402 9.599736170139295 1.003675114534011 1.0062992872489678 1.0088369562606851
152 3.0129186550202576 0.9977762631863483 0.9971670106297663 0.997310239646571
35 1.7166614709276473 0.9979277707219752 0.9963664199450074 0.9953536851618228
529 1.505332365661161 0.9989567199824836 0.9987068981184504 0.99858821296899
403 2.7761417985148 0.9988484454786639 0.9987640510028529 0.9990818290394768
901 2.4472938837407128 0.9993507810164219 0.9998439824203131 1.000966350631971
278 1.3714382249399932 0.998047668759682 0.9958152655803035 0.9940469032767056
784 3.9704794805129495 0.99269747106238 0.9863516030598768 0.9807687412021564
36 0.4388201288329583 0.9997579410514474 1.0001308479922586 1.0007297313072998
153 4.229348880093312 0.998461702571894 0.9982564933732162 0.9987427602098466
279 0.9174777143452957 1.003670749107314 1.006712792183854 1.0091882408720998
902 4.088098940630516 0.9912906220166133 0.9846924873846172 0.9793270334053933
37 2.187611651543193 0.9967118948551376 0.9934095916643659 0.9903403667500027
404 3.9111666325970873 1.003555038828358 1.005757405273558 1.0068577491852417
530 1.264045676765818 0.995523942151131 0.9915998118130869 0.9882233608688343
405 8.462399143356379 1.0032023720178667 1.005731369518259 1.0076970269331558
531 2.062751149829637 0.9995719783334004 0.9982934055524455 0.9967637214275354
406 2.2619652304056217 0.9964422961660682 0.9934271826697644 0.9908188248245825
658 4.980527745714426 1.0078165561758248 1.0135314801115047 1.0174049714638045
659 0.7922644625577959 1.0011612887755539 1.0020773059752393 1.0027261036057613
154 1.4905966899823397 0.9977814300534651 0.9961054918909512 0.9951233707964625
785 0.9056086285272613 1.0033193236844837 1.0067183002818698 1.0100350848813766
903 4.527838816406074 0.9840064680084878 0.9720903504988512 0.9627992544214974
786 0.9877747791106231 0.9973650397443427 0.9959954040689017 0.995242800340309
660 2.97136313820738 1.001367015756022 1.0036119493010742 1.0060960068724774
155 1.2271518532943446 1.0040690348831496 1.0071779393285107 1.0094789319349742
904 6.606725609120986 0.9998802351050836 1.0003311943723787 1.000966357586719
280 0.30116915199687355 0.9995692461774252 0.998735235314478 0.9977003103684207
407 1.119139144429937 1.0027388380487365 1.0051481027976301 1.0071770063668573
532 0.7023619152350875 0.9978826221318746 0.9967146169072525 0.996024190191257
281 1.2393052468687529 1.0002049478069706 1.0006358302067493 1.0011256491955796
156 3.7053744250206364 0.9986020435311426 0.9985300443416335 0.9990945235290387
533 2.582140089059976 1.0039467132765625 1.0071978298555062 1.0100244218382395
661 2.836962687477353 0.999211898568433 0.9990380647424386 0.9992739363884202
38 8.981918175475585 0.9868408509803722 0.9745275354730915 0.9631432185684627
662 0.20469099896945409 1.000962348435513 1.0018130728804977 1.002561178143701
663 3.5235166747188487 0.9972466701958717 0.9950747705038707 0.9932625964427956
534 0.4680092625403631 1.0001982409417152 1.0005896059097827 1.0011640664514732
905 2.1836913222959993 0.9995151754499599 0.9997718237534903 1.0007255685026277
282 1.9942758507404506 0.9986684114309131 0.9980082670705828 0.9975913897481403
157 3.228977469907477 1.0065443346480927 1.012188556220625 1.0171750337292953
906 1.080519458568233 0.9993114214389527 0.9989834655746417 0.9988746873207219
39 2.253120040109934 1.0034732426896515 1.0065536425108377 1.0091935319764889
787 6.559008859918322 1.0055736823192918 1.0072777301805746 1.0067947636297965
788 3.4717203473264817 1.0003709040955284 1.0004078761185147 1.0001354442533419
535 6.776558159404885 0.9914167987258232 0.985507172528878 0.9808986648879867
664 1.3707009199897584 0.9940156748049219 0.9907273913459277 0.9889301213805659
907 0.6861859714153979 0.9983430675427065 0.9969509232490816 0.9957258839752265
908 1.3431732379704044 0.9979689430895144 0.9964576396010062 0.995268055024061
40 2.697593280741785 1.0033832728972012 1.0055331533808993 1.0068305769410397
536 7.023900517959191 1.0048582744799537 1.0101267446155837 1.0154720174875813
41 15.300065721014107 0.9939858190651345 0.98920621187 0.9853372981858025
158 1.4845328900755703 1.0003993591831508 0.9999712438779692 0.9989011321762965
408 1.704762919802306 0.9913852455724 0.9854679452615793 0.9810959563559701
789 1.6123105698916333 1.0020148774951585 1.0032751529408865 1.003843635098241
909 0.7014605994536396 0.9990292835030801 0.9978805694287143 0.9967407382932013
665 0.8789602846300113 0.9946931432683058 0.9908079552055824 0.9876505572068
790 5.602562190717435 1.0042015392733428 1.006367096535512 1.007453461855364
537 4.017282440889176 0.9875616853496968 0.977814137506014 0.9702998319591547
910 1.3822401265679218 1.0022942669139412 1.003834503671568 1.004876593341946
538 1.279341406587264 0.9978806781158809 0.996633876498675 0.9958201453214928
42 8.26250746194637 0.9975676764125317 0.9941541422030545 0.9904594301967918
159 9.581188996678975 1.0044295353436377 1.0089871235515155 1.0135975281879035
911 0.5097705517346185 1.000814401062564 1.0011767457182874 1.0012885085497896
283 4.7769611859384895 1.013329999004028 1.0262041989237194 1.038244205108313
791 3.639198973969542 0.997085099183233 0.995581659786657 0.9950544345306194
43 7.931562379242678 1.0006184315841093 1.002928906734807 1.005744133410059
539 3.08789692508617 1.0019518918049397 1.0037964485811626 1.0055338648167493
792 3.567304124815564 0.9969958845583342 0.9943309184764476 0.9920936334811972
666 1.1031936970193783 0.9938932196151622 0.9886646383092307 0.9842349053348708
793 2.271723417463363 1.0043206560633187 1.0079325026180432 1.0109104927834618
409 2.773922595735712 0.9931952174408516 0.9888094351140704 0.9857582512011024
44 0.8730655333110917 1.001136800631083 1.0015290239443673 1.0015172907093366
912 0.5940388384751714 1.0013169970487936 1.002576012582359 1.0036155469384096
540 3.4705052081117174 0.9969187773022266 0.9963601665171756 0.9969420218582582
794 3.5179596606431005 0.99595442134792 0.9923862395192072 0.9894263226942773
160 1.2682665088468639 1.0006951158386421 1.000736882247154 1.0001627818443206
795 5.579483898180115 1.0116435628022837 1.021349077939128 1.0291536619361425
796 2.4125168305199622 0.9983890071138163 0.9978563412291389 0.9977110528924833
284 1.257079804332534 0.9987765586953493 0.99742218943755 0.9963717291585215
45 0.22510246237106912 1.0005906222498584 1.0014008790003628 1.0021849631677215
667 4.263478357075655 0.9882749597796786 0.9788107933528922 0.9711615458615002
410 2.9377065791995847 1.0035721399635027 1.0049725371952292 1.0051671511590246
668 1.433475828878727 0.9986430603248261 0.9975470370939804 0.9965930497198225
797 2.0663804622472526 0.9994154224037537 0.9995977093372764 0.9999444456503292
541 2.8963196460354084 1.0026569153220686 1.0039782258741792 1.004898679983505
285 7.574651827069829 0.9963160737272383 0.9926425590005864 0.9891057259847379
798 4.252076912962366 1.0047790248900237 1.0083327809238511 1.0109241302716347
542 0.6333307588211028 1.000215271265478 1.0002294843282742 1.0000817593479583
669 3.4633505456276907 0.9909204470977683 0.9839909796229127 0.9783482441878947
161 3.110307006201765 1.0030540534259225 1.0044095191678286 1.0053451506613762
286 4.536129511536274 0.9933151349488119 0.9882571520068381 0.9844809586838048
913 3.842677742941305 1.0072494546399826 1.0154636578780722 1.0230724709753647
46 2.987432641817577 1.0038764773300037 1.0088580141504275 1.013827266572625
670 6.795957828077007 0.9941532992701061 0.9898009610143541 0.9863923024142055
799 1.8802683150261146 0.9991206105312143 0.9979179066968696 0.9968365338219971
543 2.581812124370117 1.0033550897653254 1.0050153867465588 1.005691335345114
411 0.6788380772304663 0.998071298875923 0.9964093268823138 0.9947861570796809
914 1.518440376221406 1.0021005779698384 1.0026896020004143 1.0024406805280972
800 0.9455501050797466 1.0051148710891402 1.009575530018519 1.0133644117181955
47 0.03678388441767311 1.0003285941432858 1.000750440453439 1.001162929241936
671 3.768600853452881 1.0046048558069336 1.0079538609084626 1.0102162012556235
48 0.8860153692730819 1.0014019362278124 1.0026057645651074 1.0036093832158564
915 1.2053702406537923 0.999465638904872 0.999553180097247 0.999871731477364
162 1.7497303023301356 1.00006273791973 1.0011006316609414 1.0022497811469446
672 0.5764663032496173 1.0003673391667127 1.0002967856717173 1.0000922503295724
544 3.976618337970649 1.0046076369914378 1.0077194246179852 1.0095473667660861
673 2.2364212759403017 1.004942987609288 1.0091599794017676 1.0128838686148791
49 0.37226507457853586 0.9989412079162927 0.9984218706556517 0.998322777126711
412 1.9379423104292073 1.0052908013487023 1.0101950150799701 1.0144783440493619
801 2.4430589944386156 0.9978311650278653 0.9950422551512796 0.9922709060978732
916 2.140341227861427 0.9996989044839747 0.9989946810617185 0.9982892070753933
802 1.0118927570783853 1.000477863526608 1.0005190143422678 1.0001587125999472
545 0.3197543608985143 1.0040712705450279 1.0075475744477107 1.0104354395902109
50 0.0358042229890998 0.9997911554685824 0.9997714342805487 0.9998182259838854
546 2.474618334312254 1.0008402487692507 1.0017018285776411 1.0026148100079848
51 0.7505701852896891 0.9982456257802819 0.9969625882261185 0.9959379794803168
803 6.66082646263385 0.9972878512618569 0.9958547741692289 0.9955101759303525
413 16.550139892020525 1.011241498242631 1.023072676715765 1.0345188289308178
674 3.229539190155265 1.0164625696832148 1.0315472049564307 1.0452354619983908
52 0.16513980530908157 1.0005610799337952 1.00118483572644 1.0017468157840341
547 10.695785969310236 1.0123634070542475 1.0227254690015948 1.0315276590457427
287 8.415164971806007 0.9928600640915709 0.98215387804416 0.9703259676840704
917 5.348663376731565 0.9951181070622187 0.9928287236190418 0.9923154804128109
414 1.6632850671267079 0.9939121282259605 0.9885293945491921 0.9837303354611636
804 2.2411089937650104 1.0017121561282096 1.0033516721990157 1.0044310047357004
675 5.3734827218650025 0.9996702036328515 0.9995976667964138 0.9999010548407828
548 5.4916660468843475 1.0103326330189863 1.0189279839873158 1.026143664338929
918 1.2436008010117803 0.9941402777163176 0.9891211911451109 0.9848110226366807
288 2.835498213118626 0.999890274466408 0.9986523154085144 0.9971014777433636
163 8.413251108804616 0.9837510076076176 0.973089769216321 0.9659817088142587
415 8.36072983763188 0.9954145044818391 0.9932230853789924 0.9924476882972386
676 4.092848103171491 0.9996729962827482 1.0007181218691905 1.0024536947351024
416 1.9041295843053376 1.0004258317002985 1.0000628978572466 0.9992343283468424
805 0.7397202139563888 0.9995548028816065 0.9983639646864853 0.9970255671950576
289 3.924533052097104 1.0049114867691438 1.0093890672616772 1.0132932163545971
806 1.0677910839422111 0.997264836046216 0.9948432400145151 0.9927563904387389
677 2.1379697196516645 0.9985798238586195 0.9986941930610551 0.9997992688502702
807 5.005092199706269 0.9956241247803531 0.9917576611315524 0.9881680370112136
164 2.960305770893683 1.0003921476408142 1.0003551146725098 1.0005233243260294
290 1.6646273261321767 1.0015080328588344 1.0036665024038425 1.0058589634854609
53 1.6821174525084643 0.9917541444402274 0.9833612754322194 0.9755805683089399
417 2.900695122589241 0.9984928001010114 0.9956118687445794 0.9919361868426094
549 3.8047366628688906 0.997018618379261 0.9927825064903545 0.9879535071415583
678 2.856339192323503 1.0003558870716351 1.0006288970319812 1.0007090890305104
165 0.5888257966034871 1.0017737079413507 1.0033045001708045 1.004623066052514
418 1.0904008313809754 1.001752357634074 1.0028740742352502 1.0037813624055374
54 2.7808192090233206 1.0050369589317965 1.0094689072770207 1.0133851851432132
291 1.4296779979758867 1.0019539120396153 1.0048382533620546 1.0082441955247308
919 11.879494785856878 1.0154374912506463 1.027600674747093 1.0372447487350585
550 7.431781310955557 1.0061338985833852 1.0123413942292323 1.0177472998187644
292 0.4477073879825184 0.9978579330444252 0.9965378206949808 0.9957094475750464
55 3.770494996348134 1.0008315579976683 1.0021001893330894 1.0032249583839143
808 3.5334534518442524 1.0069208237785479 1.0124093457417442 1.0170000538086725
56 5.332451790254709 1.0035851977929662 1.0060838800930827 1.0076874986739592
419 1.9153802743549022 1.003591351216413 1.0059811032006167 1.0074230151200378
679 6.8735902779626485 0.9879060834632397 0.9775383949001296 0.9687686482008048
293 2.4480536296287028 0.9958458997655161 0.9921489613348243 0.9888142081953201
551 2.436614724507308 1.0020221500290896 1.0038127169581728 1.005353585786722
294 0.6164002515197353 1.000835754621463 1.0012772513554031 1.0014852306974877
552 3.830381583977214 1.0003357759563412 0.999742379742123 0.9987283024413378
420 0.823369454474232 1.0011306943169158 1.0020874135540405 1.0028786541645065
680 1.9197001575357717 1.004047617834649 1.008109333993411 1.0118529951389172
809 1.897094303603808 0.9993896504785341 0.9992936186570888 0.9996366216229391
421 4.659935176579893 0.9925303533110577 0.9864150745218049 0.9812676944676318
57 1.1986219184236688 1.0011187051349075 1.001479272191013 1.0013277362086899
681 7.306539223804066 1.0036577940831202 1.006506757959915 1.00856881921968
166 4.684683556140953 1.010005260267257 1.0205501627813478 1.030757636669896
810 4.108835277986145 1.0039454634830072 1.006860698196898 1.0091945493384031
553 0.3552607822512073 1.0026265922228732 1.004882676437353 1.0068024651172762
682 0.9449413473994355 0.9973880988714111 0.9949050053476103 0.992608339563324
167 2.1337171335617313 0.9977433520657827 0.9957987982289314 0.9939913807141223
58 2.433938733272953 1.0084960862488987 1.0158497338441141 1.0219144025350047
811 2.263298458799909 0.9958272797333142 0.9927592875363346 0.9903200944697574
920 2.199323597778857 0.9937679514033485 0.9890554765740482 0.9859242129975911
812 2.334159869411451 0.9961702158299516 0.9933013215538595 0.9912169476486777
554 1.208811313705155 1.0016583621743604 1.002575299148724 1.0028947605613239
59 4.892249312615604 1.0058840264057638 1.0113610292663364 1.0161030522815626
921 0.6105578468268504 1.001371123274546 1.00199986651488 1.002221297385223
813 8.722837401439392 1.0095978157271701 1.0169218959998263 1.0226244580699813
555 4.980803447590006 1.0015151438166834 1.0026761082178783 1.003435907378945
556 0.8699435875205381 0.9976994079364611 0.9954944178660982 0.9933878648239279
168 0.06355242744211864 1.000202431495224 1.0000472201069646 0.9997487616034071
814 0.3643064860825689 1.0014299107342017 1.0026417981567923 1.0036790516571956
683 2.3278902903366543 1.0053257570711769 1.0104690854145264 1.0150872379243185
684 4.2205633380635845 1.001713091610899 1.0037205616383187 1.0056630612143809
60 5.773691501120993 0.9933815365037009 0.9873746464316362 0.9823603324559651
557 6.145056809200469 1.0056837723214163 1.0099298802575256 1.012643660640059
922 1.1675649143835471 0.9976739024196632 0.9961806807494957 0.9950841462574276
422 9.78793926324397 0.9980010691070724 0.9995360111688237 1.0029921210614763
295 11.705447642838408 1.0143810672185298 1.028189592113288 1.040597600938948
423 3.0250355972621037 1.0008122551708178 1.000810195851549 1.000473592279732
685 5.456336846586055 0.9938216415766137 0.9882482679849888 0.9832533899655204
169 2.6295686635949096 0.9967231540107205 0.9955098840523446 0.9949462271870887
296 2.0383530618237273 0.9992802958701924 0.9985680057632513 0.998020577837393
815 3.362568111038854 0.9962178784547591 0.9940521106371045 0.9931810855366263
686 1.6382922771954327 0.9984239101060703 0.9979710571590023 0.9981069112737098
61 0.706289166570059 1.0024311424911587 1.0046149388278505 1.0064041801590748
170 1.7961249426480208 1.0016178417018642 1.003654013552627 1.0056461011439837
816 1.2313373133820278 0.9957431301536144 0.9920790481037751 0.9890569279849628
923 2.5920357357790635 0.9968098270273498 0.9942219866083684 0.9924014855072711
62 0.9156848110214924 0.9957267700404004 0.9922423867270775 0.9893959776627703
687 7.6119669983345375 0.9916521318321331 0.9853632175711907 0.980337127877114
924 0.5309175943584705 1.000529064978283 1.000886443007114 1.0010710229701014
297 0.9532341280810215 0.9964052755684751 0.9932572203476755 0.9908004047027719
817 3.633195875101592 1.005718021173026 1.0125692778894986 1.0194230151016725
298 4.877114080292813 0.9926581486552779 0.987639691180835 0.9839807407893091
558 15.231891449613613 0.9849315411934718 0.9724630963232493 0.9629539045949692
171 1.7714684706315893 1.0039466718689316 1.0077289828275509 1.0112608073791796
925 0.1798809517549671 0.9983476724138618 0.9969748717873785 0.995771816951263
299 0.43683841407801083 0.9992460746321874 0.9989900601162983 0.9991098477885814
172 1.279212898507467 1.0021085581252849 1.003834014012907 1.0053635567263401
559 7.379643750264222 1.0079204323456235 1.0137859156449769 1.0179939304884433
300 0.2592357763023756 1.001290767456694 1.0021923806524866 1.0027866989322511
926 0.8167563328224787 1.0030585864723949 1.005439996084423 1.007492435027207
560 0.7962836710121337 1.001009667921476 1.0022329216811108 1.0033699501293858
818 2.0130597130373644 1.0012128123755955 1.0034558525263348 1.0059339133727845
688 4.249087298698214 0.9901629379956921 0.9834340536485107 0.9784796048981308
927 2.6984619329050474 1.0007736616643144 1.002360244329948 1.004314010859685
173 3.316336449564915 1.0001570295056812 0.9997695680670177 0.9989282731590775
301 3.4478555095993215 0.9929373131476945 0.987041239192004 0.9822832792339432
63 1.628062133479034 1.0044677560558497 1.0097218736519653 1.015063051480528
302 0.762894096716991 0.9998285687979408 0.9990292803771215 0.9980250963144313
64 6.117785229746005 1.003887996757172 1.0076699987243947 1.0110493401301839
819 2.245099740837759 1.0023522328374108 1.0042519760091626 1.006038913840603
424 2.880883362988243 0.9903319310600046 0.9839379156403646 0.9795914461208484
174 4.915880059417759 1.0035979927723029 1.0069329456027878 1.0095888429930493
65 0.1030976367292169 0.9994710691766594 0.9991489044615508 0.9989416037184287
303 1.0533906360033143 0.9979005994964817 0.9959882499102871 0.9942774066189266
66 0.21476168776644045 0.9990265499799652 0.9982255257439403 0.9975998900479193
689 9.234542211372172 0.9893129605096559 0.9835234330738498 0.9802217765412807
820 4.5166149592987495 1.0055592666974917 1.0076373002695134 1.0084096765204535
425 2.044519361390485 0.9996266419398621 0.9993567025701087 0.9994257227690263
67 0.6024869776756532 1.0016425241634035 1.0030896523612238 1.0043503058768495
175 7.0634359146497445 0.9910906639529448 0.9838411472101236 0.978114684228142
304 1.8173240404830722 1.000091492113119 1.0013395983209872 1.0030567658350495
305 3.1057384093728615 0.9974858467988431 0.9957554313881315 0.9944529688999907
561 1.8558853716076555 1.007731959311434 1.0145390833306454 1.0207168162370241
176 2.6548385391870397 0.9949281842297122 0.9906355547647999 0.9869107142815544
928 2.911779172891329 1.005237547938289 1.0110869305934322 1.0169605826655406
821 6.745104238498243 1.0161575150305024 1.0296512485205516 1.0410279725559355
426 0.901418319408549 0.9970981891986715 0.9945964703726752 0.992428691181622
929 1.8282736322707933 1.0018156817783976 1.0024409517864095 1.0026194970783462
822 4.705316575777033 0.9900556448111228 0.9828084011167507 0.9774134833045016
930 1.8032394787242083 0.9970759294916387 0.9949464159377878 0.9933121482782212
562 3.752092208174872 1.0074053290350087 1.0141845515648755 1.020154181506657
177 8.189993529791536 1.0295426571634174 1.0534545095422028 1.0730569278295987
306 1.4795887305899669 0.9961035249174073 0.9921911242035938 0.9885478200286955
931 5.038248188026046 1.0051276441691366 1.0099552306042863 1.01443921066543
68 2.330535522663922 0.9951923985228981 0.9933163999390151 0.9927969002142237
178 1.4647412231352064 0.9961089829183655 0.9930941823667888 0.9907332868131417
932 5.627203658592407 0.9956019979839503 0.9909947268035578 0.9864158754756799
933 2.6738314700214687 1.0002142324219445 0.9995217768070712 0.9984488479176521
823 11.060668310998153 1.0046489958143394 1.0061789031652588 1.0057725708080594
179 3.587612759298281 1.0025638365808578 1.0031596266828682 1.0028205171034448
427 0.9014664259193523 0.9949478221291908 0.9911691225908237 0.9884716684292216
690 3.743616466106687 1.0006759421227502 1.001000205331819 1.0005891845205057
69 5.49922170953505 0.9914693098908909 0.9858133375313818 0.9818725218589704
934 6.625864805428137 1.0091802511839887 1.0181867430946496 1.026221294654865
563 1.9697139687123126 1.0038970186719396 1.0094510593716344 1.0156871576145803
691 0.8321595353863813 0.9974414989718452 0.9951052995251468 0.993004609383595
180 8.746509188071286 0.9928666705711977 0.9866694978894723 0.9813732458437722
692 2.822540257619039 1.001181040649875 1.0025697011267742 1.0037193472931045
428 3.13954992894287 1.0033859396152436 1.0064873344457688 1.0093641365528672
70 15.084625897732622 1.0066991198259152 1.0132751613147213 1.0202110454104245
307 4.521232270726614 1.0121522318469653 1.0239812416765803 1.0351333027395806
564 5.8799777217918745 1.0143044454334282 1.027139615370359 1.0383837501828797
693 0.3661965186583984 1.0004627639306398 1.0011776566443478 1.0019684486819584
308 3.3430323197462712 0.9935171453542075 0.9888313283428051 0.9853494899624667
71 2.877525171286834 1.0006578284215148 1.0013923639302276 1.0023967590432845
181 2.4403560793616634 0.9922928565968667 0.9854410836322548 0.9795423886032976
694 1.048420671839267 1.0025337167963282 1.0053902651332212 1.0079900013790697
824 3.9414709675584163 1.0092048595342524 1.017888711536972 1.0263424574184017
825 8.613753306823128 0.989180166372394 0.9809524531143016 0.9741815935321906
695 2.9175201127254695 1.0019062761677018 1.0043306685300426 1.0067278958503878
309 1.596319325182776 0.9919929880808576 0.9851179078943006 0.9791375357896159
72 1.5713068033055606 1.0012151488116814 1.0022253880918963 1.0028442068191752
310 3.1820639095858496 0.9972290172135818 0.994521934988167 0.9920370782427205
73 1.687286256279549 1.002000794789754 1.003220558587829 1.0040635204853148
696 1.980568928835055 0.9967648623284545 0.9939195665785339 0.9916599737473084
311 1.319005290604764 0.9984152386318109 0.9973977663122882 0.9968085947449211
826 0.9977111068401427 0.9985389531689806 0.9982497606649846 0.9986775011218592
74 2.8646501725434064 1.006011311790994 1.010813629777814 1.014539265969274
312 12.42120477069875 0.9968870378561677 0.9932097234164357 0.9893008724129555
827 2.444653151284001 0.9966891533802112 0.9944762347610666 0.9930863162986753
313 2.652470621957036 1.0000944423349925 0.9987450784789166 0.9968021442304862
75 6.114196652910323 0.993257721838149 0.9873252499303521 0.9823208769974691
429 5.018107299953044 0.9986662598599291 0.9974905487498752 0.9973019429663148
935 3.224629174990696 1.0289192785103993 1.0558258609026907 1.0796112562158766
697 1.6410702638331713 0.9952365934616556 0.9922864372740045 0.9902312989788774
314 1.1625619143178483 1.0004922968095624 1.000976245060977 1.001333984093479
430 0.3299666710445308 0.9987835113138944 0.9976369496024899 0.9966412469697439
936 3.5475343943053304 1.0024738512704625 1.0039793244551634 1.004847972861418
828 0.7520987419557059 0.9983628733484972 0.9965134298080542 0.9946669093493349
76 2.015067060276124 0.9974140662137282 0.9952463387469794 0.9936431500426821
182 2.597894708995227 0.9976678420811054 0.997402672542079 0.9982713039610841
315 1.6770833228929405 1.0033854197807506 1.0072130015727614 1.0111101288347457
431 7.650008234266352 0.989476647426903 0.9810696933121344 0.9742441457865574
77 0.5970760989748669 1.0014060933992341 1.0025990800531268 1.0037217714314277
183 2.1903893537510157 1.0012313182882233 1.0021608739507735 1.002726594826306
432 6.40146560026551 0.9972015420645263 0.9938682682276744 0.9905650518453333
937 6.202505783394372 0.9928315251367144 0.9861567078062738 0.9798878451750795
565 3.8784108392374037 1.023955014214759 1.0454547888850574 1.064588001176011
698 5.200149724230869 0.9986462721392284 0.9953482151682167 0.9910873532025877
78 2.0728051263449743 0.9994686312142226 0.9991335176362509 0.9990584938532123
566 2.840105422304987 0.9998056367194408 1.0000118835432676 1.0003007951436076
79 2.485552330414066 1.0000556666502967 1.0006207435420307 1.0012786156806925
699 0.9813311365360278 1.001342202233576 1.0026123203631594 1.0036893551597112
567 3.6991341443044803 0.9986222246350315 0.9968916644320374 0.9949667196600522
829 0.3336357083826442 0.9968038338461028 0.9945987826569465 0.9929047452475886
80 2.496953482130266 1.00707202458735 1.0127838515563776 1.017592837246761
184 2.460189220324537 1.0001246307459524 0.9996203035629893 0.998652537180577
433 5.053256622442859 0.9940019902411616 0.9890850635069155 0.98528150358696
938 1.0847073832428578 0.9955931952470847 0.9917054643182973 0.9880775884392521
700 9.85923142327556 0.9968323327650768 0.9953698703491156 0.9952746975178711
939 1.7607908502759528 0.9977691038717126 0.9964776131024494 0.9957913401575654
701 2.4424603889583523 1.0006445920721616 1.0020639940299698 1.0037263203616615
81 3.5081716013482946 1.0033316258267106 1.0051077247993208 1.005923869237898
185 2.131219510731171 1.0011118851608214 1.0011733909349936 1.0009162995120964
82 4.8445740857678175 1.0052204318340785 1.0099362887023233 1.0140194486149425
186 2.711598648536892 0.9990225265810093 0.9990103701036905 0.9995478415178493
434 4.37752513576379 1.0043088731821117 1.0094303586405367 1.01475534901991
316 1.278121360373916 0.9987078334933268 0.9962891933042175 0.993722746949654
940 7.588057920596839 1.0060482025317905 1.0112768991080847 1.01577514690689
187 4.864632605555016 1.0049569958608862 1.0087556517388914 1.0115899614040846
317 8.19166036968818 1.002121295221021 1.0040105943697606 1.0054262605750661
568 2.4106156196030497 1.0103801692238832 1.0180373775538787 1.0235220397156153
188 1.12464390293826 1.002410092669595 1.0048248888433158 1.0070149712372876
83 1.1486685406089236 1.0075430694758167 1.0131463497895128 1.017446146230882
435 4.247301958832395 0.9991877279286924 1.0004126137881146 1.002293818086233
941 0.9456026811822085 0.998622077983542 0.9961586409942608 0.993428228413514
436 3.365750827098964 1.0039654214238334 1.00851258619876 1.0127991967077004
189 1.0181292794477486 0.9992862657296436 0.9996068113549333 1.0002899228255355
702 2.289726565266392 0.9910470638594416 0.9830742905053619 0.9758883854995705
942 4.731215534913645 0.9995718577597673 0.9992884608055801 0.9992783325615241
703 3.7223584949788346 0.9947677244022662 0.9904340273133407 0.9869674861787974
190 2.4674592385290453 0.9997069389284583 0.9999225401187352 1.0002025004155255
318 3.6649181676184526 0.9917840983715916 0.9854146693438117 0.9804240115437386
569 1.748416612863366 0.991268874348897 0.9824905999031935 0.974277583755663
830 11.507544929796495 1.0184069408584153 1.0346776213917124 1.047425526873941
831 2.4043031586679717 1.0010408324805316 1.0016634608334565 1.0018774284144236
570 2.3940429604263045 1.0010505929152478 1.0018668898515695 1.0024031393044293
943 10.878070650262089 1.0189750050570434 1.0322019203789952 1.0414927027983236
191 6.007994797750143 1.00100807929072 1.0024792834933873 1.0045114175622132
704 5.05287418959233 0.9966616681990884 0.992906429368159 0.9890940264968073
437 0.6100372373493883 1.0036123199157962 1.0065128901891347 1.0087347409760357
84 5.986057063071712 1.0057496473747316 1.0117821272969134 1.0179956484271278
438 3.2927965822618717 1.004419009489961 1.0068211884027893 1.0080611839682365
319 0.7231840981785354 0.9956874889977739 0.9927455422797256 0.9906069157404145
832 4.723578842345887 0.9916439473924966 0.9835123253587559 0.9762517881061714
85 3.047655924669016 0.9993741981117387 0.9990686484566716 0.998736574687954
571 3.2411012210995978 0.9970332596114242 0.9947272497286741 0.993421752235523
439 1.199022478009283 1.0002828863319868 0.9996870963653276 0.9987274696750239
705 2.6188819032613537 0.994324536932686 0.989307653638586 0.9849563819700029
944 1.2748169746100757 0.9964581574188833 0.9934871472753144 0.9911228259265661
86 0.40349719311416266 0.9990585462330508 0.9984945097305666 0.9981166697551076
572 0.5075236549673718 1.001466239173975 1.0024880508588043 1.0032032173030598
320 2.97526835411918 0.9981991183220607 0.9963852545045166 0.9950584199766656
192 1.7912353087576776 1.0053400862359319 1.009121161072885 1.0117086398604327
706 1.4568124736742902 1.0059226538969377 1.0107728193330945 1.0149188907504765
440 2.026007785108959 0.9972913264633686 0.995065463179325 0.9930695918590573
87 1.3809752144334198 1.0011765106024135 1.0027672148693905 1.004484594402941
833 1.3032464198804519 0.9973680355866534 0.9960918381479426 0.9955782701763976
573 1.831254717961201 1.0041873275308821 1.0078118377593697 1.0109879418788257
707 12.420664681489143 1.0086985649598683 1.0183650634663073 1.0282463369631547
321 1.0172233292068995 0.9972806224192023 0.9949946166529839 0.9932151801738665
441 15.776384083090306 1.0012243112735266 1.0043629588253675 1.0084910808389054
193 1.0184390562117187 1.0016550475377979 1.0034603174373844 1.0050537234705674
574 6.972198656269029 1.0046430180707975 1.0095527677225564 1.0141762776998713
88 3.1950881812463194 1.005714948615831 1.008979630785709 1.010691170273102
575 4.770304654355641 1.0036743436523021 1.0053428996965301 1.0055873458592142
322 2.054315488856446 1.0022226829471577 1.0016645136676214 1.0000911828165508
834 5.789721080200252 0.9855991138853037 0.9754848847113783 0.9680458170181112
576 2.4380539575249713 0.9981607707816275 0.9975169735218388 0.9974229427009333
945 1.9603262603068288 1.0004753032636706 1.0030556894873481 1.006302116945157
194 5.804269068508802 0.9843481916637743 0.9720223189647907 0.9621984285391119
577 7.207473216167273 0.9948702587542412 0.98899464634703 0.9826697066593105
442 2.7832634094356763 0.9969655961369247 0.9933710446401044 0.9896865998451498
578 4.505403350782217 1.0025627913004753 1.0044213575893577 1.0057103018998732
946 6.600853262012606 1.0028587129025397 1.0053390750709965 1.007595177839027
443 4.03304422374822 0.9924846122253324 0.9864312219457154 0.9811368661370968
579 2.235550973320642 0.9966823489238628 0.9940167471885458 0.9918521905583548
323 0.6853904552008316 0.9952370732979009 0.9916681716340062 0.9890901825714041
195 5.181239965337227 0.9900558594713164 0.9812507194342109 0.9734926382363863
708 1.3470714187042176 0.9933423956399324 0.9879593876737857 0.9838394591735155
835 2.180357569766784 0.9999389620404581 1.0002385429819443 1.0002416808906447
89 5.724322879586907 0.9987844729565515 0.9997634771753778 1.001985665369045
324 7.62240599782308 0.9952177773626504 0.9909536177357193 0.9874787114692479
444 1.2951935402525123 0.9951717739228152 0.9915929295514455 0.9889344656574112
580 1.7576536713131645 0.9963814191906417 0.9940931689235959 0.9925028046408249
196 0.9561281343085284 0.9976990274350477 0.9956753791726857 0.9940184265947667
709 0.6636642268604191 0.9975091371499359 0.9953628156566532 0.9936360628142756
581 1.942432163779813 0.9984969392291093 0.9970750811740615 0.9958712728978972
445 4.054617406847683 1.002269247690861 1.0032407484006958 1.003585208663153
90 6.71925622236995 0.9875162106647197 0.9775808046593928 0.9694537030425402
710 10.969379488808045 1.0107059859527696 1.0194014326269982 1.0264259926772845
325 0.5569897209861665 1.0008114352756166 1.0021375395483685 1.0035961199269394
582 2.350215862181358 1.0061691332286222 1.0107239709125952 1.0143682213136282
197 2.8375467064561235 1.0053842213247612 1.0091800227090408 1.0121257368354286
583 5.807900508600142 1.0060563832321212 1.0111308697245895 1.0156696365608913
836 5.551077425821859 0.9863494796573751 0.9750916360474674 0.9655991529238058
711 2.2469813890566 1.005949574829314 1.0111811013941223 1.0156747378472444
326 2.7904696040677663 0.9962400064528499 0.9951824460916314 0.9952792488703305
837 3.566154981494037 1.0018775337946437 1.0039355038244333 1.0056716588491248
712 0.7571469617068942 1.001948720654765 1.0037161712240343 1.0053057261657687
446 6.512829075887566 0.9935305698785997 0.9915387867142633 0.9917761001160417
713 1.6731534114296664 1.0017170945290852 1.0034389718751116 1.004960510350647
584 6.733085870320792 1.0078975145958884 1.0115808034000011 1.0127102854572898
91 0.4874730497467681 1.0035625538040467 1.0069807343468624 1.0103037103687245
714 0.6183352968655527 1.000206404488594 1.0007927356780912 1.0015109254874972
447 1.863757916362374 1.0052505868025394 1.0102720074045353 1.0148784404065472
838 9.290141142537323 0.9909214276825943 0.9830390803732982 0.9763739800590715
585 0.2469720256030996 1.001041940265231 1.0023217196377987 1.0036135156844557
198 5.897170512887897 1.0128380727158846 1.0223964690593144 1.0294541802112478
586 0.3744825363264681 0.9982050521653405 0.9970642077677524 0.9962133813507729
839 0.6632043218596664 0.9983630159162902 0.9975397691945488 0.9971262612874219
448 0.2493659132214816 0.9982612561519233 0.9963802981480396 0.9946056806611647
92 2.869135548344275 1.0107730103622807 1.0204355938002592 1.0293248873432743
199 4.1176563205699495 1.0059784808232934 1.0108518634809152 1.0152389207632404
93 1.6390528192641796 1.004458579814631 1.0071424791460861 1.0087696069831438
449 1.9222832332197868 1.0054071068897055 1.0096626996478413 1.0130467706120507
587 5.263710014076423 1.0099966761613293 1.0183838459820196 1.0256724535046986
450 1.4455699058689788 0.9997641684703191 0.9996384082627265 0.9993984066256173
94 6.7233492409195605 0.9952333349281666 0.9901981229093217 0.9850699174237996
200 2.284268954772415 1.002919731189815 1.0054451438348968 1.0076792196868025
327 6.397663771067528 1.012194315752666 1.0239693245896022 1.0347644711227335
451 6.049266440564679 0.9930275096339027 0.9861317018571085 0.9796596208683036
840 3.540979882462125 0.9962480603040472 0.9923854876237207 0.9890875756826331
715 20.118539044435238 0.9720719702796317 0.9496027444961526 0.9311658625056028
452 3.3579855575262627 1.0005163826529626 1.000800514597376 1.000875522017406
841 1.6315992196559819 0.9986699789557952 0.997459451530631 0.9963702014683745
95 3.0090064697069465 1.0043631425062691 1.0082859629282324 1.0118071540676812
201 4.51845273332583 0.9980029543657727 0.9973291559376188 0.9973425148764791
453 4.400006553163621 0.9990627673598743 0.9965741858378628 0.9934289030864353
202 1.4937192347879318 0.9982150798331342 0.9975216679142391 0.9975062265887193
716 2.055185487435665 0.9993733661498558 0.9983917152664117 0.9971245749655852
842 9.656471358279305 0.9984017582556041 0.9980428928069945 0.998570239453682
454 12.43776588505898 1.0045666048814517 1.0086331364401466 1.0121166324907895
203 1.7626437467060896 0.9998306950986516 0.9993831025062064 0.9987949720531982
947 6.151096052144567 1.0311698396765923 1.058839000122148 1.0842114224889157
717 2.2755135418119607 0.9873258439181314 0.9774005072896769 0.9696944731629322
204 0.972423461094877 1.0002007642997197 0.9995316269039709 0.998627362417403
455 1.501565291926454 1.000700626474735 1.0014895709558167 1.0024670283937585
948 1.8483660546608007 1.000873494161509 1.00218072788665 1.0036425254471297
96 0.2643756961751933 0.9995903346306062 0.999980240731262 1.0005490882974182
97 1.7191392289914802 0.9988616993186474 0.9984569314445148 0.9982321296174514
588 2.446547152394487 0.9880588534268757 0.9757448666937093 0.963952969220274
949 0.9127246833104437 0.9979423728792569 0.9958323200927123 0.993875952289939
843 0.5573927923051087 0.998527042762914 0.9965519978204516 0.9945208005064532
328 1.5796782433026237 1.0106204198546058 1.0188635951109983 1.025593533894797
456 1.7521809768986714 0.9967183476981819 0.9937599322878137 0.9913539394763993
457 2.582357707698975 0.9972617444890034 0.9945504788187627 0.9920339868377694
98 0.2941703496926493 1.0015902748541317 1.00270251684835 1.0034755744387205
589 0.3216752828884637 0.9993212189811996 0.9986573598477502 0.997954831858203
458 3.332421969014831 1.0013541039149536 1.0025030532730972 1.003579826966323
950 1.6012112789267121 1.004630745636733 1.0077715856594798 1.0100255447772435
99 1.2586216667823464 1.0030877040106017 1.0049991917843086 1.0062758127808957
205 9.526125667347515 1.0132104220840148 1.0258716022166636 1.0377676056010858
951 3.1678720254058135 0.9958721957575578 0.9920037642818622 0.9884109614696059
329 2.6870601088394324 1.0014359251557783 1.0022616295867388 1.002514870696406
100 0.1041852201706206 0.9999773618482687 0.9999356160647703 0.9999313605388263
101 1.8151961983639922 1.0024710197320148 1.004792899940949 1.006831731280074
102 0.5065101176514872 0.9987601440131485 0.997873836829027 0.9971686012949308
206 5.901140239906454 0.9951191264885316 0.9905956392067361 0.9865360765192362
844 1.2810802898893598 1.0054063744753314 1.0102400211684883 1.014214684956226
459 0.5617670992887724 1.0004829041586112 1.0003928802021058 1.000043600154736
718 1.3036691410125059 0.996789791648805 0.9933000867786357 0.9895412351685929
952 4.619796635764942 1.0031827467263132 1.0076414916799252 1.0124498416932115
207 1.438358270583194 0.9985762471368613 0.9968433948833604 0.9950185143703497
845 1.6052819272717898 1.0003987342651626 1.0013513586647669 1.0024380933354535
590 2.989345255315129 0.9916548218801287 0.9860757949632301 0.9825426102655506
460 2.499230002260447 1.001260645667152 1.003285124771601 1.0054283094278356
846 6.398914905226775 1.002479097702038 1.0052002076252173 1.0079539076535222
953 3.0085419540864677 0.9933598701615719 0.9876019301204715 0.9826151144202592
208 14.543724534478315 1.0048772625217535 1.0092946860326415 1.0128681335412253
719 1.45305008217656 1.0006792463177034 1.000253976505034 0.9992424757051784
103 1.283697941698847 1.0017395418575743 1.0023999608972745 1.002659189235873
847 1.5901234197699523 1.0010909551229823 1.0011861173488932 1.00072458384639
954 2.3607798018983885 0.9995480688124317 0.9992525178597088 0.9992193951297031
461 4.760361341359385 0.9992792041908758 0.9997915506210371 1.0007291068995339
104 0.871147058558563 1.0022835571540227 1.0041753173718313 1.0057602641100387
330 14.17626546984502 0.9930574177601564 0.9852282813367639 0.9772185898372183
848 4.393811959547747 0.9941428507153387 0.9890789284569014 0.9848032751976009
209 3.216254999064404 0.9947289061275035 0.9903973377276789 0.9865632016063441
720 3.1925494287388574 1.0016799471798183 1.0035179197998498 1.0049821361054068
462 1.7151786582307977 1.0019707233524078 1.0041970284565775 1.0064625139015553
105 1.2263591347364127 0.9996044569619121 0.999615434933708 0.999924657721951
721 0.594226576766232 0.9985260265191246 0.9972998674907744 0.9963120249533954
849 1.4971913630051858 0.9953870186658895 0.9915458764887045 0.9884774611387687
463 6.527109065973491 0.9985803157631923 0.9974041611528046 0.9966632016805719
591 6.136644322632492 0.9848406502959627 0.9710635497034621 0.9589324874467531
464 0.8943343024820933 1.0003515623377979 1.0004925124791995 1.0004321297987004
210 1.0441582592775376 1.0033284036865873 1.0057821463919683 1.007631279997105
955 4.819992646569517 0.99236842525981 0.9878383602714738 0.9845882032439145
106 2.1769337656223797 1.0088012392359738 1.015424344120643 1.0207611382358872
465 3.2755090455957543 0.99814845027843 0.9971876979894929 0.9969994692105879
592 0.44063221667420294 0.9988757093437396 0.9985163081846703 0.9985343257774193
107 3.579977169229096 0.9999712092354756 1.0011104028639044 1.002697161417983
722 0.3433696592837805 1.0013575293253183 1.0018753533944602 1.0019363326504265
593 4.85821407912772 1.0046988108779447 1.0089643550812477 1.0126254589137922
956 1.3494814088044222 0.9987337525305517 0.9985194632442052 0.9988028260398185
850 0.33340915492044587 0.9991761923923519 0.999219267080212 0.9996654271974612
466 2.7607676806983363 1.0052732569117104 1.0090617847543577 1.0117236922619446
211 3.1185072709122323 0.9977400744208021 0.9968888377730751 0.9970389517989477
957 7.670201617453131 0.9960424799705045 0.9923880680394639 0.98924419859316
851 11.993992348001484 1.0075304889448844 1.0160335232125461 1.0239033008070892
594 2.1784022697102046 0.9949210054143904 0.990189024010883 0.9858970479167172
212 6.730964226433571 0.9985167626259116 0.9962880471882739 0.9941049141536197
331 0.5539144156628026 0.9980701917849703 0.9964521049935852 0.9948631168126859
332 0.07428029606126074 0.9999263302807517 0.9999750531188099 1.0000626131492916
213 3.7950086385426403 1.0008342907413335 1.0020394774524164 1.0033311567161791
852 4.647637458932877 1.0020139716563723 1.0039471822359152 1.005646549702461
467 0.22395505876556854 1.0005808035072405 1.0008139896129906 1.000956607063379
108 5.466329998407673 1.000892528512456 1.0022277000155582 1.0032855394440086
958 0.6432904944995244 0.9997797739631774 0.9996597975003775 0.999468104918351
853 5.709041744672504 0.9911636462167087 0.9842135284758634 0.9786705795793792
214 2.1367363123245013 0.9991425947435345 0.9982236961863274 0.997127235776603
109 2.2990984692642087 1.0006375570276251 1.001683337141209 1.0027801846728006
215 3.0210438348058233 1.0038969596798424 1.0081407522880423 1.012320497993335
854 2.6839637550328916 0.9944121601112187 0.9896377822730167 0.9856433025691695
959 0.6666162567289575 0.9996687292746153 0.9996594110975238 0.999593846823747
468 2.946805555237006 0.9943522971115789 0.9904282406578062 0.9876247435613468
216 0.691249852798137 0.9985167747977706 0.9975213693161773 0.9968263141056485
469 1.5828315743983694 1.0015209716145324 1.004797221895655 1.008747764335496
333 1.5700383196181065 1.0032579431776276 1.0052474966979885 1.0062456453023103
470 2.2837222321868467 1.0046329435904928 1.0081862719373895 1.011094906970028
110 0.8101625507279095 0.9964481039020766 0.9931913765203466 0.9901932099738339
217 3.4623448075817578 1.0033699437499792 1.0041774210767251 1.0036986646694688
855 7.931335519695494 0.98601947815054 0.9752653433659282 0.9664829085816009
595 4.198742788112213 1.0133344277828722 1.0228059058659413 1.0303015797743027
596 0.34572628456407983 1.0017975276964814 1.0032519559122641 1.0044550584036087
856 2.9299266829602857 0.9987691000743512 0.9973920985647651 0.9961334613332888
471 0.5017050746191671 1.0041161726887107 1.0076884732730855 1.0107225048610684
334 0.5763862821786461 1.0031810267400547 1.0054693960478065 1.0071736351723442
960 1.542789486620677 0.9943472158691218 0.9894020414466357 0.9852322478181477
111 2.1751543568771012 1.002596609047496 1.0033139236142448 1.0032135485547342
335 2.2833624256218172 0.9992642862478636 0.9979586673641689 0.9965128969886675
597 1.2010255040640914 0.999685601894226 0.9993116392640905 0.9990891811876285
112 3.3217716495710192 0.9994019486607728 0.9977587726329423 0.9957322483515162
857 6.870762827969884 0.9973364110977702 0.9938096258331188 0.9899133113024597
472 2.9477498728683713 1.0052137766457077 1.0095035208843448 1.0130765778075892
961 2.2111404525385296 1.0011149366220666 1.0024548692814093 1.0035940324226056
336 5.592595286811047 1.0083562127571248 1.0158279228807128 1.02235746501078
598 1.1080259519567335 1.002478071426024 1.0043018421458616 1.005668517809918
218 1.4158408646744647 0.9975495442817219 0.9958916688460566 0.9944057444386855
113 5.3910492895120115 0.9997679981519336 1.0003857005161387 1.0010897795555957
337 5.629410347310113 0.9916961549777685 0.9850554033698072 0.9796362569268315
599 2.664747558404997 1.0028043356824747 1.005680063776312 1.0086446381257328
858 3.105629565079653 0.9983906146659549 0.9981477399350904 0.9983928123650122
962 0.8626090364596166 1.0023936121960528 1.003793861174162 1.0046140464236766
600 1.4215964971735957 0.9989918636361552 0.9982047371673312 0.997529935449473
219 0.9825962025915942 1.0020961804818904 1.0033525408090131 1.0041584665214172
859 4.03199112655966 1.0047651193044889 1.0091517377848427 1.0133847317797722
473 7.483912615947702 1.00644697450795 1.0109067778781564 1.0144843896048223
338 0.8122085122104181 1.0009755358775716 1.0013310251175582 1.0014767545939656
860 3.141995622865579 1.00192440407732 1.004179831737999 1.0063679373157774
861 1.4681650174388778 1.0002026132614723 1.0005315106118615 1.0010264301869232
601 7.910392641422732 0.9946648334037703 0.9906008455077578 0.9872604538350613
339 0.541080410070208 0.9968852438707009 0.9944843747651845 0.992653017941896
114 1.9579926952847018 1.0018798627753824 1.0026240617206288 1.002626394954628
474 0.6813479281991022 0.9999175260921813 1.0003460038679428 1.0009207234785336
862 3.4737089622212807 1.0021299675486455 1.0040551646131737 1.0058822458680603
963 2.2545865413630963 1.0015225175532825 1.0042189661919156 1.0071765082512216
115 1.6421884340816177 1.000496485306441 1.0013509170978083 1.0023440126715275
602 0.4791675293017761 0.998514214605227 0.997349655011756 0.9964086256127231
863 0.4787598726761644 1.0007884189069753 1.001552850736444 1.0022341132443302
475 1.153279284670134 0.9950192466372635 0.9911513949472901 0.9881116958755763
220 0.6599085890593415 1.0036071254594665 1.006328650895266 1.0082330718154322
116 3.6375975656210358 0.9964279000511037 0.9945308531637332 0.9931939750660254
964 3.311057289225573 1.0138527596046174 1.0258235689326691 1.036134097715066
340 8.166215003824618 1.011739725159285 1.0194315472395372 1.0249658246742295
221 8.086425552644869 1.0049680389887254 1.0093366321016228 1.0133561348946853
864 2.031202562402541 1.005383951009663 1.009834650205476 1.0137857941728718
965 0.916217523135856 1.00143137225694 1.002919437397724 1.0043859350375037
865 3.7285393171441683 0.9983338973243238 0.9967498905154889 0.9952218861192553
341 3.2208795752576407 1.0053469686361087 1.0093565939321572 1.0127351971754597
117 3.243456235393751 0.9981400071858192 0.9980750378493044 0.9991975018302829
476 3.1753843102487735 1.0025737295612769 1.0064361020063743 1.0110073267444417
222 6.920258154947078 1.0011312877059475 1.003409929095016 1.006180442909899
966 1.8775851571663225 0.9991699471359713 0.998922755937774 0.9987830796668643
866 3.6236889577139664 1.008081047538655 1.0147067220155126 1.0201024846568814
342 3.194006025134513 0.9989723385507057 0.9988045319632608 0.9988512290319655
967 6.880963943000097 0.9945822531791244 0.9897351712679602 0.985382958349447
867 4.935298354248516 1.0071698508855649 1.0135903038740646 1.018841637183703
223 1.457947588614843 1.0041723876275659 1.008088074894261 1.0116832535667257
224 2.9335507406285615 0.9994704747860251 0.9995651431343441 1.0000704747283353
968 4.588013363623759 1.0018885743354158 1.0020980503705263 1.001367719105053
343 1.4765288352682546 0.9988757745455711 0.9978992386680665 0.9968665765674232
969 3.8905374667301658 0.9942641853613681 0.9895960548660503 0.9858183258128927
603 6.504665617863793 1.0126545282158925 1.0238728676953914 1.0327808808574797
970 3.4300739914833684 1.0055511707091442 1.0099909725558305 1.0137334659587176
118 2.055282734107095 1.006245504153218 1.0110248215877256 1.014737200047677
477 4.548992630228895 0.9897410405042573 0.9807065824920617 0.9734798437404889
225 2.750597659662162 0.9935922406851417 0.9876522085095624 0.9823709401142817
119 4.005374914228014 0.9971674926558818 0.9948826456743487 0.9931200439858827
344 2.4315661925065797 1.0041651821293451 1.0067200353906915 1.0082127203140085
604 8.877098164253766 1.0055713241301978 1.0101506266833777 1.0139277416417665
345 2.224853203204475 1.0014193063021046 1.0022634413161016 1.002785497586558
120 0.41159498010529205 1.000288885001956 1.0007922462560108 1.001412539592612
226 6.8632869591674535 0.9965439693960091 0.993336543439792 0.9902688145122677
971 5.476823676171989 0.9939232474492944 0.9875265548533017 0.9808970945778709
478 0.35975737634180405 0.9983371090844733 0.9968864483356974 0.995632627836076
121 0.57430351855146 0.9996143110694118 0.9993717374027188 0.9992536100173993
605 3.4102631408404704 1.003522555512794 1.0063443650835477 1.0084432718418077
346 6.004595180682372 1.0056968191916502 1.0106445161877435 1.015057782891758
227 1.636817902664916 1.0002770973972714 1.0011434141293594 1.0023051706999908
606 0.793450219947772 1.0015466086626217 1.00295590221547 1.0043158012232316
122 7.3009056791888725 1.0006731022357622 1.0025292722147718 1.0049968505947415
123 4.744786668763481 0.9999046487095765 0.999843748989852 1.0000889704208706
228 0.7142927193144715 0.9982998710581521 0.9967953545587781 0.995365734464376
229 5.001600846673682 0.9975673455546952 0.9956582499365 0.9941848745669054
723 7.360864722106271 1.0400027262229479 1.0841116382463114 1.1283402669125437
230 1.2090616765362938 0.9999964805273753 0.999507354730728 0.998893111882319
724 0.6235927020152303 0.9978655031858282 0.9958798448528019 0.9940245638951439
725 5.448035026294747 0.9987616605108577 0.998493935437721 0.998621681151369
972 1.7407253883084195 1.0101343368415767 1.017866670963267 1.0235891348460509
124 2.07462713386667 0.9911470791774935 0.9842694940851245 0.9786486338760634
479 0.26138255837213364 1.00251162050021 1.0037693767547184 1.0042978036369867
347 6.259147411625236 1.016443899347339 1.0303962694275055 1.0423481297178903
348 3.0646440400760184 1.0042863880416208 1.008431000824498 1.012220394401891
973 0.26948259618802695 1.0011263982460572 1.0016690690235401 1.0019104663646945
607 2.7268751121664536 0.9905750768466329 0.9836545702143699 0.9784876487616767
726 0.49760155548210605 0.9992077244806168 0.999048051863896 0.999116021351013
231 7.787135950091397 0.9961962761614536 0.9937936658277045 0.9918529722627939
974 2.759222806649632 1.0001234077004366 0.9999287485725106 0.9999186010122979
349 0.3946918400706636 1.000088570130667 0.9998714857409853 0.9996037467326452
975 0.23991825297707692 0.9994518944604317 0.9989092221280215 0.9984304623719141
232 6.300050723270033 0.9986617954362469 0.9984084941371535 0.998805725468678
125 3.6652400196689996 1.0005226659453539 0.9999907307242364 0.9985886246659362
976 1.2011935975078813 0.9997483251650617 0.9993429519834924 0.9987969364402928
727 0.4847487680708582 0.997488149596066 0.9955851086660731 0.9940736697320628
480 0.8993909896962577 1.0033252776024062 1.0061035491206356 1.0086963961123694
350 2.8220392895418627 0.9942812547685246 0.9910175291685471 0.9890413781831939
233 3.988100252690856 0.9972552681780386 0.9954050415069724 0.9939723202278673
728 0.6830771212353284 0.9958670223740178 0.9928893796946894 0.9907782112673899
481 2.2918747297644586 1.0036734480912721 1.0065382363306914 1.0087585519768134
482 1.030508477744661 1.0002664184791987 1.0001362242207632 0.9998388522175288
729 0.7457633596186497 0.9982015275346047 0.9960770237785083 0.993985352495691
977 2.762548006265206 1.0046884353235315 1.0091245914992075 1.0131151745895663
351 3.020780219187145 1.0020611279211349 1.0045631794457057 1.0073100672799642
483 2.2256255090378545 0.9990616076177501 0.9976949631061741 0.9961772341920061
868 6.747978693387267 1.0170217932176633 1.0250008596583027 1.0272323047297447
608 1.808827518752878 1.009140781156142 1.0177262228459985 1.0254680464481511
352 1.1890076060553838 1.000062233149171 0.9996736971423318 0.999143552268023
234 0.9465061050341319 0.998583694872123 0.9963718643897683 0.9939746157970349
484 2.373904529162246 0.997833172747474 0.9969664759457743 0.9968209509317487
978 8.062027251695326 1.0023521538083113 1.0050484773845343 1.0079816515162414
485 1.7487263023085688 0.996111500921173 0.9927653228755853 0.9900302527868735
609 3.5090554303042154 0.9991401488365201 0.99776438433785 0.996125334923066
979 12.091849222977544 0.991305644428732 0.9844779942067023 0.9790369807784809
730 5.035350154192201 1.010473727193062 1.0186061494010286 1.02469892258083
353 1.1147166462451423 0.9985592061514609 0.9969752764488009 0.9955232662171405
610 1.7756347911672492 0.9992249495294424 0.9980685565318801 0.9969447262598657
354 9.409738428712444 1.0071158495540793 1.0144698498967963 1.0215908411361374
611 0.8293113046420331 1.000152384941131 1.0007752082313193 1.0014358640998104
486 1.2015464564628928 0.9995734651674061 0.9995595700893047 0.9997924315201501
612 3.910190137919926 0.999394214393837 0.9979881366621837 0.9962828903948313
355 1.9130148955209734 1.0039899238872536 1.007243566548323 1.0098385189096357
731 4.959996803994727 1.0093990683196816 1.0183797756412 1.026615731477808
980 4.792970213500666 0.9946627276703509 0.9918921079871109 0.9908251122388066
356 3.4701509941442055 0.9988788127962077 0.9974136197588176 0.9956855155857491
869 8.286145675074295 1.0092996669666194 1.0183310773779102 1.0269163294659953
487 2.585891984639602 0.9974090173591958 0.9939792353663354 0.9901447804787198
613 2.467918887252381 1.005248856846434 1.0085979848251914 1.0109092557768333
981 4.165572547159172 0.993521035394621 0.9895538156562734 0.9872450920108221
357 3.5693246753089625 1.0021359264429603 1.0043163573669023 1.0065297200460033
732 1.5738659456164896 1.0008912101705632 1.002608231364126 1.004508292894614
488 2.2145798895053304 0.9984228196535683 0.998641657663012 0.9995663569336524
982 2.4514786197159992 1.0070478708050628 1.0124204906352532 1.0165800979604487
358 0.28552192140341504 0.9991742477951164 0.9984030771934398 0.9976693862351168
235 1.6360326772974076 1.0004424321138752 0.9988382336872732 0.996119154144995
870 0.5562102945368679 0.9990440303476704 0.9979605733736162 0.9970048305423482
614 2.0420989778631338 1.0048680697697374 1.008248133676173 1.0106247467668776
983 5.768077705733958 0.995598371145455 0.9915437376871581 0.9879418983664553
359 8.804034006896472 0.9984053439513318 0.9982809521242411 0.9989394841011383
733 0.32113305827260774 0.9997172439124952 0.999236710011824 0.9988453091434066
489 1.8922958096572984 0.9960375750394743 0.9937417460472909 0.9925721424048661
615 2.0481693298352184 1.0004581523842828 1.0014390487137228 1.0026177456870788
236 7.092385891191952 1.0041937406841848 1.0087142449790967 1.013013382595982
984 0.6618080130956514 0.9977044547760221 0.995922294669907 0.994504580852791
490 0.33786540429719025 1.0022248352166132 1.0041998418636449 1.0058887870538424
616 8.291931894573281 0.9982356816812664 0.9971725679242075 0.9967246294755122
734 8.353880196724276 1.003487417306744 1.0066936021158188 1.0097656634690741
360 2.702101785716877 1.0025709051341503 1.0039145993076224 1.0046794833522816
617 3.167450031503904 0.9966840338193856 0.9946370761664624 0.9932405762377385
985 1.1825868105788686 0.9968418136275758 0.9947488752287139 0.9932694258131123
237 1.6772558842603758 0.9981193457401438 0.996009325405776 0.993782315978918
491 0.9822155187412136 1.0050895014021566 1.0091265942740808 1.0125307463031024
735 6.193122026861602 0.9942723267971699 0.9888978185847599 0.9839230969745268
986 2.0634753883023222 0.9968752865932403 0.9940781315383587 0.991385056900252
871 4.719585210983496 0.9939296274235363 0.9880101498951386 0.9820469306251417
492 1.3788037555841584 0.9945811491256439 0.9907349131411448 0.9879953596559988
987 0.6529269980528625 0.9997241680923534 0.9994230001128808 0.9991907735097147
872 3.7465341206370795 1.0033613731006237 1.006374083986677 1.0090532024649135
493 8.955453177853997 1.0075048829254312 1.0147599329564725 1.02107321596023
494 4.209357447149159 1.0058067154253392 1.009853728338746 1.012784162036859
873 1.4695411871161923 0.9958135186779378 0.9926431695310556 0.990284703287772
736 0.5989770374217187 1.0023304294108926 1.0039706235005958 1.0049950908954535
618 2.951706864678272 0.9911410533626248 0.9848621880358606 0.9801491738029487
874 9.0071145664715 1.0051433003077372 1.0104870187069697 1.0158694336547176
619 1.2273424604663887 0.9980642478717595 0.996504800378569 0.9952077561213917
875 1.063781311888306 0.9979157915023148 0.9962590407697199 0.9947641088043672
620 1.3218803849194956 1.0014719898806124 1.0023339547660823 1.0029533118611824
238 5.570101651646837 1.0078326332877292 1.015769251068292 1.02420958139375
621 2.611995910478072 1.0024323577189356 1.0054058457757866 1.0083681942555267
495 1.0565201990648347 0.9950977811917621 0.9907952708519522 0.9869172602741692
361 2.7300594565440406 1.0062164922430685 1.0092764475051335 1.0109485042298616
496 4.72893384472809 0.9992300296613896 0.9968424565494137 0.9938289638204711
497 4.107689187037977 1.0008855013804607 1.0022625048692522 1.0036951647896066
239 1.0068162398856657 0.9945646439405782 0.9900371788730653 0.9861966194045456
622 0.2118453908533411 1.000100222314118 1.000277697983928 1.0003707815059368
498 7.270586608106896 1.0063020662463578 1.0100881056146889 1.0126195903411785
988 2.8899598611114925 0.9910105222294421 0.9838136810797514 0.9785650827248613
499 4.307032658147364 0.9996065793872904 0.9982409030314313 0.9966541122068163
623 1.1132006604111666 0.9972261184669596 0.994572293561559 0.9922845776071983
737 4.77141391119585 1.0183721108650028 1.0327987657151319 1.0442860188664116
624 5.248723609112858 0.9961634579244678 0.9936025515065766 0.9915291115771989
989 1.6446163926611916 1.001006024669768 1.0012932946919364 1.0012117680196877
738 0.939794733947565 0.9969928488690892 0.9945527945931096 0.9926234954501035
240 0.9141087514253741 0.9957802280991006 0.9925165776184142 0.9899888833065377
739 0.7335797894756979 1.0025378141965096 1.0045213491778806 1.0061069719726503
740 1.7463401613731548 1.0020562539544347 1.0041704951509294 1.006304275645611
625 10.078827996427208 1.0168518329908207 1.0255368717495519 1.0296474278248424
241 1.1210542624703521 0.999224034117306 0.9991602408644245 0.9993708835293709
741 0.22831963451972115 0.9995834065305685 0.9993479176034081 0.9992566322111187
362 4.960729186712342 1.0158205109402612 1.027384797044134 1.0358100513041582
500 0.2880504643017048 1.006271878905341 1.0113971005789852 1.0155615099235484
242 1.3485333531898505 1.001612057353416 1.002749921716709 1.0037728458803847
990 0.3038406349169236 1.0013354026237924 1.0031509238957548 1.0051463134950507
742 2.852938147219902 0.9945776259540309 0.9903479384508876 0.9870072734246301
363 0.7916711028992722 0.9960628879786734 0.9926992715213384 0.9899446818465405
243 11.011753822318497 0.995213870029214 0.9901360153447498 0.9848748379577524
743 2.0090939372694265 1.0001589404049984 0.9996713268533418 0.998987062999125
364 1.8800841722313635 1.002853028777021 1.005058926531562 1.0068636760406164
365 1.3018510354431783 1.0001636325509564 1.0011184815892764 1.0023917906505269
244 3.29158341801849 0.9996392872532621 1.0028660781864736 1.0073137009301685
744 3.993011991151434 1.0066325617367942 1.012537599005236 1.017917004949103
245 2.286714714824484 1.0035577713278696 1.0072587233482537 1.0107378232385247
246 8.950759270908748 1.0038257674156046 1.0078505301491805 1.0116764688194766
247 10.423614876179272 0.9984017295642191 0.9965168236123538 0.994824984478529
745 3.3940737083703425 0.9958261473164064 0.9928570060445315 0.9907511469065448
991 3.7001990646022023 1.010215202366384 1.0177720333490154 1.0233544723989771
746 9.868519332940195 0.9930637738032273 0.9874374102699719 0.9827469255299567
992 1.7767576076475962 0.9960288742924579 0.9931981590455067 0.9911775598490156
375 3.3892076055853977 1.0032612158201242 1.0053651704443993 1.0068449494180087
747 4.243111038205825 0.9939108109707914 0.9887584882969648 0.9843512046341404
369 0.2721119267916947 1.0011345642125795 1.002211440239844 1.0031600685075612
248 2.4492757245880057 0.9941537650266224 0.9898421150184054 0.9868607153407013
994 1.382129801233532 0.9969133222776393 0.9941878288126101 0.9917155563837003
372 0.1548835970570508 1.000019803381386 1.000363569253774 1.0009221837447773
370 0.2446825713996077 0.9979693457827146 0.9961539489389497 0.9945420920186223
995 0.5727969695180946 1.0018743409067992 1.0035087160315097 1.0048979099382904
996 0.04816773654783901 0.9999142354517195 0.999933217287795 1.0000058297133967
249 2.2675616412634554 1.0020247662666077 1.0052595162188098 1.0088866486802286
371 6.816388893063049 0.9932011508457843 0.987153084196086 0.9821164759989712
366 2.8986755338792136 0.9957935310288611 0.9906307279210617 0.9854908631537889
373 0.7611906877718866 0.9968275578253483 0.9933813999314154 0.9898403966983115
250 6.044246739764276 1.0038323475667519 1.006988962170577 1.009266616989649
374 1.8460322542960057 0.9946468525979304 0.9897900976701302 0.9854829800446371
997 6.033656877016256 1.0077863924075807 1.0144646270460833 1.0214392946010253
998 6.688458418175287 1.0113120211146913 1.01957241019333 1.0258773893891857
367 6.0470799805534625 1.0103978955914663 1.0196913642132626 1.027476063260233
749 5.683101252196138 1.0295412170542932 1.0545841247980132 1.0758655582006893
368 1.8252031871761574 1.0008466695010572 1.0018793310199654 1.0027032603959167
748 6.37109346419129 1.0158390695227897 1.0301739097204556 1.0423428801671892
750 2.1287338731799537 1.0014898954521179 1.0016447152607104 1.001069796553561
993 1.949793596562813 0.9991503883465269 0.9980980668915463 0.9968579050769107
999 1.5567868949565309 1.0129130717537775 1.0259267418110047 1.038345411631325
