151 1.6930897225065564 1.0 2.0 2.3132088244892657e-8 0.0
201 1.8494518507268367 1.0 1.0 3.6024175642523915e-8 0.0
351 0.7686672479503613 2.0 2.0 8.201823220588267e-8 0.0
1 1.0537236210129777 2.0 1.0 2.393153408775106e-7 0.0
251 1.8840222378439648 3.0 2.0 1.3385124475462362e-7 0.0
101 2.4928567736405967 2.0 3.0 1.6434387362096459e-7 0.0
301 1.4682875950766174 2.0 2.0 7.017661118879914e-8 0.0
51 2.0438926956830983 3.0 2.0 1.775060809450224e-7 0.0
152 2.7643530553905293 1.0 2.0 2.404640326858498e-7 0.0
352 5.45458438089554 1.0 1.0 9.927407518262044e-8 0.0
102 2.531650325003284 3.0 2.0 1.2307737051742151e-7 0.0
52 3.4999603288870276 2.0 1.0 8.27631083666347e-8 0.0
2 8.118647928935388 1.0 2.0 9.038376447279006e-8 0.0
153 1.197853395526181 1.0 3.0 2.1183950593695045e-8 0.0
302 14.959919368851843 1.0 1.0 9.199266060022637e-8 0.0
252 3.9267377803516865 2.0 1.0 3.2865773391677067e-7 0.0
202 2.752979736200359 1.0 3.0 4.5050728658679873e-7 0.0
103 2.333410482724503 1.0 3.0 4.444973455974832e-8 0.0
154 1.5190183066006284 2.0 2.0 1.3395401765592396e-7 0.0
155 NaN NaN NaN NaN 1.0
353 3.3863727979987743 1.0 3.0 1.1826159607153386e-7 0.0
156 0.026128631239771494 2.0 3.0 3.14489625452552e-7 0.0
53 4.531882791292446 2.0 1.0 1.3317549019120634e-7 0.0
203 1.8145411264031281 2.0 2.0 2.105880412273109e-7 0.0
104 1.5349806585818442 1.0 2.0 8.368806447833776e-8 0.0
105 NaN NaN NaN NaN 1.0
303 2.416356863364854 2.0 2.0 2.7704481908585876e-7 0.0
3 1.8516105251164845 1.0 2.0 1.8008176994044334e-7 0.0
253 1.8411790292884689 3.0 1.0 1.9510207494022325e-7 0.0
354 0.12706326451188943 2.0 3.0 6.126356311142445e-8 0.0
204 4.640368023436167 2.0 2.0 1.3322460290510207e-7 0.0
205 NaN NaN NaN NaN 1.0
4 5.309714952305512 2.0 3.0 4.285357135813683e-8 0.0
355 2.9150751181077794 2.0 3.0 1.205344233312644e-7 0.0
157 0.4167847277913097 2.0 1.0 1.5649948181817308e-7 0.0
206 3.2511560515249585 2.0 1.0 1.433290890417993e-7 0.0
54 5.010812467071446 1.0 1.0 5.6411408877465874e-8 0.0
356 5.692280976043548 3.0 3.0 1.823273123591207e-7 0.0
106 0.26542997809519875 3.0 2.0 6.020582077326253e-8 0.0
304 2.0095445358329016 2.0 3.0 6.475602276623249e-8 0.0
207 1.304282457451336 2.0 2.0 3.688101060106419e-7 0.0
5 2.675310650769461 3.0 2.0 1.7352977010887116e-7 0.0
254 9.41595452799993 2.0 2.0 1.522894308436662e-7 0.0
55 2.2702826220684074 1.0 3.0 1.5982641343725845e-7 0.0
107 1.5119042177084339 2.0 1.0 1.1550127965165302e-7 0.0
208 1.7827082956900995 2.0 1.0 1.5361911209765822e-7 0.0
305 7.091140118542171 1.0 3.0 7.634935172973201e-8 0.0
357 4.991114141683283 2.0 1.0 3.065633791266009e-8 0.0
158 1.7084517391067493 3.0 3.0 7.658372851437889e-7 0.0
108 2.3734948709352466 3.0 2.0 7.874405127950013e-9 0.0
209 1.7187350216627237 1.0 3.0 1.2650707503780723e-7 0.0
56 1.6259647288934502 1.0 2.0 1.6521426005056128e-7 0.0
109 3.871629667828529 3.0 3.0 1.4642864698544145e-8 0.0
110 NaN NaN NaN NaN 1.0
306 0.6622080410415947 1.0 2.0 7.492781151086092e-8 0.0
255 5.835361146053401 1.0 3.0 1.3514272723114118e-7 0.0
210 3.742745767434826 2.0 3.0 2.0696370484074578e-7 0.0
111 5.000919625073948 1.0 1.0 6.098889571148902e-8 0.0
358 6.600071667124212 2.0 2.0 3.3070409699575976e-7 0.0
112 2.863173974938036 2.0 1.0 5.601850716629997e-8 0.0
113 NaN NaN NaN NaN 1.0
159 5.895150723412371 1.0 2.0 2.8657905204454437e-7 0.0
307 2.8007120988168026 3.0 3.0 1.2580130714923143e-8 0.0
359 1.6175837794326071 2.0 1.0 4.5447723096003756e-7 0.0
360 NaN NaN NaN NaN 1.0
6 4.248890987299092 2.0 3.0 2.031429175985977e-7 0.0
256 0.4011269173151959 2.0 1.0 5.146475814399309e-7 0.0
57 0.0483091902860906 3.0 2.0 2.626575223985128e-7 0.0
211 2.7157583614898613 1.0 2.0 2.2976564650889486e-8 0.0
160 7.801009951739616 1.0 3.0 6.571581252501346e-7 0.0
161 NaN NaN NaN NaN 1.0
114 3.411199818705427 2.0 2.0 1.6532248992007226e-7 0.0
308 1.1551890782338887 1.0 1.0 6.356185622280464e-8 0.0
361 7.678531312678388 1.0 2.0 5.507081368705258e-8 0.0
309 2.4715852168228594 2.0 3.0 7.833932613721117e-8 0.0
58 1.648671202663536 2.0 2.0 3.406694304430857e-8 0.0
257 2.0191228514268005 3.0 1.0 3.515724529279396e-7 0.0
258 NaN NaN NaN NaN 1.0
162 6.85631150579502 2.0 1.0 4.6901732275728136e-8 0.0
115 1.9991989343834575 2.0 3.0 3.306686267023906e-7 0.0
362 5.107141505002801 1.0 2.0 2.449723979225382e-7 0.0
310 4.125258778654825 1.0 1.0 1.4849774743197486e-7 0.0
116 0.7287917350149655 2.0 3.0 2.353681338718161e-8 0.0
117 NaN NaN NaN NaN 1.0
259 1.6768743902284768 2.0 1.0 2.8760041459463537e-8 0.0
163 6.121866309686084 3.0 1.0 8.296410669572651e-8 0.0
59 5.018537734096753 2.0 2.0 2.40283043240197e-7 0.0
212 3.2774784323082713 2.0 1.0 1.7209549696417525e-7 0.0
311 0.9925801339741156 2.0 2.0 6.59783836454153e-8 0.0
118 1.9017305246106844 3.0 3.0 1.9579783838707954e-7 0.0
164 7.002833919079421 1.0 3.0 8.022379915928468e-8 0.0
119 0.9077429362623661 2.0 1.0 2.4104701878968626e-7 0.0
312 1.6979126544410974 2.0 1.0 1.1186057236045599e-7 0.0
213 0.6540913255848864 3.0 2.0 1.30425178213045e-7 0.0
214 NaN NaN NaN NaN 1.0
7 5.952278007413042 3.0 3.0 9.269751899410039e-8 0.0
260 2.906853474145464 2.0 1.0 9.711948223412037e-8 0.0
120 2.780477655984214 3.0 2.0 1.1739757610484958e-8 0.0
121 NaN NaN NaN NaN 1.0
363 2.1181000097749347 3.0 3.0 1.2190685083623976e-7 0.0
8 1.2382149588338507 2.0 3.0 8.53870005812496e-8 0.0
165 1.0336075713148603 2.0 2.0 1.9691651687026024e-7 0.0
60 0.22088319540489465 3.0 2.0 6.904883775860071e-8 0.0
313 5.290074668042507 2.0 2.0 2.5638655642978847e-8 0.0
364 0.44414393202168867 2.0 1.0 1.7199818103108555e-7 0.0
314 2.534485679547288 2.0 3.0 1.0303665476385504e-8 0.0
122 2.585071200712264 1.0 1.0 6.989557732595131e-8 0.0
166 1.4962547662562429 3.0 3.0 1.4627403288614005e-8 0.0
167 NaN NaN NaN NaN 1.0
61 3.1203427351429127 2.0 1.0 8.860479283612221e-8 0.0
9 4.565980951841993 2.0 3.0 1.2638156476896256e-7 0.0
10 NaN NaN NaN NaN 1.0
11 NaN NaN NaN NaN 1.0
123 1.0447267948202352 2.0 2.0 1.0068015399156138e-7 0.0
215 7.585136760568275 2.0 2.0 1.28738975035958e-7 0.0
365 2.3627798140205414 1.0 1.0 6.894470061524771e-7 0.0
261 2.4752809346900904 2.0 2.0 5.493257049238309e-8 0.0
262 NaN NaN NaN NaN 1.0
315 6.19645243260311 3.0 1.0 1.4268334780354053e-7 0.0
12 7.841909109283733 1.0 1.0 5.549736670218408e-8 0.0
216 2.612453420744714 3.0 3.0 4.329140210757032e-7 0.0
263 2.7485625649424037 1.0 3.0 3.0461706046480685e-8 0.0
316 6.282391138174717 3.0 2.0 1.3195131032261997e-7 0.0
366 2.8442847145997803 3.0 3.0 5.045967554906383e-8 0.0
217 0.18300173108764284 1.0 3.0 7.785274647176266e-8 0.0
367 0.27673784001490276 1.0 2.0 3.528384695528075e-8 0.0
368 NaN NaN NaN NaN 1.0
62 6.911715680909765 2.0 1.0 2.6859197532758117e-8 0.0
168 2.874790929541632 3.0 3.0 1.716234692139551e-7 0.0
124 4.896242133747364 3.0 1.0 1.872858774731867e-7 0.0
264 1.4613528958198003 2.0 3.0 2.954675437649712e-8 0.0
13 0.616298255539732 1.0 2.0 3.345858203829266e-7 0.0
369 4.1076707140528015 1.0 2.0 5.369838618207723e-8 0.0
317 1.5778541563358885 3.0 2.0 4.957109922543168e-8 0.0
318 NaN NaN NaN NaN 1.0
169 2.6547226120692358 1.0 3.0 2.3078428057488054e-8 0.0
218 1.3713782727427315 1.0 2.0 1.0738222044892609e-7 0.0
63 4.2260437929326145 3.0 3.0 3.2566458685323596e-7 0.0
14 11.163850715389344 2.0 2.0 6.898062565596774e-8 0.0
125 1.405554770879462 1.0 1.0 9.841915016295388e-8 0.0
64 1.1873987064736866 2.0 2.0 1.3715362001676112e-7 0.0
65 NaN NaN NaN NaN 1.0
370 12.306380594320217 2.0 3.0 1.1441625247243792e-7 0.0
265 1.0843728995114361 2.0 1.0 7.225298759294674e-8 0.0
219 0.5762624764611246 3.0 3.0 3.464447217993438e-8 0.0
371 1.9143951274254505 2.0 3.0 4.955973054165952e-7 0.0
170 1.299639364835457 2.0 2.0 6.913523975526914e-8 0.0
15 0.6573246895295597 3.0 3.0 2.4954988475656137e-7 0.0
319 3.9549055955740187 2.0 1.0 2.1871892386116087e-7 0.0
66 7.362524284124447 1.0 2.0 3.332897904329002e-7 0.0
126 3.19746221744208 1.0 1.0 1.87208570423536e-7 0.0
171 1.353574177439441 1.0 1.0 5.2023096941411495e-8 0.0
220 1.5986876257411495 2.0 1.0 1.0393978300271556e-7 0.0
266 0.10492541506391717 3.0 3.0 3.4092408895958215e-7 0.0
127 2.5837821988770884 2.0 2.0 4.166849976172671e-8 0.0
67 1.5477749904002849 2.0 2.0 9.188534022541717e-8 0.0
372 3.3463507939013653 2.0 2.0 1.3477529137162492e-7 0.0
16 1.63546035989566 2.0 2.0 9.659470379119739e-8 0.0
172 4.237922995887857 3.0 1.0 1.6484591469634324e-8 0.0
17 1.6723889809145476 1.0 1.0 1.5864316083025187e-7 0.0
173 4.0325246409138344 2.0 3.0 1.2081636668881401e-7 0.0
68 3.2936438920078217 1.0 3.0 4.371304385131225e-8 0.0
320 2.691827258493504 1.0 2.0 1.455400706618093e-7 0.0
373 4.194860286399489 2.0 1.0 2.1130290406290442e-8 0.0
267 5.180156853843073 1.0 3.0 4.998128133593127e-8 0.0
128 0.7965736056448804 1.0 2.0 9.582072379998863e-8 0.0
174 9.401678251648264 3.0 2.0 1.1436804925324395e-7 0.0
374 1.736241875696578 1.0 2.0 2.2113636077847332e-7 0.0
69 4.851975353969465 1.0 2.0 3.239438228774816e-8 0.0
18 5.083394888033581 1.0 1.0 3.849900167551823e-7 0.0
321 1.4403423662824935 3.0 3.0 7.282415026566014e-8 0.0
268 7.750178240263267 1.0 1.0 6.63620994600933e-7 0.0
19 0.4541203175085684 2.0 2.0 1.7582715372554958e-7 0.0
20 NaN NaN NaN NaN 1.0
221 8.323491551875122 1.0 2.0 6.620757631026208e-8 0.0
70 0.9900823315165326 1.0 2.0 4.315443220548332e-7 0.0
175 6.282495287416168 3.0 1.0 4.503635864239186e-8 0.0
129 1.4531302209052228 1.0 3.0 6.692152965115383e-8 0.0
130 NaN NaN NaN NaN 1.0
21 2.5062885758488846 1.0 2.0 7.361541065620258e-8 0.0
22 NaN NaN NaN NaN 1.0
375 5.447020512949166 2.0 2.0 1.813832568586804e-7 0.0
322 8.23208922219419 2.0 2.0 1.8706577975535765e-7 0.0
23 1.4014548733794072 2.0 1.0 4.112189344596118e-8 0.0
176 0.31678193272455246 1.0 2.0 3.428203854127787e-7 0.0
177 NaN NaN NaN NaN 1.0
376 0.9429079501496744 2.0 3.0 9.358973329653963e-8 0.0
377 NaN NaN NaN NaN 1.0
131 4.142521018093248 1.0 3.0 7.06650098436512e-8 0.0
222 0.7003316026075481 2.0 2.0 2.3309894459089264e-7 0.0
71 5.66993745632135 1.0 3.0 1.4492798072751611e-7 0.0
378 3.565108666989545 2.0 1.0 7.753806130494922e-8 0.0
379 NaN NaN NaN NaN 1.0
323 1.0506855070616439 2.0 3.0 2.0597053662640974e-7 0.0
24 2.4124904961317952 2.0 1.0 6.490881787613034e-8 0.0
25 NaN NaN NaN NaN 1.0
178 2.5847563407442067 2.0 1.0 2.3601387511007488e-8 0.0
132 0.6665746907692665 1.0 2.0 2.4159180611604825e-7 0.0
223 7.338864756737166 2.0 3.0 6.588925316464156e-8 0.0
72 2.6204699457121023 2.0 1.0 1.0373969416832551e-7 0.0
73 NaN NaN NaN NaN 1.0
269 3.41964231208658 3.0 1.0 2.1283995010890067e-7 0.0
26 3.342926383293161 2.0 1.0 8.585811883676797e-8 0.0
179 0.5278219054071087 3.0 2.0 1.1905740393558517e-7 0.0
380 2.8957041877129086 2.0 3.0 5.2448740461841226e-8 0.0
324 2.3908817618848843 2.0 3.0 2.482320269336924e-7 0.0
325 NaN NaN NaN NaN 1.0
74 1.2101765213628823 3.0 2.0 1.537473508506082e-7 0.0
75 NaN NaN NaN NaN 1.0
76 NaN NaN NaN NaN 1.0
133 4.674767012935263 2.0 2.0 2.2679523681290448e-7 0.0
134 NaN NaN NaN NaN 1.0
270 2.0369697121695935 1.0 1.0 1.6981357475742698e-7 0.0
27 1.2210676878930826 2.0 1.0 4.983394319424406e-8 0.0
28 NaN NaN NaN NaN 1.0
326 0.476225789550881 2.0 2.0 8.246479410445318e-7 0.0
224 4.226243923363654 1.0 2.0 1.7365073290420696e-7 0.0
381 3.31624028031365 1.0 2.0 4.846242518397048e-8 0.0
271 1.0303060914593516 2.0 1.0 1.1412521416787058e-7 0.0
327 4.367041924069781 3.0 1.0 3.180130079272203e-7 0.0
77 0.4277565260126721 2.0 1.0 1.6476496966788545e-7 0.0
180 3.8138112396718498 3.0 3.0 3.142667992506176e-7 0.0
382 1.2288000747794285 2.0 1.0 1.6097874322440475e-7 0.0
225 1.8264951378860133 3.0 1.0 4.553030521492474e-7 0.0
78 5.13804233618248 3.0 2.0 3.7321024137781933e-7 0.0
29 1.9902139000023453 2.0 3.0 9.441828296985477e-8 0.0
181 5.407658533444192 3.0 2.0 5.303409125190228e-7 0.0
135 0.4958232116568979 2.0 1.0 4.1693056118674576e-8 0.0
383 0.7970263386887382 3.0 2.0 2.7687747206073254e-8 0.0
226 3.2091726333219412 2.0 2.0 1.6449575923616067e-7 0.0
30 6.286458153901549 3.0 1.0 1.9143953977618366e-8 0.0
328 2.081792116374345 1.0 2.0 1.1204701877431944e-7 0.0
79 4.069005460953122 1.0 2.0 1.9728577171918005e-7 0.0
136 3.7491623063742736 2.0 3.0 5.474457793752663e-7 0.0
272 3.7769635991026007 1.0 2.0 2.6509951567277312e-8 0.0
227 0.4306656645185285 2.0 1.0 7.336075213970616e-8 0.0
329 1.3825916753503407 3.0 1.0 2.5210283638443798e-8 0.0
384 3.531156309210928 3.0 2.0 2.2243420971790329e-7 0.0
385 NaN NaN NaN NaN 1.0
31 1.5979780001634936 2.0 1.0 2.2566655388800427e-7 0.0
182 1.3566808013219998 3.0 2.0 8.615825208835304e-8 0.0
273 1.3416774603920203 2.0 2.0 3.769837348954752e-7 0.0
386 1.456637056051477 2.0 3.0 1.2224245438119397e-7 0.0
330 4.15028453618288 3.0 1.0 4.3815271055791527e-7 0.0
137 1.2297135425869783 2.0 1.0 7.275593816302717e-8 0.0
387 0.008528837310223025 3.0 3.0 4.771754902321845e-8 0.0
228 2.792283302771466 3.0 2.0 1.0847998055396602e-7 0.0
274 0.6205151852609561 2.0 3.0 6.885029506520368e-7 0.0
80 2.6528827484671638 3.0 1.0 1.4160377759253606e-7 0.0
183 4.782781016494482 1.0 3.0 6.004393071634695e-8 0.0
229 4.860374992120342 2.0 3.0 1.4451597962761298e-7 0.0
275 3.0725383831686486 2.0 2.0 1.305088517256081e-7 0.0
276 NaN NaN NaN NaN 1.0
277 NaN NaN NaN NaN 1.0
331 1.4876750444745994 1.0 1.0 1.5142177289817482e-7 0.0
32 3.666816321252554 2.0 2.0 5.622769094770774e-8 0.0
81 4.774019817017688 3.0 2.0 1.3966200640425086e-8 0.0
332 1.0287667538432288 1.0 3.0 2.2463518689619377e-7 0.0
230 3.7206592328075203 2.0 3.0 1.5858404367463663e-7 0.0
278 1.1024696846398 2.0 2.0 1.7659658624324948e-7 0.0
184 5.730950004657643 2.0 1.0 2.5414010451640934e-8 0.0
388 2.6136030607722205 3.0 1.0 7.393646228592843e-8 0.0
138 5.792427009002495 3.0 1.0 1.1663269106065854e-7 0.0
231 3.7558075132874364 2.0 1.0 1.4708984963363037e-7 0.0
82 1.2405476468520646 2.0 2.0 2.9744114726781845e-8 0.0
185 2.2416964355197706 2.0 2.0 4.120147423236631e-7 0.0
333 3.429493620595167 2.0 3.0 6.452683010138571e-8 0.0
334 NaN NaN NaN NaN 1.0
335 NaN NaN NaN NaN 1.0
279 2.886736492298951 2.0 1.0 8.420556696364656e-8 0.0
389 3.2406569497452438 2.0 2.0 4.432877176441252e-8 0.0
33 9.70649396896988 2.0 2.0 2.1364758140407503e-7 0.0
186 0.3913924940061406 2.0 2.0 5.601987140835263e-7 0.0
83 1.7311037858344207 1.0 3.0 4.0136910683941096e-8 0.0
139 6.2783584618246095 2.0 1.0 4.143566911807284e-8 0.0
336 2.4049775901548855 3.0 2.0 8.056031219894066e-8 0.0
390 0.7316463445258705 2.0 3.0 6.475602276623249e-8 0.0
337 0.20215375367297383 2.0 1.0 3.8889811548870057e-7 0.0
187 2.540307881192348 1.0 1.0 1.617736415937543e-7 0.0
34 5.0105726133951975 1.0 2.0 1.0286294127581641e-7 0.0
232 6.562657669479449 1.0 3.0 6.714162736898288e-8 0.0
140 1.6308085600958293 1.0 1.0 6.919526640558615e-8 0.0
391 5.5615461338129535 1.0 1.0 1.510225047240965e-7 0.0
280 2.4856183944775694 2.0 2.0 4.8171386879403144e-8 0.0
233 7.44252094139847 1.0 1.0 2.7268470148555934e-8 0.0
234 NaN NaN NaN NaN 1.0
84 2.272371151810148 1.0 3.0 9.182258509099483e-8 0.0
35 2.0519178906815796 3.0 3.0 1.0470739653101191e-7 0.0
392 2.8422351204335428 2.0 1.0 1.8811442714650184e-7 0.0
281 11.048175941545196 1.0 3.0 2.1327286958694458e-7 0.0
85 1.3831748631273513 3.0 2.0 5.656147550325841e-9 0.0
188 2.5313844081465504 2.0 1.0 1.1976680980296806e-7 0.0
338 6.79830042454887 3.0 2.0 3.299192030681297e-8 0.0
393 4.007074570437908 2.0 1.0 3.1844592740526423e-7 0.0
394 NaN NaN NaN NaN 1.0
86 5.531098824716537 1.0 2.0 2.2373569663614035e-8 0.0
189 3.1445859071864106 1.0 3.0 9.22873368836008e-8 0.0
339 1.110177746415502 2.0 2.0 1.801709004212171e-8 0.0
235 10.442287013736859 2.0 1.0 1.6082140064099804e-7 0.0
87 0.9367060825479712 1.0 1.0 1.5318437363021076e-7 0.0
395 1.5754357927926321 1.0 2.0 1.4112629287410527e-8 0.0
190 1.0765200539844955 1.0 1.0 4.771300154970959e-8 0.0
236 3.6992955237583374 2.0 1.0 1.9459548639133573e-8 0.0
191 1.5925304702905123 3.0 1.0 5.4967131291050464e-8 0.0
340 4.273634154707906 2.0 3.0 3.239092620788142e-7 0.0
396 0.8800676943792496 1.0 2.0 3.9158294384833425e-8 0.0
282 0.8831698848389351 1.0 3.0 1.3121734809828922e-7 0.0
192 2.3004683212930104 3.0 1.0 1.3797944120597094e-7 0.0
397 0.5480372774727584 1.0 2.0 1.4417310012504458e-8 0.0
283 4.778602934240553 2.0 1.0 2.189362930948846e-7 0.0
341 7.277863613122463 1.0 1.0 5.8274963521398604e-8 0.0
141 3.876897993250168 2.0 1.0 1.2311193131608889e-7 0.0
193 4.698197239324145 1.0 2.0 1.6279955161735415e-8 0.0
237 8.691126950789112 2.0 3.0 1.3507906260201707e-7 0.0
88 10.646805530608617 3.0 1.0 3.572131390683353e-8 0.0
142 0.8809334526104067 2.0 3.0 1.2190412235213444e-7 0.0
36 5.29427338100686 3.0 2.0 9.790164767764509e-8 0.0
398 4.748423923405426 3.0 3.0 1.4622310118284076e-7 0.0
194 1.182978717451988 2.0 3.0 6.107256922405213e-8 0.0
195 NaN NaN NaN NaN 1.0
284 0.5580334416099504 2.0 1.0 1.3636963558383286e-8 0.0
342 1.5651013423594122 3.0 1.0 2.312863216502592e-7 0.0
238 0.3522534134590387 2.0 3.0 1.0712301445892081e-7 0.0
143 6.840726352462298 3.0 1.0 8.496954251313582e-8 0.0
89 0.07919872826096253 3.0 2.0 1.4410761650651693e-7 0.0
196 6.0103128958126035 3.0 2.0 7.482049113605171e-8 0.0
37 3.6764789770131756 2.0 3.0 1.3700173440156505e-7 0.0
285 2.3907392225773947 2.0 1.0 3.9357473724521697e-7 0.0
399 3.7889242283417843 1.0 3.0 1.212638380820863e-7 0.0
239 2.5747371554316487 3.0 3.0 5.460606189444661e-8 0.0
38 1.7406802110053832 3.0 1.0 1.9976141629740596e-8 0.0
286 4.116227774675281 1.0 2.0 1.4168108464218676e-8 0.0
400 2.397831127162135 1.0 2.0 6.930958988959901e-7 0.0
343 7.0333462963844795 3.0 2.0 9.399809641763568e-8 0.0
287 2.228975138716123 1.0 2.0 4.6109198592603207e-7 0.0
90 2.9973022974572814 1.0 2.0 7.10751919541508e-8 0.0
197 6.042910700902212 3.0 3.0 5.820065780426376e-7 0.0
288 4.785327820278326 2.0 1.0 4.291450750315562e-8 0.0
144 8.613389945734525 2.0 3.0 1.3618864613818005e-7 0.0
91 3.8904427254456095 3.0 2.0 6.774189387215301e-8 0.0
344 1.3785070489593636 1.0 1.0 2.0256811694707721e-7 0.0
39 5.098397198136809 2.0 1.0 2.1978576114634052e-7 0.0
240 4.291656525441795 3.0 2.0 5.766742106061429e-8 0.0
198 0.19011510239215568 3.0 2.0 3.005698090419173e-8 0.0
145 3.6577829280086007 2.0 3.0 2.057504389085807e-7 0.0
92 3.0716836956798943 2.0 1.0 6.495338311651722e-8 0.0
345 0.6163949240799411 2.0 1.0 5.566862455452792e-7 0.0
199 2.563821884787103 2.0 3.0 1.725438778521493e-7 0.0
289 4.0447724787009065 3.0 2.0 6.293430487858132e-8 0.0
40 0.9052716237601999 3.0 2.0 1.601738404133357e-7 0.0
93 2.8873617641347664 2.0 1.0 1.909511411213316e-7 0.0
346 2.954886220586559 1.0 2.0 2.0135303202550858e-8 0.0
241 0.7141808826399938 3.0 2.0 7.107701094355434e-9 0.0
200 0.8983642779166985 2.0 2.0 2.232463884865865e-7 0.0
347 1.2212115560450911 1.0 2.0 3.927298166672699e-7 0.0
94 2.6165824011459335 1.0 3.0 4.2981810111086816e-8 0.0
146 0.8305165570964164 2.0 2.0 6.936079444130883e-8 0.0
147 NaN NaN NaN NaN 1.0
41 2.5242579240530176 3.0 2.0 1.3023964129388332e-7 0.0
95 1.3684921851963736 1.0 3.0 8.513234206475317e-8 0.0
242 11.170503062428907 1.0 1.0 1.3548196875490248e-7 0.0
348 2.5004162041277596 3.0 2.0 1.1327756510581821e-7 0.0
290 3.179805711868539 2.0 2.0 7.598373485961929e-8 0.0
96 5.740992449398618 1.0 3.0 1.9754043023567647e-7 0.0
148 1.4303679649219703 2.0 1.0 3.249106157454662e-7 0.0
349 2.1834499594642693 1.0 2.0 1.1509655450936407e-7 0.0
149 2.2334324498242495 2.0 2.0 4.9180925998371094e-8 0.0
243 2.9973871380716446 1.0 1.0 1.960943336598575e-7 0.0
42 0.9244000683520426 3.0 3.0 2.2314179659588262e-7 0.0
291 5.088762337905791 3.0 2.0 9.18034857022576e-8 0.0
350 10.004989142418708 2.0 2.0 8.211554813897237e-8 0.0
97 0.3153476254592533 3.0 2.0 1.9071467249887064e-7 0.0
150 4.787522150971199 2.0 1.0 1.8761329556582496e-7 0.0
43 1.3577452841200284 1.0 2.0 3.6561687011271715e-8 0.0
292 0.5764133391185169 3.0 3.0 3.2951811590464786e-7 0.0
293 NaN NaN NaN NaN 1.0
98 0.011021625097782817 2.0 3.0 5.1653842092491686e-8 0.0
244 7.425072715201168 3.0 3.0 1.2202872312627733e-7 0.0
245 11.537654722838852 2.0 2.0 8.153165254043415e-8 0.0
294 1.1463580641120643 1.0 1.0 1.8259834178024903e-7 0.0
99 1.3995091860706452 1.0 3.0 9.436917025595903e-8 0.0
44 3.3681925062028313 2.0 2.0 2.120559656759724e-7 0.0
45 NaN NaN NaN NaN 1.0
246 2.8605474290889106 2.0 1.0 2.2527547116624191e-7 0.0
100 5.6960463745417655 2.0 1.0 5.0578819354996085e-8 0.0
46 3.1150187081257172 1.0 1.0 2.043761924142018e-7 0.0
295 2.381048950850527 3.0 1.0 2.3327629605773836e-7 0.0
296 2.26722985341803 1.0 2.0 6.2664184952154756e-9 0.0
47 1.6152779496787844 3.0 3.0 9.997620509238914e-8 0.0
297 4.170093452845322 2.0 2.0 6.502541509689763e-7 0.0
298 0.5078059093229967 2.0 1.0 2.345950633753091e-8 0.0
247 0.8281810255448363 1.0 2.0 9.274936019210145e-8 0.0
48 1.180330877619781 2.0 3.0 9.672839951235801e-8 0.0
49 3.5384025498697156 3.0 1.0 6.005848263157532e-7 0.0
248 0.3245989595652645 3.0 2.0 3.629183993325569e-7 0.0
50 4.03034776271852 3.0 2.0 1.6217927623074502e-7 0.0
299 12.02149843594816 3.0 2.0 1.2416057870723307e-7 0.0
249 3.8130576411240327 2.0 3.0 4.865960363531485e-7 0.0
250 2.3434724108083174 2.0 1.0 4.2818919609999284e-7 0.0
300 4.891693011728421 1.0 2.0 6.282971298787743e-8 0.0
