251 3.6600828873615683 2.0 3.0 2.1501455194083974e-7 0.0
351 0.2124777029875986 2.0 1.0 6.847585609648377e-9 0.0
151 1.6048129590253666 3.0 3.0 3.1468880479224026e-7 0.0
201 1.556607118973261 3.0 2.0 2.9747479857178405e-7 0.0
1 1.4672342058438517 1.0 2.0 3.342393029015511e-8 0.0
101 2.911475325412539 3.0 1.0 1.060279828379862e-7 0.0
301 0.06763696469897695 3.0 1.0 2.0485185814322904e-7 0.0
51 0.8371749407560856 3.0 1.0 1.2133023119531572e-7 0.0
352 5.324573603502358 3.0 1.0 6.948357622604817e-8 0.0
152 5.267608612381082 2.0 2.0 6.607206159969792e-8 0.0
52 3.4891560071246204 2.0 3.0 7.40346877137199e-8 0.0
202 0.9478069248089014 3.0 1.0 1.0047187970485538e-7 0.0
102 3.2684323560552 1.0 2.0 2.3556822270620614e-8 0.0
252 2.028662728444033 3.0 2.0 4.4838998292107135e-8 0.0
2 5.58353260446529 3.0 3.0 5.322272045304999e-8 0.0
302 13.071053944413507 3.0 3.0 1.4821216609561816e-7 0.0
153 0.8938796003985772 3.0 1.0 1.0646635928424075e-7 0.0
154 1.126952756447281 3.0 3.0 1.129892552853562e-7 0.0
103 1.6271391037862486 1.0 3.0 1.7541788110975176e-7 0.0
353 0.849153259779996 1.0 3.0 2.8481281333370134e-7 0.0
253 1.2623786061576538 1.0 1.0 1.1799238563980907e-7 0.0
203 1.8136336467196088 2.0 2.0 5.8237674238625914e-8 0.0
53 5.5680563297737535 3.0 3.0 3.5915945773012936e-9 0.0
354 1.080394194148539 1.0 3.0 1.4930810721125454e-7 0.0
155 2.2101649007690867 1.0 2.0 4.536832420853898e-8 0.0
104 1.3446141021468065 2.0 3.0 4.2071405914612114e-8 0.0
303 5.813999398413216 1.0 2.0 7.21402102499269e-8 0.0
254 5.645152289798716 2.0 3.0 3.0549017537850887e-7 0.0
204 3.123100129860177 2.0 2.0 7.951530278660357e-8 0.0
355 3.4629256995103788 1.0 3.0 1.952848833752796e-7 0.0
3 12.990035812923452 3.0 1.0 3.153600118821487e-7 0.0
156 0.760201204679106 1.0 1.0 5.114216037327424e-7 0.0
255 4.977001895504145 1.0 3.0 2.8714021027553827e-7 0.0
356 6.363469371501196 3.0 1.0 5.4033080232329667e-8 0.0
205 1.4183325581452664 2.0 3.0 5.6905264500528574e-8 0.0
4 5.460678095447292 3.0 1.0 1.2702003004960716e-7 0.0
105 4.204724490762601 1.0 2.0 8.248844096669927e-8 0.0
106 0.037719128322351025 1.0 1.0 5.421698006102815e-7 0.0
54 2.396625347639201 3.0 2.0 2.8747035685228184e-7 0.0
206 0.21642722120304825 3.0 1.0 4.1984640120062977e-7 0.0
157 0.38813942090564524 3.0 2.0 1.0683197615435347e-7 0.0
5 4.243330094808698 1.0 1.0 7.1559043135494e-8 0.0
207 0.8281027387911308 2.0 3.0 5.997935659252107e-8 0.0
256 3.3198611878869997 3.0 2.0 1.0758321877801791e-7 0.0
304 1.8994678526742064 2.0 1.0 2.6011548470705748e-8 0.0
107 3.5328900622207584 2.0 1.0 1.372518454445526e-8 0.0
357 0.5120357572413923 2.0 3.0 5.249694368103519e-8 0.0
55 2.827971486174647 3.0 2.0 2.515707819839008e-7 0.0
108 1.6632294040209672 1.0 3.0 1.9058006728300825e-7 0.0
208 1.551832542872944 1.0 3.0 1.975195118575357e-7 0.0
257 2.8205553302232147 3.0 3.0 6.643949745921418e-8 0.0
209 1.9314029828692583 2.0 3.0 5.633773980662227e-8 0.0
305 7.021480392862941 1.0 1.0 1.0767689673230052e-7 0.0
109 3.5495498709369713 2.0 2.0 3.097920853178948e-8 0.0
358 0.07210819476131292 2.0 3.0 3.1238141673384234e-7 0.0
258 1.0359197095058335 3.0 1.0 1.1134125088574365e-7 0.0
56 1.7499805298921274 2.0 3.0 1.303515091422014e-7 0.0
158 6.8019717523493455 3.0 3.0 1.4842316886642948e-7 0.0
210 4.32500261050518 2.0 3.0 1.664193405304104e-8 0.0
159 1.8563606643529056 3.0 1.0 5.024085112381727e-7 0.0
359 2.71706407939746 3.0 2.0 5.772772055934183e-7 0.0
160 8.989516403171365 2.0 2.0 6.439677235903218e-8 0.0
306 4.6612577434425475 2.0 3.0 5.176243575988337e-7 0.0
110 1.8021532301554544 1.0 2.0 4.0885424823500216e-8 0.0
6 11.25256691098366 2.0 1.0 3.117147571174428e-7 0.0
211 1.188192180443366 3.0 2.0 1.1120573617517948e-7 0.0
111 4.147991285297394 3.0 2.0 1.5128262020880356e-7 0.0
161 0.5956538453501707 3.0 2.0 1.745293047861196e-7 0.0
360 3.3068499983837683 3.0 3.0 2.789120117085986e-7 0.0
259 1.5673486715877516 3.0 2.0 3.599470801418647e-7 0.0
112 3.6083364309833996 3.0 1.0 6.110531103331596e-8 0.0
307 5.036080794196096 2.0 2.0 1.2190321285743266e-7 0.0
361 6.260391333938969 2.0 1.0 2.460183168295771e-8 0.0
212 1.3044025303770468 3.0 3.0 1.1398969945730641e-7 0.0
162 12.440374910287574 2.0 1.0 1.6124795365612954e-7 0.0
308 1.1580380051473185 1.0 1.0 2.202532414230518e-7 0.0
362 4.577468730807595 1.0 2.0 4.757384886033833e-8 0.0
213 1.702912041637319 3.0 2.0 5.405854608397931e-8 0.0
113 3.7187220731775597 1.0 3.0 1.4842680684523657e-7 0.0
260 2.797831262172622 3.0 1.0 2.831311576301232e-7 0.0
163 5.883783037925241 2.0 3.0 1.105299816117622e-7 0.0
214 2.5725275915556267 1.0 2.0 1.6552712622797117e-7 0.0
309 2.8071503487772134 1.0 3.0 1.8531136447563767e-7 0.0
363 3.310865490586366 1.0 3.0 1.3126737030688673e-7 0.0
7 4.870343387450703 1.0 1.0 6.655136530753225e-8 0.0
261 2.478650826595185 2.0 3.0 8.375172910746187e-8 0.0
164 6.403231509360921 2.0 3.0 4.3037289287894964e-9 0.0
364 0.5596096640274482 1.0 2.0 8.05121089797467e-8 0.0
114 4.768860561191104 3.0 3.0 2.7628539100987837e-7 0.0
8 1.832939486757823 3.0 2.0 1.8676473700907081e-7 0.0
310 2.7756924158566108 1.0 3.0 8.472761692246422e-8 0.0
57 3.7495710298662743 3.0 2.0 2.900715116993524e-7 0.0
165 0.26816045956365997 3.0 3.0 2.084880179609172e-7 0.0
262 1.0778269895727135 2.0 2.0 2.8182967071188614e-7 0.0
115 1.796545320754376 1.0 2.0 2.0755578589159995e-8 0.0
311 5.626007605895211 1.0 1.0 3.218974597984925e-8 0.0
365 1.807892134595022 2.0 3.0 1.6269677871605381e-7 0.0
9 6.038521612832483 3.0 3.0 5.587125997408293e-7 0.0
263 2.854235079135833 2.0 2.0 2.542628863011487e-7 0.0
166 2.1364759341158788 3.0 1.0 1.8568061932455748e-7 0.0
10 1.4897747716913727 1.0 2.0 3.974309947807342e-8 0.0
312 4.692840765343135 3.0 3.0 3.9028327591950074e-7 0.0
215 10.651282085715138 3.0 3.0 1.8972696125274524e-7 0.0
58 5.656598782501533 3.0 2.0 7.332801033044234e-8 0.0
116 0.7183509465776297 3.0 3.0 1.1768315744120628e-7 0.0
366 2.118954094748915 1.0 2.0 4.291268851375207e-8 0.0
167 2.6153287912547967 3.0 2.0 3.3356263884343207e-7 0.0
11 0.7235755467445415 1.0 1.0 8.504230208927765e-8 0.0
313 1.2665316500533663 1.0 1.0 6.419058991014026e-7 0.0
264 1.498277738553952 3.0 1.0 2.1277355699567124e-7 0.0
216 1.237756780557902 1.0 3.0 2.965161911561154e-7 0.0
59 5.143672470610909 3.0 2.0 3.8101006794022396e-7 0.0
367 0.6291917755424947 2.0 2.0 4.00031240133103e-7 0.0
117 8.77637862836491 1.0 2.0 1.0223902791040018e-7 0.0
314 3.0526763194302475 3.0 2.0 1.8844548321794719e-7 0.0
12 8.453862335607482 3.0 3.0 3.59601472155191e-7 0.0
217 0.057535108011506964 3.0 2.0 6.064510671421885e-8 0.0
368 5.002215200227511 3.0 3.0 5.410038284026086e-8 0.0
118 1.7583889785091742 1.0 3.0 3.80068740923889e-8 0.0
369 2.325475372996152 2.0 1.0 6.40702637610957e-8 0.0
218 0.8108012477241573 2.0 3.0 3.418672349653207e-7 0.0
119 0.5498661781221017 2.0 1.0 1.9195522327208892e-7 0.0
315 6.008423844568824 1.0 1.0 1.0644544090609998e-7 0.0
60 5.8952435667706595 1.0 1.0 1.1883093975484371e-7 0.0
168 1.0564635726823326 1.0 2.0 2.283904905198142e-7 0.0
219 0.2688399707185454 3.0 3.0 1.048183548846282e-7 0.0
316 6.844121236263163 1.0 1.0 7.974085747264326e-8 0.0
13 1.5782799430180603 2.0 3.0 3.212717274436727e-7 0.0
265 3.181718924675806 1.0 3.0 7.4474883149378e-8 0.0
120 2.8634537002799334 2.0 1.0 2.0784500520676374e-7 0.0
61 1.1217884843026695 1.0 1.0 1.1653901310637593e-7 0.0
169 2.429221374948611 3.0 2.0 1.0389521776232868e-6 0.0
14 7.611533774113923 1.0 3.0 2.31575540965423e-7 0.0
220 0.580993761854188 3.0 1.0 1.6953163139987737e-7 0.0
266 1.668991836369969 2.0 2.0 7.200105756055564e-8 0.0
317 1.5450544429077127 3.0 2.0 1.6391550161642954e-7 0.0
121 7.776418238052429 2.0 1.0 1.7207639757543802e-7 0.0
62 4.257104352596798 2.0 3.0 3.475943231023848e-7 0.0
370 5.613196675403742 2.0 3.0 4.4584339775610715e-8 0.0
170 2.23670289632355 2.0 2.0 2.1738560462836176e-7 0.0
371 2.625790230991697 1.0 3.0 4.966022970620543e-8 0.0
318 1.9375468075759272 2.0 1.0 2.2079530026530847e-7 0.0
171 0.7092659177451424 2.0 3.0 2.6907946448773146e-7 0.0
15 2.1816820327530877 1.0 1.0 1.484995664213784e-7 0.0
63 4.699995898732595 2.0 1.0 1.5406840248033404e-8 0.0
122 2.878263719156166 1.0 1.0 6.31362127023749e-8 0.0
372 3.8391047447275923 2.0 2.0 3.743734851013869e-7 0.0
319 7.622545451451515 3.0 2.0 3.0132468964438885e-8 0.0
267 7.804283291807224 2.0 3.0 7.272319635376334e-9 0.0
221 5.779155532953155 1.0 3.0 5.761739885201678e-8 0.0
123 1.5339696472728974 1.0 1.0 6.826758180977777e-8 0.0
64 1.1896164505124034 3.0 1.0 2.3272241378435865e-7 0.0
172 6.423025870759375 3.0 2.0 4.7085904952837154e-7 0.0
373 5.706507238597624 1.0 1.0 1.7409729480277747e-7 0.0
16 1.9888136855697667 2.0 3.0 6.044383553671651e-7 0.0
65 3.910315292161613 3.0 1.0 3.887726052198559e-8 0.0
222 1.9527326657116646 3.0 3.0 3.822442522505298e-7 0.0
374 2.224374962524962 3.0 2.0 1.0172334441449493e-7 0.0
173 4.086176570393945 3.0 1.0 8.210827218135819e-8 0.0
268 7.641906653292608 1.0 3.0 8.015376806724817e-9 0.0
66 7.54079419127811 3.0 2.0 3.55952579411678e-7 0.0
17 0.8912774612854264 3.0 3.0 3.5626726457849145e-8 0.0
174 10.966973772850906 1.0 3.0 6.513619155157357e-8 0.0
223 10.218869906751934 2.0 3.0 6.400387064786628e-8 0.0
67 0.8290255558677018 2.0 2.0 2.6972884370479733e-8 0.0
320 3.502854492944607 1.0 2.0 1.719126885291189e-7 0.0
18 8.04865280352351 2.0 1.0 1.944854375324212e-7 0.0
175 5.543577044318226 2.0 2.0 7.776907295919955e-8 0.0
375 3.6627207895598985 3.0 3.0 1.164462446467951e-7 0.0
124 2.205122060755457 3.0 1.0 1.2684995454037562e-7 0.0
19 0.4149590029464889 3.0 1.0 1.3844964996678755e-7 0.0
68 3.405807437527983 3.0 3.0 2.783845047815703e-7 0.0
376 0.7381944750359253 3.0 1.0 2.5372355594299734e-7 0.0
224 3.472225242849163 2.0 3.0 3.744680725503713e-7 0.0
321 1.6504986281834135 3.0 3.0 3.5719131119549274e-7 0.0
125 1.7342503323779965 2.0 3.0 6.325262802420184e-7 0.0
176 0.36214772442508547 3.0 1.0 9.865561878541484e-8 0.0
69 3.777321777506586 3.0 3.0 3.594777808757499e-8 0.0
20 2.29430662510822 1.0 1.0 4.5383603719528764e-7 0.0
377 0.30765417650763993 2.0 2.0 1.210692062159069e-7 0.0
225 2.5622074854254606 2.0 3.0 1.7038837540894747e-7 0.0
378 4.098208672254259 2.0 1.0 5.977926775813103e-8 0.0
70 0.6675584928361786 1.0 3.0 1.250227796845138e-7 0.0
21 5.019827639980576 1.0 2.0 1.9937215256504714e-7 0.0
177 6.7341317423106375 3.0 2.0 9.182895155390725e-8 0.0
226 3.5662759529313917 2.0 1.0 1.489061105530709e-7 0.0
322 6.082703944721288 1.0 2.0 8.92168827704154e-8 0.0
323 1.4410359103367227 1.0 2.0 3.8105008570710197e-7 0.0
269 7.3006062406329875 1.0 2.0 1.1290740076219663e-7 0.0
178 2.286977714235036 2.0 3.0 4.237299435772002e-7 0.0
22 0.13721922396871378 2.0 1.0 6.874051905469969e-8 0.0
227 0.6008158704335074 1.0 1.0 7.892595021985471e-9 0.0
379 1.5572601409548952 1.0 2.0 1.893222361104563e-7 0.0
126 1.4884762023211806 1.0 3.0 1.6025569493649527e-7 0.0
270 2.657068840911961 1.0 1.0 6.349728209897876e-8 0.0
23 1.3857004076035082 3.0 2.0 6.397476681740955e-8 0.0
179 0.22046811630571028 1.0 1.0 3.5992252378491685e-7 0.0
127 2.5950090556561918 2.0 1.0 1.466014509787783e-8 0.0
324 2.107294488712796 1.0 1.0 1.3712815416511148e-7 0.0
271 0.38771058382917545 3.0 3.0 2.012957338592969e-7 0.0
24 2.2115882716570923 3.0 1.0 2.3638312995899469e-7 0.0
128 0.39673698065962526 1.0 2.0 2.5090139388339594e-7 0.0
325 1.0033498951288493 3.0 2.0 6.060054147383198e-8 0.0
228 4.3833280558556 1.0 1.0 4.7813955461606383e-8 0.0
71 6.81950613812478 2.0 1.0 3.82688085664995e-8 0.0
380 3.0108319224364095 3.0 3.0 1.0135590855497867e-7 0.0
326 0.27815791269313195 1.0 3.0 1.3375938578974456e-8 0.0
72 1.8919714131898218 2.0 2.0 2.788237907225266e-8 0.0
180 3.020970766159735 3.0 2.0 3.125851435470395e-7 0.0
272 4.912855999795283 3.0 2.0 3.2227580959443003e-7 0.0
129 4.667474631121877 1.0 1.0 1.0546136763878167e-7 0.0
25 0.9184672271694581 2.0 1.0 9.625455277273431e-8 0.0
381 2.6946968045649555 2.0 3.0 9.932773537002504e-8 0.0
229 4.058815163061809 3.0 3.0 1.452071956009604e-7 0.0
327 5.0081437599819765 2.0 3.0 7.733160600764677e-8 0.0
181 5.602516857112278 1.0 2.0 6.990630936343223e-7 0.0
382 0.7288328955382894 2.0 1.0 3.481627572909929e-7 0.0
130 1.3879205844859825 3.0 1.0 2.2595941118197516e-7 0.0
73 5.336559899076747 3.0 3.0 2.000724634854123e-7 0.0
328 1.948334437853191 2.0 3.0 3.961577021982521e-8 0.0
26 2.031340629040642 1.0 3.0 1.253793016076088e-7 0.0
74 1.0098623033009062 3.0 3.0 2.3814027372281998e-7 0.0
273 0.8089940992213087 1.0 1.0 2.4364089767914265e-7 0.0
230 3.763165407002816 1.0 2.0 1.1384872777853161e-7 0.0
383 0.8694715652891318 2.0 1.0 5.633773980662227e-8 0.0
27 0.7495691384883685 3.0 2.0 1.6504509403603151e-7 0.0
329 1.1973196204071428 1.0 3.0 9.180439519695938e-9 0.0
131 4.127364990399656 2.0 2.0 2.2717267711414024e-7 0.0
274 1.518625665381478 1.0 3.0 8.617098501417786e-8 0.0
231 4.379168048295469 3.0 2.0 3.93049958802294e-7 0.0
182 2.6342854288122908 1.0 1.0 1.9217532098991796e-7 0.0
75 1.012809716277843 3.0 2.0 6.266236596275121e-8 0.0
384 1.5744670864587533 3.0 1.0 1.379003151669167e-7 0.0
275 3.1699261532012315 2.0 3.0 3.8632879295619205e-7 0.0
330 5.407623778113702 2.0 1.0 1.337748471996747e-7 0.0
385 5.333843536107452 2.0 3.0 2.5652116164565086e-7 0.0
183 3.042225214830978 1.0 1.0 1.4068973541725427e-8 0.0
132 4.064908525015198 1.0 2.0 8.611823432147503e-8 0.0
28 1.54137672937577 1.0 1.0 8.864453775458969e-7 0.0
76 2.9494823195145727 2.0 1.0 5.726951712858863e-7 0.0
276 15.579628480152678 2.0 3.0 3.491459210636094e-8 0.0
386 0.7214452721909765 3.0 3.0 2.1137566363904625e-7 0.0
331 2.4395214500109432 2.0 3.0 2.5084136723307893e-7 0.0
232 6.483688037627871 3.0 3.0 1.4504439604934305e-7 0.0
277 1.9351668379586044 2.0 1.0 2.8085833037039265e-7 0.0
29 1.7104811755925766 1.0 3.0 1.2293276085983962e-6 0.0
77 0.9888526793183701 1.0 2.0 2.7920214051846415e-7 0.0
387 0.11562379821225477 3.0 1.0 1.1378961062291637e-7 0.0
133 3.700453818513779 2.0 2.0 1.3607768778456375e-7 0.0
184 6.252410005157799 2.0 3.0 6.486025085905567e-7 0.0
332 1.161084359342567 3.0 3.0 2.0689731172751635e-7 0.0
30 5.446535975390361 2.0 3.0 4.3571435526246205e-7 0.0
233 5.587661372948787 1.0 2.0 8.590996003476903e-8 0.0
278 1.9747272186104965 1.0 2.0 9.437826520297676e-8 0.0
78 4.806782539046253 3.0 3.0 2.291526470798999e-7 0.0
185 2.1492700410763064 2.0 1.0 4.327830538386479e-8 0.0
134 0.8791167957115249 3.0 2.0 1.793441697373055e-7 0.0
234 3.8521375044492743 2.0 3.0 2.061233317363076e-7 0.0
31 1.7017751484418113 2.0 1.0 4.0458780858898535e-7 0.0
135 0.9753577396168112 2.0 2.0 4.970097506884485e-7 0.0
186 1.1321419667365262 3.0 1.0 3.341119736433029e-7 0.0
279 1.0598425990192482 1.0 1.0 1.4904890122124925e-7 0.0
333 4.130782799211374 1.0 3.0 2.3244592739501968e-7 0.0
79 3.7600306682506925 1.0 3.0 1.507942215539515e-8 0.0
187 2.130775762394478 3.0 2.0 1.1071369954152033e-7 0.0
334 2.059314146923498 3.0 2.0 2.7502210286911577e-8 0.0
136 4.006790112798626 1.0 3.0 2.5391182134626433e-7 0.0
388 1.7281018717621919 2.0 3.0 1.5186014934442937e-7 0.0
235 5.587077648757258 1.0 2.0 4.0764916775515303e-7 0.0
80 0.8940031214751798 3.0 3.0 3.9291990105994046e-8 0.0
335 1.0235915923822176 2.0 3.0 2.94607161777094e-7 0.0
137 0.7299085467984696 3.0 3.0 1.1430529411882162e-7 0.0
389 5.05483805881704 2.0 3.0 3.6055371310794726e-7 0.0
236 3.003093394516327 1.0 1.0 5.5116288422141224e-8 0.0
336 2.527144300627697 3.0 1.0 3.919103619409725e-8 0.0
32 2.259628109377445 2.0 2.0 4.8302354116458446e-8 0.0
337 1.1846833827530645 1.0 2.0 1.0826352081494406e-7 0.0
390 0.525250342401705 1.0 1.0 4.321946107666008e-7 0.0
81 2.353898772800676 3.0 3.0 5.325182428350672e-8 0.0
280 1.7449664712967206 2.0 1.0 1.1840438673971221e-7 0.0
237 4.203927440528787 1.0 1.0 2.2350741346599534e-7 0.0
188 0.7701039433286496 3.0 1.0 7.126618584152311e-7 0.0
391 6.125940721958614 2.0 3.0 4.20013748225756e-8 0.0
189 2.1428561018001346 3.0 2.0 3.063996700802818e-7 0.0
82 2.148061115947712 2.0 2.0 1.822063495637849e-7 0.0
238 0.9121634181192348 3.0 2.0 1.2432155926944688e-7 0.0
281 12.673585194124826 1.0 3.0 2.811193553498015e-7 0.0
190 1.435462953761089 2.0 1.0 1.527896529296413e-7 0.0
138 9.597779735773656 3.0 2.0 1.0030544217443094e-7 0.0
83 1.6193025896936888 2.0 3.0 2.3805387172615156e-7 0.0
392 3.9005427607771708 3.0 3.0 5.9867488744203e-8 0.0
33 7.709148070700394 1.0 2.0 1.0106668923981488e-7 0.0
338 1.2468272128990066 1.0 1.0 2.6775978767545894e-7 0.0
339 0.6877482334803062 3.0 2.0 6.604295776924118e-8 0.0
191 1.6422702094369015 3.0 3.0 6.141272024251521e-7 0.0
139 7.127236588741653 2.0 3.0 1.0677285899873823e-7 0.0
239 3.1597414292318717 1.0 2.0 1.7816000763559714e-7 0.0
84 1.9697612099898834 3.0 2.0 3.3082869776990265e-8 0.0
393 3.342070353721283 2.0 3.0 2.3329630494117737e-7 0.0
282 3.5631953455795156 1.0 1.0 1.1453266779426485e-7 0.0
192 2.540703959915845 2.0 3.0 1.9814160623354837e-7 0.0
34 6.685338032548316 2.0 2.0 3.359309630468488e-8 0.0
340 5.009287122544265 3.0 3.0 1.2613600119948387e-7 0.0
140 1.4178361233189207 3.0 1.0 2.3316533770412207e-7 0.0
85 0.5276753566340631 1.0 3.0 1.3980388757772744e-7 0.0
193 4.575524653400862 2.0 3.0 5.491619958775118e-8 0.0
394 1.2598965089073317 3.0 2.0 3.1934632716001943e-7 0.0
240 0.6323000902611966 3.0 3.0 2.041169864241965e-7 0.0
341 4.618183608139589 3.0 3.0 8.822189556667581e-8 0.0
283 5.233393470909505 1.0 3.0 6.604659574804828e-8 0.0
141 4.607706177570435 3.0 3.0 1.0204166756011546e-7 0.0
35 0.3875965519055171 1.0 3.0 1.124917616834864e-7 0.0
86 6.586391022952739 1.0 3.0 1.3681983546121046e-7 0.0
194 1.7717255878742435 2.0 2.0 2.5281224225182086e-8 0.0
395 1.2971679690872406 2.0 3.0 9.096766007132828e-8 0.0
87 1.5252536405496357 3.0 3.0 2.033248165389523e-7 0.0
142 0.5590175243487465 2.0 3.0 1.2103737390134484e-7 0.0
241 2.2365157685253507 3.0 1.0 1.7314778233412653e-7 0.0
284 1.291842080257993 3.0 3.0 2.042652340605855e-7 0.0
342 2.962517331698109 1.0 2.0 1.4366014511324465e-7 0.0
396 0.7031548942322843 1.0 1.0 1.8533592083258554e-7 0.0
36 4.322131068101953 2.0 3.0 5.889251042390242e-8 0.0
143 4.095694011793967 2.0 1.0 2.1035066311014816e-7 0.0
397 0.510714412201196 1.0 1.0 3.191689756931737e-8 0.0
285 6.21092026028964 3.0 2.0 8.072129276115447e-8 0.0
144 1.9658321481747407 2.0 1.0 2.058068275800906e-7 0.0
242 12.17510027660137 1.0 1.0 2.6522593543631956e-7 0.0
37 4.069891275206828 1.0 3.0 7.901880962890573e-7 0.0
195 5.816664456277067 3.0 3.0 4.187668309896253e-7 0.0
398 1.8097908317467954 3.0 3.0 5.8486875786911696e-8 0.0
286 3.752401712737992 1.0 1.0 5.0734342948999256e-8 0.0
145 4.82496233528218 3.0 3.0 9.821906132856384e-8 0.0
343 7.482937689879691 3.0 2.0 5.8315890782978386e-8 0.0
88 12.190475929650347 3.0 3.0 2.2923177311895415e-7 0.0
38 1.5064326803185395 3.0 3.0 2.0830793800996616e-7 0.0
287 2.105149367293052 2.0 3.0 1.4647321222582832e-7 0.0
196 6.647682249784339 1.0 1.0 1.390562829328701e-7 0.0
243 1.5296996015313198 1.0 2.0 5.374477041186765e-8 0.0
89 0.11709730706570554 3.0 1.0 4.793037078343332e-8 0.0
39 2.511466676955024 2.0 2.0 1.1436623026384041e-7 0.0
344 1.9560503012708068 3.0 2.0 2.1167397790122777e-7 0.0
399 2.148386778495478 1.0 3.0 4.442335921339691e-8 0.0
288 2.083112990438167 2.0 2.0 1.3852968550054356e-7 0.0
197 3.353428854039521 3.0 3.0 2.2148105927044526e-7 0.0
244 3.94611244510088 2.0 2.0 1.6154262993950397e-7 0.0
400 3.4728431588227977 2.0 3.0 1.0420171747682616e-7 0.0
289 2.0108656295105902 2.0 1.0 2.943515937658958e-7 0.0
90 3.2088058321951394 2.0 2.0 9.121140465140343e-8 0.0
40 3.598961391238845 3.0 2.0 3.382347131264396e-7 0.0
245 11.348523952096002 1.0 1.0 7.829112291801721e-7 0.0
345 1.595065010664257 1.0 2.0 9.086670615943149e-8 0.0
290 3.329607224031861 1.0 1.0 8.187453204300255e-8 0.0
146 7.266688046689524 3.0 1.0 4.63787728222087e-8 0.0
346 3.660695895234312 2.0 3.0 8.89088369149249e-7 0.0
41 4.936080390551069 1.0 3.0 1.1196880222996697e-7 0.0
347 0.5401458562937478 1.0 3.0 1.705247996142134e-7 0.0
91 4.202302024485107 3.0 1.0 2.7131682145409286e-7 0.0
291 6.982214795187247 2.0 3.0 2.0485731511143968e-7 0.0
198 1.8083024552197458 1.0 3.0 1.586722646607086e-7 0.0
147 3.163691418050803 2.0 2.0 6.045047484803945e-8 0.0
246 3.007918877141492 1.0 3.0 3.758486855076626e-8 0.0
348 1.729861146544863 2.0 1.0 7.779599400237203e-7 0.0
199 2.542321681328758 2.0 2.0 1.1943484423682094e-7 0.0
292 1.6519767025038163 2.0 2.0 2.605875124572776e-7 0.0
92 5.689947784436299 3.0 3.0 1.1096108210040256e-7 0.0
148 1.5188426838085434 3.0 1.0 5.4690644901711494e-8 0.0
200 1.167123797325985 1.0 1.0 2.4243126972578466e-7 0.0
349 3.3947191382212623 3.0 3.0 1.1721931514330208e-7 0.0
293 2.3317208975040558 1.0 1.0 2.5544977688696235e-8 0.0
42 0.5053229511704558 3.0 3.0 1.5382192941615358e-7 0.0
247 4.302931094143787 1.0 2.0 4.397497832542285e-8 0.0
149 2.044877272186568 2.0 3.0 2.4987912183860317e-7 0.0
350 9.54128811528608 1.0 3.0 1.1179508874192834e-7 0.0
93 5.473637330764177 2.0 2.0 7.19182935426943e-8 0.0
248 0.469496100957258 1.0 2.0 2.434708221699111e-7 0.0
43 0.47536739890165336 3.0 2.0 1.0528128768783063e-7 0.0
294 2.3024789948667603 3.0 1.0 2.565902832429856e-7 0.0
94 4.425913003369715 2.0 1.0 3.4435106499586254e-7 0.0
150 5.217287663848765 3.0 2.0 1.4660872693639249e-7 0.0
95 1.5704045601178223 2.0 3.0 1.900070856208913e-7 0.0
44 4.485995334469408 3.0 1.0 3.3750438888091594e-7 0.0
249 3.1264371667402884 1.0 3.0 4.819175956072286e-7 0.0
96 6.1878383028542885 1.0 1.0 2.6381803763797507e-7 0.0
45 6.464743459584497 1.0 1.0 4.4302851165411994e-7 0.0
295 2.6241653250453965 1.0 1.0 2.5631379685364664e-8 0.0
97 0.3601547644720995 1.0 3.0 1.647331373533234e-7 0.0
46 3.530125556360872 2.0 2.0 7.035123417153955e-8 0.0
250 4.1850506228020095 1.0 3.0 2.5786903279367834e-7 0.0
296 8.147405389079722 2.0 3.0 2.9411512514343485e-7 0.0
47 0.5667149100936513 2.0 2.0 9.163613867713138e-8 0.0
297 3.9945363411952712 3.0 3.0 2.0794504962395877e-7 0.0
48 0.7377642799747264 1.0 3.0 9.553696145303547e-8 0.0
298 0.2900671341467387 2.0 1.0 6.680693331873044e-8 0.0
98 1.4634540224360535 3.0 3.0 5.702804628526792e-8 0.0
299 4.428653992297768 3.0 3.0 7.49450919101946e-8 0.0
49 2.799276925747108 1.0 1.0 2.6409725251141936e-7 0.0
99 1.8493172052840237 3.0 1.0 3.3262585930060595e-7 0.0
50 2.191686809204839 3.0 2.0 4.330722731538117e-7 0.0
100 4.461937710226266 1.0 3.0 2.658998710103333e-8 0.0
300 2.6274582434707554 3.0 3.0 2.368124114582315e-7 0.0
