351 1.3067760722497042 3.0 1.0 4.2345163819845766e-7 0.0
201 3.3880854790495505 1.0 1.0 1.5189398254733533e-6 0.0
101 1.440796335478808 3.0 3.0 4.788753358297981e-7 0.0
151 5.678609957751178 1.0 2.0 8.85147528606467e-7 0.0
51 5.70173699622319 3.0 1.0 1.1859010555781424e-6 0.0
1 3.0681463548844476 1.0 2.0 3.458444552961737e-7 0.0
352 5.881531190805617 2.0 2.0 4.084138709004037e-6 0.0
251 4.029500715158065 2.0 1.0 2.9415878088911995e-7 0.0
102 3.1746069434939272 3.0 3.0 1.4162014849716797e-6 0.0
152 3.0199958143875847 1.0 1.0 6.559612302226014e-7 0.0
52 2.577183297024021 2.0 1.0 1.5336418073275127e-6 0.0
301 3.4820977639410557 1.0 3.0 4.354454176791478e-6 0.0
2 6.1530945502436225 2.0 3.0 1.0846833902178332e-6 0.0
103 1.6354707651353237 2.0 3.0 4.877432729699649e-6 0.0
202 3.4688594724411814 2.0 1.0 2.1094820112921298e-8 0.0
153 1.2065215162292589 1.0 1.0 1.1907677617273293e-6 0.0
353 2.1368398819577124 3.0 2.0 3.0712353691342287e-6 0.0
302 10.7494141866664 2.0 2.0 2.3129377950681373e-6 0.0
53 1.3193172159935784 2.0 1.0 3.3715787139954045e-7 0.0
154 2.610105167595975 2.0 1.0 2.1621726773446426e-6 0.0
252 6.117386042060389 3.0 2.0 1.3580684026237577e-6 0.0
104 2.0089942291197076 1.0 1.0 3.0498586056637578e-6 0.0
3 3.2609679557335767 3.0 2.0 3.911236490239389e-7 0.0
354 1.4803755633802211 3.0 1.0 1.2023701856378466e-7 0.0
4 2.6202295454040723 3.0 2.0 1.942455128300935e-6 0.0
203 3.5063187715422828 1.0 1.0 1.4047327567823231e-6 0.0
355 3.384761450015503 1.0 2.0 5.851479727425613e-7 0.0
303 2.3545023975693766 1.0 1.0 1.3152830433682539e-6 0.0
253 1.2143131603934307 2.0 3.0 7.400631147902459e-7 0.0
54 7.634084680801607 2.0 2.0 1.9166918718838133e-6 0.0
155 1.3471799083799851 2.0 3.0 5.190568117541261e-7 0.0
204 8.546805679327008 3.0 1.0 1.670105120865628e-7 0.0
356 8.736167816185116 2.0 3.0 2.707775820454117e-6 0.0
5 5.89943882141597 1.0 2.0 8.410652299062349e-7 0.0
205 1.196124342173789 2.0 1.0 2.0522393242572434e-6 0.0
105 1.4733548349486227 1.0 2.0 7.150219971663319e-7 0.0
156 1.747118954992402 3.0 1.0 9.355271686217748e-7 0.0
55 5.700129550987185 3.0 1.0 3.327366357552819e-6 0.0
254 12.824380933336215 3.0 3.0 5.870788299944252e-7 0.0
304 3.7880368934347644 1.0 2.0 3.757031663553789e-8 0.0
206 3.7712655903924315 3.0 2.0 1.3310555004864e-6 0.0
157 0.4153047880863596 2.0 2.0 2.0407969714142382e-7 0.0
255 6.358243502210826 3.0 1.0 8.793667802819982e-7 0.0
305 8.711541828115514 1.0 2.0 2.4185419533750974e-6 0.0
106 0.8462097452429589 2.0 2.0 9.72960151557345e-7 0.0
56 2.20909564534486 2.0 2.0 5.760311978519894e-7 0.0
357 3.02105747069254 3.0 1.0 8.637580322101712e-7 0.0
6 4.5803389948541735 1.0 2.0 1.9755134417209774e-7 0.0
207 1.17764788625027 1.0 2.0 5.58065039513167e-7 0.0
107 1.8411181154187943 2.0 1.0 4.002549758297391e-7 0.0
158 0.508983958285171 2.0 2.0 1.1356778486515395e-6 0.0
306 0.542930511326631 3.0 1.0 3.02321495837532e-7 0.0
208 5.19127742375349 1.0 3.0 1.8666560208657756e-7 0.0
358 6.6515604071064445 1.0 1.0 3.3339892979711294e-7 0.0
108 2.5846796683727007 2.0 2.0 5.532456270884722e-7 0.0
209 2.6694525990678812 2.0 2.0 2.4316823328263126e-6 0.0
7 4.315588061401286 3.0 2.0 2.4121163733070716e-7 0.0
256 0.44340143194494885 3.0 2.0 3.5254834074294195e-7 0.0
359 1.0102148854603001 2.0 3.0 9.553068593959324e-7 0.0
307 4.939227250928525 3.0 2.0 2.472706910339184e-7 0.0
109 6.975356337994526 1.0 2.0 2.269614014949184e-6 0.0
210 3.56377756044094 2.0 1.0 1.976404746528715e-7 0.0
8 0.20315137468605826 1.0 3.0 3.741800355783198e-6 0.0
159 11.870574159760508 3.0 3.0 2.9406273824861273e-6 0.0
308 1.1426535915688874 2.0 2.0 2.6625330065144226e-6 0.0
360 3.570218457507508 2.0 3.0 3.7563586374744773e-7 0.0
257 0.8749272436980391 2.0 3.0 4.199971954221837e-6 0.0
57 1.1152002493563486 2.0 1.0 9.09067239263095e-8 0.0
160 5.980319040516406 3.0 3.0 1.0654857760528103e-6 0.0
258 0.3078278447865159 2.0 1.0 3.780924089369364e-7 0.0
309 5.456767239566034 1.0 2.0 1.0465164450579323e-6 0.0
361 7.134885573113934 2.0 3.0 1.6927842807490379e-6 0.0
9 7.652668377826558 3.0 1.0 5.373622116167098e-7 0.0
211 2.984631658111539 1.0 1.0 1.278994204767514e-6 0.0
362 12.957500579985208 2.0 3.0 2.040874278463889e-6 0.0
58 3.9146343103420804 1.0 3.0 2.1319892766769044e-6 0.0
259 1.628414252665607 2.0 3.0 4.791909304913133e-7 0.0
161 1.0994595640859188 2.0 3.0 2.4087321435217746e-6 0.0
10 2.2658471264858235 2.0 3.0 1.2689397408394143e-6 0.0
310 5.164506234199507 2.0 1.0 4.702160367742181e-7 0.0
110 1.89354450358951 1.0 2.0 1.0062894943985157e-6 0.0
162 9.102181741864115 3.0 3.0 1.5545865608146414e-6 0.0
111 6.983020417123043 3.0 3.0 2.164453690056689e-6 0.0
212 0.6932411529014644 1.0 2.0 7.623093551956117e-7 0.0
311 2.515666269006033 3.0 1.0 2.5011431716848165e-6 0.0
59 12.767162068632388 3.0 2.0 6.959689926588908e-7 0.0
11 1.7653678079204838 3.0 2.0 1.2552090993267484e-6 0.0
112 0.5177623075469455 1.0 3.0 6.379759724950418e-7 0.0
260 2.996828972152798 3.0 3.0 3.145396476611495e-8 0.0
163 1.511443041221355 2.0 2.0 7.728804121143185e-7 0.0
312 7.977177364609815 3.0 1.0 2.124103957612533e-6 0.0
12 5.155784159960604 1.0 3.0 3.5341900002094917e-6 0.0
113 6.861143461759639 3.0 3.0 3.3984870242420584e-6 0.0
213 3.6877826988984452 1.0 2.0 1.0318890417693183e-6 0.0
363 5.590487464254693 1.0 1.0 2.7392161427997053e-8 0.0
164 4.932092578457741 1.0 3.0 3.5073280741926283e-6 0.0
114 2.091667251099352 3.0 3.0 2.0591960492311046e-7 0.0
214 1.500865138896188 3.0 3.0 1.6684243746567518e-6 0.0
60 4.417224954770063 1.0 3.0 9.46949512581341e-7 0.0
364 1.3273063430133334 2.0 1.0 7.032349458313547e-7 0.0
13 1.4950039046943857 1.0 2.0 1.3892349670641124e-7 0.0
61 0.7219767458609567 3.0 1.0 1.5576461009914055e-7 0.0
261 3.7086343029768614 2.0 3.0 1.577626790094655e-6 0.0
115 0.36670177259657066 3.0 3.0 2.473649146850221e-6 0.0
165 0.2605920741625596 2.0 3.0 1.5490513760596514e-7 0.0
365 4.801028723175477 2.0 3.0 1.3136195775587112e-7 0.0
215 1.8234861287692183 1.0 1.0 9.172563295578584e-7 0.0
14 5.973245063074501 2.0 2.0 1.4932202248019166e-6 0.0
116 1.9563369727984536 1.0 2.0 1.21726407087408e-6 0.0
262 2.4275616614577302 2.0 3.0 1.2707050700555556e-6 0.0
366 4.415289404385476 2.0 2.0 1.7190095604746602e-6 0.0
216 3.730407174252832 2.0 3.0 5.231886461842805e-7 0.0
15 2.5407536527764023 1.0 2.0 2.237065928056836e-7 0.0
62 7.078122280170646 2.0 2.0 3.780427505262196e-6 0.0
117 16.448363720885027 2.0 3.0 1.207335117214825e-6 0.0
166 2.128875206106386 1.0 1.0 1.0400081009720452e-6 0.0
217 0.8064722471553978 2.0 2.0 6.448672138503753e-7 0.0
367 2.002892923048421 2.0 3.0 6.425661922548898e-7 0.0
63 2.379436882385562 3.0 2.0 2.566996045061387e-6 0.0
118 3.8241059923857392 3.0 3.0 7.885701052146032e-7 0.0
167 3.0868299788089644 2.0 3.0 1.312086169491522e-6 0.0
16 6.511005327867679 1.0 3.0 2.138035597454291e-6 0.0
263 4.821973329986577 2.0 3.0 1.0120547813130543e-6 0.0
313 2.6245259911702306 2.0 1.0 2.1364940039347857e-7 0.0
368 1.5174498381638841 3.0 1.0 5.587362466030754e-7 0.0
119 2.1604639805409533 2.0 2.0 1.6624308045720682e-6 0.0
17 1.8592593901448708 3.0 3.0 6.265036063268781e-7 0.0
314 4.447479119535274 2.0 2.0 6.188074621604756e-7 0.0
64 2.53381617265768 1.0 2.0 1.502018676546868e-6 0.0
369 4.613295503728295 3.0 3.0 1.5559471648884937e-6 0.0
120 0.45440147853332746 2.0 3.0 3.2772368285804987e-6 0.0
18 0.8550378022137011 2.0 3.0 2.2062640709918924e-6 0.0
65 7.203671139448488 1.0 3.0 9.390560080646537e-7 0.0
264 2.552346486991155 2.0 1.0 1.4357565305544995e-6 0.0
19 0.31318719958653674 2.0 2.0 1.3935978131485172e-6 0.0
370 11.202361357105474 3.0 3.0 1.3253065844764933e-7 0.0
218 1.648169994874479 3.0 3.0 1.4738325262442231e-6 0.0
315 3.4706057731982582 3.0 3.0 2.7457726901047863e-6 0.0
168 3.9444417054710357 3.0 2.0 6.086165740271099e-7 0.0
121 4.0662965348401485 3.0 2.0 1.643766154302284e-7 0.0
371 1.4283033754345524 3.0 2.0 1.7852780729299411e-6 0.0
316 3.3045678795078857 1.0 2.0 8.503347999067046e-7 0.0
20 1.3590418900348595 3.0 1.0 1.486921973992139e-6 0.0
169 4.499605757097015 2.0 2.0 1.1591646398301236e-6 0.0
66 9.314494934918912 2.0 2.0 1.7441170712118037e-6 0.0
122 2.4848870633541082 2.0 2.0 3.514542186167091e-7 0.0
372 3.7991931186079455 1.0 1.0 3.9890828702482395e-6 0.0
21 0.5739810026116174 3.0 2.0 3.155773811158724e-7 0.0
317 1.84571373687686 3.0 1.0 3.4799659260897897e-6 0.0
219 0.7716208394813293 2.0 2.0 4.2644933273550123e-7 0.0
265 4.813287435754319 3.0 2.0 3.950408427044749e-7 0.0
123 1.3000685612205416 1.0 3.0 4.098274075658992e-8 0.0
67 0.21059441868237627 2.0 2.0 1.4144643500912935e-6 0.0
373 1.9893612026862684 1.0 3.0 2.616389792819973e-6 0.0
170 0.2581600017620076 3.0 3.0 9.677187335910276e-7 0.0
220 2.6705431074824446 2.0 2.0 1.5458899724762887e-6 0.0
318 0.9912188705166045 1.0 2.0 2.6116413209820166e-7 0.0
171 4.874956880688842 2.0 1.0 2.93694029096514e-7 0.0
374 1.1624077799333463 1.0 2.0 1.1973788787145168e-6 0.0
68 2.5698627229503472 3.0 1.0 1.3934150047134608e-6 0.0
22 4.384102768435696 3.0 3.0 1.9224544303142466e-6 0.0
23 1.1768794499439537 2.0 3.0 3.452652890700847e-6 0.0
124 2.266540012702535 1.0 3.0 2.5296321837231517e-7 0.0
266 4.095241180351877 2.0 1.0 3.2989455576171167e-6 0.0
69 2.1644096704640106 3.0 3.0 3.339157046866603e-6 0.0
172 4.314371168555226 2.0 2.0 1.6965705071925186e-6 0.0
375 4.314976993326127 2.0 2.0 1.0960893632727675e-6 0.0
24 0.6005734185418987 1.0 2.0 1.7321308405371383e-6 0.0
221 6.669873125962113 1.0 1.0 1.483946107327938e-6 0.0
319 4.370654410686257 2.0 3.0 1.4057632142794318e-6 0.0
70 0.8276395078373753 2.0 2.0 6.375621524057351e-7 0.0
376 1.555183916743772 3.0 2.0 2.318305632798001e-6 0.0
173 6.539681758004008 2.0 3.0 2.009155650739558e-7 0.0
267 8.061775366644724 3.0 2.0 1.6647272786940448e-6 0.0
125 1.109451368369264 1.0 1.0 5.257033990346827e-7 0.0
222 3.270203454829243 3.0 1.0 4.935645847581327e-8 0.0
268 4.45660576458431 1.0 2.0 1.394703758705873e-6 0.0
377 0.8009565324355208 2.0 2.0 1.6660424080328085e-6 0.0
223 6.267224895993422 1.0 1.0 2.117214535246603e-6 0.0
320 3.475611359153845 1.0 3.0 4.715117029263638e-6 0.0
25 2.0752180183899327 2.0 1.0 7.163298505474813e-7 0.0
378 3.6485844757353334 3.0 2.0 4.5211891119834036e-7 0.0
71 0.849462161961128 1.0 2.0 2.0313600543886423e-6 0.0
174 3.2610891351487226 1.0 2.0 3.982362613896839e-6 0.0
26 5.809308501389751 3.0 3.0 1.3099879652145319e-6 0.0
126 2.649363102435018 3.0 2.0 2.4194341676775366e-6 0.0
321 1.488507874237257 2.0 3.0 8.143806553562172e-7 0.0
224 3.228590805972999 2.0 3.0 1.4919105524313636e-6 0.0
127 2.932639285858386 2.0 2.0 1.6649764802423306e-6 0.0
175 8.631092175975937 3.0 1.0 3.2011566872824915e-6 0.0
72 8.798880540407481 1.0 3.0 7.028183972579427e-7 0.0
225 5.985056401315887 1.0 3.0 1.6457743186037987e-6 0.0
322 7.018318706604987 1.0 1.0 2.457991286064498e-6 0.0
379 9.128450150814388 1.0 3.0 1.5817831808817573e-6 0.0
226 3.7923702099451475 3.0 1.0 3.787044988712296e-8 0.0
73 9.336537071485509 3.0 2.0 4.253808583598584e-6 0.0
27 5.989267569933872 2.0 1.0 1.0369876690674573e-7 0.0
176 0.13395946272066794 1.0 3.0 2.048082933470141e-6 0.0
323 1.4157606233547995 1.0 3.0 6.322525223367848e-7 0.0
269 2.6592354324984626 3.0 1.0 4.938619895256124e-7 0.0
74 3.4431968570279423 2.0 3.0 5.4526935855392367e-8 0.0
227 0.8549487719319586 2.0 1.0 1.382888513035141e-6 0.0
380 1.6381389714533725 1.0 3.0 9.260347724193707e-7 0.0
28 1.1141971986380668 2.0 2.0 1.4164143067318946e-6 0.0
270 2.2810871733363456 3.0 3.0 2.359369318583049e-6 0.0
177 2.4820247613934043 2.0 1.0 6.138179742265493e-7 0.0
271 0.6984330167342705 2.0 3.0 2.010201569646597e-7 0.0
324 2.6830301053323637 3.0 2.0 1.8017753973254003e-6 0.0
381 5.411527763544655 2.0 2.0 1.1990587154286914e-6 0.0
228 2.5031206142411975 1.0 1.0 2.8173508326290175e-7 0.0
29 0.9249192707775364 1.0 2.0 3.79713765141787e-6 0.0
178 3.0929457453057694 2.0 2.0 2.707634848775342e-6 0.0
75 0.7242813177035714 3.0 2.0 5.662434887199197e-6 0.0
325 1.1205684077976912 2.0 2.0 1.979708031285554e-6 0.0
128 6.725991623143273 2.0 1.0 1.5967088984325528e-7 0.0
229 3.7027939118324866 3.0 2.0 2.6358547984273173e-6 0.0
30 3.567870195071009 2.0 2.0 5.80983396503143e-7 0.0
326 2.93344715422063 2.0 3.0 2.8420563467079774e-6 0.0
179 0.7459498059361067 2.0 2.0 6.949921953491867e-7 0.0
76 3.4029371244523645 1.0 3.0 8.080778570729308e-7 0.0
382 3.163222419527301 1.0 3.0 1.4764746083528735e-6 0.0
327 4.355952683448777 2.0 2.0 3.875566108035855e-7 0.0
31 2.178514846993494 2.0 2.0 1.6046897144406103e-6 0.0
272 8.55197741556367 3.0 1.0 2.5402659957762808e-6 0.0
77 1.4998000469877297 1.0 3.0 9.848736226558685e-8 0.0
129 2.0596346745351184 3.0 3.0 2.2055701265344396e-7 0.0
180 3.9164251945185242 2.0 2.0 2.5129338609986007e-7 0.0
383 1.1501480063852796 3.0 1.0 2.2919166440260597e-6 0.0
273 0.3858816271276737 2.0 3.0 4.4039370550308377e-7 0.0
78 5.0949248902034014 2.0 1.0 7.848135282984003e-6 0.0
130 1.2992856682922138 1.0 3.0 3.898968316207174e-6 0.0
274 1.890722246000223 3.0 2.0 2.4741439119679853e-7 0.0
384 2.7925208235756145 3.0 2.0 1.6359472283511423e-6 0.0
181 5.2179810883953905 1.0 3.0 1.305589648836758e-6 0.0
79 3.439270138173015 1.0 2.0 5.035799404140562e-7 0.0
32 1.6718358934958815 3.0 1.0 1.6818939911900088e-6 0.0
275 3.303387483483675 3.0 2.0 1.2632062862394378e-7 0.0
385 0.904967863118145 2.0 2.0 4.014918886241503e-7 0.0
131 6.053400145608975 2.0 1.0 1.4123415894573554e-6 0.0
230 0.49342686500131094 1.0 1.0 4.529338184511289e-7 0.0
276 1.9197430707845342 3.0 2.0 1.5221303328871727e-7 0.0
33 13.418826076736877 1.0 3.0 2.0975585357518867e-7 0.0
386 4.938150513855362 2.0 1.0 2.564344868005719e-6 0.0
231 1.6534574496654386 1.0 2.0 7.810203896951862e-7 0.0
132 0.40747085580733255 2.0 3.0 5.768847586296033e-6 0.0
328 0.3688766424347705 1.0 3.0 3.0826868169242516e-7 0.0
277 1.565043659258663 1.0 3.0 6.300619133980945e-6 0.0
387 0.19108223294097115 2.0 3.0 1.5775212887092493e-6 0.0
329 1.5172747731739946 3.0 2.0 4.194125722278841e-7 0.0
34 1.624831297005585 3.0 3.0 3.4033291740342975e-8 0.0
80 4.7148991082613065 2.0 1.0 9.77870513452217e-8 0.0
133 3.432391114443817 3.0 3.0 6.454774847952649e-8 0.0
182 3.7968163559417007 3.0 2.0 1.334083208348602e-6 0.0
232 6.61073392718572 2.0 1.0 2.6135248845093884e-6 0.0
134 3.37151080255353 1.0 2.0 4.223575160722248e-7 0.0
330 1.205547009347356 3.0 2.0 1.0454550647409633e-7 0.0
35 3.730006369667535 1.0 2.0 2.813740138662979e-7 0.0
81 3.7624132283472136 1.0 3.0 5.61745764571242e-7 0.0
233 12.819025988224894 1.0 2.0 1.0480162018211558e-6 0.0
331 1.7664567912215716 1.0 3.0 2.5957406251109205e-6 0.0
183 3.626051298348102 1.0 2.0 2.572953235358e-6 0.0
234 2.0900639207775384 3.0 2.0 4.299509782867972e-6 0.0
82 1.995650627068244 1.0 2.0 2.8775548344128765e-6 0.0
278 4.799915511517611 3.0 2.0 9.579543984727934e-7 0.0
332 1.1391592493928329 3.0 2.0 1.5516707208007574e-7 0.0
135 4.614343700994141 3.0 3.0 2.6841980798053555e-6 0.0
83 2.4718099694509874 3.0 1.0 1.2746113497996703e-7 0.0
388 1.7842342469921277 2.0 3.0 1.4169745554681867e-7 0.0
279 3.582932283403352 1.0 3.0 1.9155177142238244e-6 0.0
136 4.96989214786845 3.0 2.0 2.546356881794054e-6 0.0
333 0.6184620348012686 2.0 3.0 3.674131221487187e-7 0.0
184 6.39223058169955 1.0 2.0 9.35598109208513e-7 0.0
389 8.568281767555163 1.0 1.0 4.119801815249957e-7 0.0
235 3.109281997454673 3.0 3.0 5.123474693391472e-7 0.0
390 1.9622597019952082 2.0 3.0 7.799071681802161e-7 0.0
185 2.2095343082455656 2.0 2.0 6.436166586354375e-7 0.0
36 0.49615279756471864 2.0 3.0 2.1148989617358893e-6 0.0
236 2.628544079791027 1.0 3.0 1.6339436115231365e-7 0.0
280 7.200714119377153 3.0 3.0 8.233819244196638e-7 0.0
391 4.112413039407329 3.0 2.0 5.961519491393119e-7 0.0
281 7.3734633357235 3.0 2.0 1.755711309670005e-6 0.0
37 3.456372980041124 3.0 2.0 9.370887710247189e-8 0.0
84 2.2049711300187482 2.0 2.0 2.416184543108102e-6 0.0
137 0.9914461210810259 2.0 1.0 1.425192749593407e-6 0.0
186 4.267281339598412 2.0 3.0 9.380901246913709e-7 0.0
85 1.618663079707403 2.0 3.0 1.0241274139843881e-7 0.0
392 1.4895589966290572 3.0 2.0 2.871536707971245e-6 0.0
38 2.5749175421806285 3.0 2.0 4.0727263694861904e-7 0.0
187 1.0927121635140793 1.0 3.0 7.400049071293324e-7 0.0
334 3.9171807017082756 2.0 3.0 1.4139395716483705e-6 0.0
86 8.6431607744762 3.0 1.0 1.3950657375971787e-6 0.0
138 3.1842883470162633 2.0 2.0 1.382307345920708e-6 0.0
393 7.61643450493284 1.0 3.0 1.8551945686340332e-6 0.0
237 2.6092650106947985 2.0 1.0 6.218411726877093e-6 0.0
87 2.360824787096135 3.0 2.0 3.859231583192013e-7 0.0
335 4.199391538937562 3.0 1.0 1.250352397619281e-6 0.0
282 3.2699580038952263 3.0 2.0 7.855287549318746e-7 0.0
39 0.9411405947957974 3.0 2.0 4.2125157051486894e-7 0.0
394 1.1170835652828828 2.0 2.0 2.788647179841064e-6 0.0
139 0.3457911472160049 1.0 3.0 1.944617906701751e-7 0.0
395 0.9580729127792438 1.0 3.0 9.355817383038811e-7 0.0
283 3.575681384141717 2.0 3.0 6.011960067553446e-7 0.0
336 3.251510430040071 1.0 3.0 2.8766098694177344e-6 0.0
40 1.359133074824058 1.0 2.0 2.961011887236964e-6 0.0
238 0.8645296970989875 3.0 3.0 2.80752828984987e-7 0.0
188 7.21650715380747 3.0 3.0 1.3776661944575608e-7 0.0
337 0.47148892364566564 2.0 3.0 5.884264282940421e-6 0.0
396 2.0904417400615785 3.0 2.0 4.3304407881805673e-7 0.0
140 2.8262699150018307 1.0 3.0 1.4495317373075522e-6 0.0
239 3.20908271018925 3.0 3.0 1.9462140699033625e-6 0.0
41 1.0018212678824057 1.0 1.0 6.945629138499498e-7 0.0
88 8.5741488083695 3.0 3.0 7.256494427565485e-7 0.0
397 0.5485300007858314 2.0 2.0 1.6815238268463872e-6 0.0
189 3.66235751430213 3.0 1.0 6.505433702841401e-8 0.0
284 0.6372720677409234 2.0 3.0 6.597483661607839e-7 0.0
89 0.10682636515775812 2.0 3.0 2.4603650672361255e-8 0.0
190 1.6846750771237566 2.0 2.0 1.0829025995917618e-6 0.0
338 6.701999201653962 1.0 2.0 2.2717667889082804e-6 0.0
398 3.6731426581209234 1.0 1.0 8.681872714078054e-7 0.0
240 4.824357197494464 1.0 3.0 2.652843249961734e-6 0.0
42 0.3384456637322728 3.0 2.0 2.903827407862991e-6 0.0
285 2.454498061812046 2.0 1.0 1.257793883269187e-6 0.0
339 1.476454516137892 1.0 1.0 7.818871381459758e-7 0.0
191 0.4619441619961435 2.0 1.0 4.527801138465293e-7 0.0
141 3.509152951237411 3.0 1.0 1.845526639954187e-6 0.0
399 5.310674916097923 1.0 2.0 2.948743713204749e-6 0.0
43 0.7629043431643368 3.0 3.0 7.094195098034106e-7 0.0
286 1.79446005396494 2.0 2.0 2.2364392862073146e-6 0.0
90 1.6439604767274432 3.0 3.0 3.5256598494015634e-6 0.0
400 2.6022037451621145 1.0 3.0 5.533447620109655e-7 0.0
340 4.854313335254119 1.0 2.0 2.8842996471212246e-6 0.0
142 2.4426726881210925 3.0 1.0 1.1348420230206102e-6 0.0
192 3.9371058347951475 1.0 2.0 1.38076939038001e-6 0.0
241 1.0062555918520957 3.0 3.0 1.2755226634908468e-6 0.0
143 4.337258132407442 3.0 3.0 1.0935946193058044e-6 0.0
287 3.5325909679613687 1.0 2.0 4.80116705148248e-6 0.0
193 5.970535481947081 3.0 1.0 5.963111107121222e-7 0.0
91 4.3811851224600105 1.0 1.0 1.4305787772173062e-6 0.0
242 3.4395658501889557 2.0 2.0 5.889014573767781e-7 0.0
341 5.835827626338869 1.0 1.0 8.034303391468711e-7 0.0
288 7.129158877263762 2.0 1.0 7.751496013952419e-7 0.0
194 2.280935752862206 2.0 1.0 1.363494448014535e-6 0.0
44 1.82946597922637 1.0 3.0 3.87001819035504e-6 0.0
144 1.8914109312081564 2.0 1.0 1.3179605957702734e-6 0.0
92 2.706486454295373 2.0 2.0 8.821843948680907e-7 0.0
45 2.5374689908112487 2.0 1.0 1.5151363186305389e-6 0.0
342 3.9684350383104174 1.0 1.0 3.2325033316737972e-6 0.0
145 3.058933625508871 2.0 1.0 3.0923320082365535e-6 0.0
46 5.879892523173112 3.0 2.0 6.129284884082153e-7 0.0
289 1.5022033432742319 1.0 3.0 4.7675684982095845e-6 0.0
195 3.9719911075135315 3.0 1.0 2.4583941922173835e-6 0.0
93 1.39567581479605 2.0 3.0 3.556815499905497e-7 0.0
243 4.200247232118272 1.0 3.0 1.8166938389185816e-6 0.0
196 7.11889675693601 3.0 1.0 6.530226528411731e-7 0.0
94 3.253418389171202 2.0 3.0 1.2142663763370365e-7 0.0
95 0.7683418669785169 2.0 3.0 1.3681265045306645e-6 0.0
146 5.665778047557978 2.0 2.0 4.4225907913642004e-7 0.0
47 1.3288405992079788 3.0 2.0 2.1614769138977863e-6 0.0
343 2.3493694126755145 3.0 1.0 4.795865606865846e-7 0.0
48 0.5334090011147055 2.0 2.0 9.699097063275985e-7 0.0
290 4.140490018819037 2.0 1.0 2.484607648511883e-6 0.0
244 3.6862883299199893 1.0 3.0 1.4336083040689118e-6 0.0
96 6.465517403177728 2.0 2.0 1.7642087186686695e-6 0.0
197 4.366793377697832 2.0 2.0 1.458392944186926e-7 0.0
245 8.957940386133487 3.0 2.0 1.1145248208777048e-6 0.0
49 4.037946957841996 2.0 3.0 4.0334452933166176e-7 0.0
344 0.951249129819189 3.0 2.0 7.496691978303716e-7 0.0
291 0.9315068881951447 1.0 1.0 8.239521775976755e-7 0.0
246 3.1081047946281615 3.0 1.0 2.934557414846495e-7 0.0
50 3.9829685968525155 1.0 2.0 3.352306521264836e-7 0.0
147 3.0805999845979386 3.0 1.0 2.4773080440354533e-6 0.0
292 0.4044829135928012 3.0 2.0 1.8867422113544308e-6 0.0
198 0.4434500005627342 3.0 2.0 1.6451231203973293e-6 0.0
345 0.43326902387889277 3.0 2.0 9.562363629811443e-7 0.0
97 4.769152121634761 2.0 3.0 8.596089173806831e-7 0.0
346 2.30340608870938 2.0 3.0 9.908544598147273e-7 0.0
199 1.9634397243335115 3.0 2.0 1.7527709132991731e-6 0.0
293 1.0801664949540282 1.0 2.0 7.872249625506811e-7 0.0
148 0.6964959666056529 2.0 2.0 1.0802887118188664e-7 0.0
98 0.2179502771323314 2.0 2.0 2.9916454877820797e-6 0.0
200 1.585741354354468 2.0 1.0 1.5096238712430932e-6 0.0
347 0.49938279228808824 1.0 3.0 2.430802851449698e-6 0.0
149 1.1929191869930946 3.0 2.0 5.220681487116963e-8 0.0
247 6.864093156185845 2.0 2.0 1.0006469892687164e-6 0.0
99 0.04717991146935674 1.0 3.0 1.6227013475145213e-6 0.0
348 2.8121310062342673 1.0 3.0 1.144191628554836e-6 0.0
294 0.41817127961621736 2.0 3.0 1.1945212463615462e-7 0.0
100 1.3983570956042968 1.0 2.0 3.527247827150859e-7 0.0
248 2.4280494110098516 1.0 1.0 1.0818712325999513e-7 0.0
150 1.4510283289419021 3.0 2.0 4.55151530331932e-6 0.0
295 5.18426807882679 3.0 1.0 1.4656279745395295e-6 0.0
349 1.5861154269696272 3.0 3.0 1.0068833944387734e-7 0.0
249 7.157647524236381 3.0 2.0 1.5951281966408715e-6 0.0
350 12.615207174205352 1.0 3.0 2.455649337207433e-6 0.0
296 6.588757898885888 1.0 2.0 4.700377758126706e-7 0.0
250 1.7759751292796864 3.0 3.0 1.4720080798724666e-6 0.0
297 12.226601068330638 3.0 2.0 5.882629920961335e-7 0.0
298 2.7609512029139296 1.0 2.0 2.5802637537708506e-7 0.0
299 3.1075257101492753 2.0 1.0 6.290083547355607e-7 0.0
300 3.9061160394285253 3.0 2.0 8.837687346385792e-7 0.0
