351 0.12982149747404037 1.0 2.0 7.8580342233181e-10 0.0
151 1.6594779662373185 2.0 2.0 9.013092494569719e-10 0.0
201 2.1124344426170865 2.0 2.0 2.346496330574155e-10 0.0
101 1.97113927079954 3.0 2.0 1.90084392670542e-10 0.0
1 2.3998380066004756 2.0 2.0 2.519300323911011e-10 0.0
251 1.889286896928752 2.0 2.0 5.111360223963857e-10 0.0
301 0.6970502973035764 1.0 2.0 1.7007550923153758e-10 0.0
152 2.206292711192873 3.0 2.0 4.547473508864641e-10 0.0
51 2.74105160407089 3.0 2.0 3.4015101846307516e-10 0.0
352 3.5664031751148286 3.0 2.0 6.020854925736785e-10 0.0
102 2.557439017931756 2.0 2.0 9.931682143360376e-10 0.0
202 0.6318631240792456 2.0 2.0 1.1641532182693481e-9 0.0
2 6.303897641528238 3.0 2.0 4.4929038267582655e-10 0.0
153 1.0584314627303684 3.0 2.0 2.2464519133791327e-10 0.0
302 14.13423348089782 3.0 2.0 4.31100488640368e-10 0.0
52 4.09595813433225 1.0 2.0 3.5652192309498787e-10 0.0
103 1.8264028412904736 3.0 2.0 6.693881005048752e-10 0.0
154 2.555580323254617 1.0 2.0 7.512426236644387e-10 0.0
252 7.0052840384178126 2.0 2.0 6.239133654162288e-10 0.0
353 1.3364420739417255 1.0 2.0 9.958966984413564e-10 0.0
203 4.809491445990716 2.0 2.0 7.630660547874868e-10 0.0
53 4.228247815392024 1.0 2.0 8.258211892098188e-10 0.0
155 0.7416632542317529 3.0 2.0 3.774403012357652e-10 0.0
354 0.13941064494247257 2.0 2.0 4.420144250616431e-10 0.0
303 5.201155777091117 1.0 2.0 4.4565240386873484e-10 0.0
104 1.9927280968586274 2.0 2.0 4.3655745685100555e-11 0.0
355 2.8229296372519457 3.0 2.0 5.311449058353901e-10 0.0
204 4.347079919114549 2.0 2.0 2.5920599000528455e-10 0.0
156 0.13177094275124546 2.0 2.0 3.7471181713044643e-10 0.0
253 2.0879637911220925 1.0 2.0 2.673914423212409e-10 0.0
356 5.799638315935226 2.0 2.0 8.11269273981452e-10 0.0
205 2.5758740633355046 2.0 2.0 4.602043190971017e-10 0.0
3 5.831579171002886 1.0 2.0 6.994014256633818e-10 0.0
54 4.758872336138666 1.0 2.0 1.0286385077051818e-9 0.0
105 2.3468727560830303 1.0 2.0 1.1468728189356625e-9 0.0
4 7.267573832024937 3.0 2.0 2.8467184165492654e-10 0.0
206 2.769615821180196 2.0 2.0 5.366018740460277e-10 0.0
157 0.23819186817490845 3.0 2.0 3.7834979593753815e-10 0.0
304 2.6279651120785275 2.0 2.0 5.875335773453116e-10 0.0
254 10.268456730194885 1.0 2.0 7.694325176998973e-10 0.0
106 0.2569094695045351 1.0 2.0 3.4015101846307516e-10 0.0
207 1.020658401048422 3.0 2.0 1.4160832506604493e-9 0.0
255 3.02225292176081 2.0 2.0 4.6293280320242047e-10 0.0
55 4.55091886959417 3.0 2.0 4.774847184307873e-10 0.0
107 0.9381350218591251 1.0 2.0 3.9744918467476964e-10 0.0
5 2.4404255230656418 2.0 2.0 3.0740920919924974e-10 0.0
305 6.973797452292274 1.0 2.0 1.2223608791828156e-9 0.0
208 3.262531579082861 2.0 2.0 8.230927051045001e-10 0.0
108 2.671179182223568 2.0 2.0 1.8826540326699615e-10 0.0
56 1.3787844314465474 1.0 2.0 2.128217602148652e-10 0.0
209 1.9592214647254877 2.0 2.0 6.475602276623249e-10 0.0
256 0.7703986035685375 2.0 2.0 5.793481250293553e-10 0.0
109 5.134835650187597 2.0 2.0 7.73070496506989e-10 0.0
357 2.6832449346329668 1.0 2.0 4.511093720793724e-10 0.0
210 2.9505106362430524 1.0 2.0 2.7557689463719726e-10 0.0
158 3.7884842221919826 2.0 2.0 2.3101165425032377e-10 0.0
257 0.9280836000525596 2.0 2.0 5.711626727133989e-10 0.0
306 2.3181757844613458 2.0 2.0 5.939000402577221e-10 0.0
159 2.8746344315477472 1.0 2.0 6.257323548197746e-10 0.0
358 6.522417271808081 1.0 2.0 6.302798283286393e-10 0.0
211 1.9372674487531185 2.0 2.0 6.220943760126829e-10 0.0
258 0.5633477593182761 2.0 2.0 4.856701707467437e-10 0.0
6 6.493727123362987 1.0 2.0 6.96672941558063e-10 0.0
359 1.645727522116431 3.0 2.0 5.429683369584382e-10 0.0
160 5.453582771424408 1.0 2.0 3.319655661471188e-10 0.0
307 3.1381940513801965 1.0 2.0 3.1013769330456853e-10 0.0
212 1.7625349159825419 3.0 2.0 9.00399754755199e-10 0.0
259 2.265108834088096 1.0 2.0 4.911271389573812e-10 0.0
360 0.8500589675732044 3.0 2.0 8.285496733151376e-10 0.0
308 2.1007010481407633 3.0 2.0 4.6475179260596633e-10 0.0
161 1.3249996120539436 1.0 2.0 7.084963726811111e-10 0.0
361 8.890323758492741 2.0 2.0 3.9108272176235914e-10 0.0
309 3.027382527900045 2.0 2.0 1.482476363889873e-10 0.0
7 5.506621790447753 2.0 2.0 5.820766091346741e-11 0.0
162 10.39719769585281 3.0 2.0 7.321432349272072e-10 0.0
8 2.2353568124417507 2.0 2.0 6.275513442233205e-10 0.0
213 2.1097859603996767 2.0 2.0 3.1468516681343317e-10 0.0
362 5.3428950885390805 2.0 2.0 3.6834535421803594e-10 0.0
110 2.060788984908868 2.0 2.0 8.24002199806273e-10 0.0
310 4.612221101677278 3.0 2.0 5.138645065017045e-10 0.0
214 0.45623471480394073 3.0 2.0 3.2650859793648124e-10 0.0
163 4.307306613072797 2.0 2.0 2.7557689463719726e-10 0.0
111 4.7096463934467465 2.0 2.0 4.31100488640368e-10 0.0
311 3.545004443727521 1.0 2.0 1.0586518328636885e-9 0.0
9 7.0106889785856765 3.0 2.0 1.0177245712839067e-9 0.0
363 1.7903524555240438 2.0 2.0 3.665263648144901e-10 0.0
112 0.7590260824163124 1.0 2.0 5.502442945726216e-10 0.0
164 8.009428746418052 1.0 2.0 3.738023224286735e-10 0.0
312 3.123690470416477 2.0 2.0 5.502442945726216e-10 0.0
260 4.756217234902579 2.0 2.0 4.019966581836343e-10 0.0
113 2.8873628302699217 3.0 2.0 6.057234713807702e-10 0.0
364 0.31889514601425617 3.0 2.0 4.547473508864641e-10 0.0
10 0.7515972392156982 3.0 2.0 6.393747753463686e-10 0.0
57 3.0727675438647566 2.0 2.0 4.81122697237879e-10 0.0
261 3.376911936171382 2.0 2.0 4.802132025361061e-10 0.0
165 0.22547625132392568 1.0 2.0 5.593392415903509e-10 0.0
215 6.857878018769043 1.0 2.0 3.1377567211166024e-10 0.0
365 3.0078882723973948 3.0 2.0 9.00399754755199e-11 0.0
11 1.803432821705428 3.0 2.0 8.813003660179675e-10 0.0
313 3.6938019914614415 1.0 2.0 5.19321474712342e-10 0.0
114 5.544161808255012 1.0 2.0 4.0745362639427185e-10 0.0
58 3.8543112303050293 1.0 2.0 2.355591277591884e-10 0.0
216 3.6234870456028148 2.0 2.0 1.4551915228366852e-10 0.0
262 0.319149774077232 2.0 2.0 6.821210263296962e-10 0.0
314 3.380223673017099 1.0 2.0 3.255991032347083e-10 0.0
12 7.954098167061602 2.0 2.0 5.220499588176608e-10 0.0
366 2.351463979559412 3.0 2.0 1.227817847393453e-10 0.0
59 8.777957251710177 1.0 2.0 8.412825991399586e-10 0.0
217 0.5476707017151057 1.0 2.0 9.677023626863956e-10 0.0
115 1.3509217238588462 3.0 2.0 2.5011104298755527e-10 0.0
263 3.6052553689005435 1.0 2.0 3.0468072509393096e-10 0.0
367 0.9924404907796998 3.0 2.0 1.2005330063402653e-10 0.0
315 4.286875259624139 1.0 2.0 5.347828846424818e-10 0.0
116 1.0683330229840067 3.0 2.0 1.293301465921104e-9 0.0
316 4.640057438931763 3.0 2.0 3.1377567211166024e-10 0.0
368 2.8057451222030068 1.0 2.0 4.2928149923682213e-10 0.0
13 2.0497013831700315 1.0 2.0 6.111804395914078e-10 0.0
369 4.5523985658619495 3.0 2.0 6.602931534871459e-10 0.0
264 2.068228157633712 1.0 2.0 8.221832104027271e-10 0.0
166 2.0419039336866263 3.0 2.0 6.402842700481415e-10 0.0
117 6.8975318277516635 2.0 2.0 8.167262421920896e-10 0.0
14 7.753561232440916 2.0 2.0 2.928572939708829e-10 0.0
167 2.7266110955297336 1.0 2.0 8.058123057708144e-10 0.0
118 3.1295916152594145 2.0 2.0 1.3733369996771216e-10 0.0
15 1.1336783005845064 3.0 2.0 1.014996087178588e-9 0.0
119 1.2423757209016912 3.0 2.0 1.0732037480920553e-9 0.0
60 1.2197244092767505 3.0 2.0 7.34871719032526e-10 0.0
317 1.545875909660026 2.0 2.0 6.075424607843161e-10 0.0
218 1.769309840436108 2.0 2.0 7.912603905424476e-10 0.0
370 8.965927019899027 3.0 2.0 5.593392415903509e-10 0.0
265 2.611379702568229 1.0 2.0 3.8198777474462986e-11 0.0
371 2.8752839561093424 1.0 2.0 9.00399754755199e-10 0.0
318 2.353893493731448 1.0 2.0 5.929905455559492e-10 0.0
61 0.6528311787078565 2.0 2.0 3.4378899727016687e-10 0.0
120 1.9105992754848558 1.0 2.0 6.111804395914078e-10 0.0
219 0.5626461290194129 1.0 2.0 6.912159733474255e-11 0.0
319 8.129329455179686 1.0 2.0 4.574758349917829e-10 0.0
16 3.8085919687418937 2.0 2.0 6.821210263296962e-10 0.0
372 4.60108735054564 3.0 2.0 6.939444574527442e-10 0.0
266 1.8411625041899242 2.0 2.0 4.765752237290144e-10 0.0
220 2.724312230708165 1.0 2.0 1.191438059322536e-10 0.0
121 5.098685507444316 2.0 2.0 5.948095349594951e-10 0.0
17 1.6964886971945816 1.0 2.0 8.731149137020111e-10 0.0
62 7.343887077662657 3.0 2.0 5.893525667488575e-10 0.0
373 2.0847873750826693 2.0 2.0 1.255102688446641e-10 0.0
374 1.8179622977149847 3.0 2.0 1.8553691916167736e-10 0.0
267 5.4316031303842465 2.0 2.0 2.1009327610954642e-10 0.0
18 4.345511226027156 1.0 2.0 4.2382453102618456e-10 0.0
63 5.34713013072178 2.0 2.0 5.775291356258094e-10 0.0
122 2.497781503952865 1.0 2.0 9.040377335622907e-10 0.0
19 0.28356681339937495 3.0 2.0 9.613358997739851e-10 0.0
168 3.01308474715006 1.0 2.0 5.893525667488575e-10 0.0
268 6.666979882309533 3.0 2.0 6.984919309616089e-10 0.0
64 3.1635891248206462 3.0 2.0 9.486029739491642e-10 0.0
123 1.7308889103478577 1.0 2.0 9.440555004402995e-10 0.0
320 4.816599140322069 1.0 2.0 5.95719029661268e-10 0.0
375 3.324803698913456 3.0 2.0 4.18367562815547e-10 0.0
169 1.437839082613209 3.0 2.0 7.73070496506989e-10 0.0
20 1.4436237875397637 2.0 2.0 3.765308065339923e-10 0.0
221 6.689485295770282 3.0 2.0 1.1432348401285708e-9 0.0
65 6.1032942550100415 3.0 2.0 2.5647750589996576e-10 0.0
66 6.792027785935716 3.0 2.0 3.155946615152061e-10 0.0
376 0.8981225693187298 2.0 2.0 3.9199221646413207e-10 0.0
321 2.382659062363018 3.0 2.0 5.147740012034774e-10 0.0
21 3.0042894481284748 2.0 2.0 5.711626727133989e-10 0.0
222 1.8805983810634643 1.0 2.0 6.039044819772243e-10 0.0
67 0.7432526867796696 3.0 2.0 4.547473508864641e-10 0.0
377 0.28619942651675956 2.0 2.0 2.4920154828578234e-10 0.0
170 1.239396686645705 3.0 2.0 4.065441316924989e-10 0.0
378 3.0159592767540744 3.0 2.0 6.96672941558063e-10 0.0
124 3.393031400239124 3.0 2.0 5.411493475548923e-10 0.0
171 2.408835841339169 1.0 2.0 7.366907084360719e-10 0.0
68 3.384471922108787 1.0 2.0 7.439666660502553e-10 0.0
223 6.641977272322038 3.0 2.0 7.685230229981244e-10 0.0
22 3.662029141676612 2.0 2.0 1.0923031368292868e-9 0.0
125 0.6163274918708339 1.0 2.0 7.266862667165697e-10 0.0
69 2.1848188693566044 2.0 2.0 4.43833414465189e-10 0.0
172 5.270662380904469 3.0 2.0 6.730260793119669e-10 0.0
322 9.39202760736589 1.0 2.0 4.847606760449708e-10 0.0
23 1.2316691856958641 3.0 2.0 2.646629582159221e-10 0.0
379 5.342171743035578 2.0 2.0 6.821210263296962e-10 0.0
323 0.9694646339758037 3.0 2.0 2.964952727779746e-10 0.0
173 4.240119250875068 3.0 2.0 3.992681740783155e-10 0.0
224 2.849831671337597 1.0 2.0 7.903508958406746e-10 0.0
24 0.6018714519777859 3.0 2.0 7.185008144006133e-10 0.0
70 0.36973673883767333 1.0 2.0 7.612470653839409e-10 0.0
174 10.242048710020754 2.0 2.0 7.23048287909478e-10 0.0
225 2.601669916170067 2.0 2.0 7.294147508218884e-10 0.0
126 0.38537270069537044 3.0 2.0 1.7189449863508344e-10 0.0
380 3.7475193653735914 1.0 2.0 5.265974323265254e-10 0.0
127 2.712608085716056 1.0 2.0 4.374669515527785e-10 0.0
175 7.187561267694036 3.0 2.0 9.522409527562559e-10 0.0
324 3.562916811200921 3.0 2.0 4.4019543565809727e-10 0.0
226 3.9053850730342674 3.0 2.0 1.039552444126457e-9 0.0
269 4.229863870592453 3.0 2.0 1.8189894035458565e-10 0.0
381 1.9963648870580073 3.0 2.0 6.866684998385608e-10 0.0
270 3.984118307076642 3.0 2.0 5.384208634495735e-10 0.0
382 1.016644976549287 2.0 2.0 6.72116584610194e-10 0.0
71 4.423630186440278 1.0 2.0 4.856701707467437e-10 0.0
128 1.0272944678017666 3.0 2.0 4.902176442556083e-10 0.0
325 0.6302948755546822 3.0 2.0 3.183231456205249e-10 0.0
25 0.7380620826952509 3.0 2.0 4.738467396236956e-10 0.0
227 0.17163611209980445 2.0 2.0 1.8189894035458565e-10 0.0
72 3.292104914482479 1.0 2.0 1.7553247744217515e-10 0.0
326 0.3746401923526719 3.0 2.0 3.5197444958612323e-10 0.0
176 0.3281389292769745 1.0 2.0 6.775735528208315e-10 0.0
271 1.3116974829463288 1.0 2.0 5.402398528531194e-10 0.0
26 3.424118539551273 1.0 2.0 2.0736479200422764e-10 0.0
73 7.662922086072285 1.0 2.0 2.8467184165492654e-10 0.0
327 4.871868608639488 2.0 2.0 8.130882633849978e-10 0.0
383 1.306530534513513 2.0 2.0 7.185008144006133e-10 0.0
27 1.0877099670178723 3.0 2.0 5.138645065017045e-10 0.0
129 3.4912542796955677 2.0 2.0 4.611138137988746e-10 0.0
177 6.1110150409786 3.0 2.0 3.8835423765704036e-10 0.0
74 0.9509664930519648 1.0 2.0 6.330083124339581e-10 0.0
384 4.739433378241301 2.0 2.0 4.4929038267582655e-10 0.0
228 2.837632015291092 3.0 2.0 1.0677467798814178e-9 0.0
130 1.0546197830044548 2.0 2.0 5.366018740460277e-10 0.0
272 6.328949991220725 2.0 2.0 5.102265276946127e-10 0.0
178 3.361890414944355 2.0 2.0 3.7198333302512765e-10 0.0
328 1.5074430218264752 1.0 2.0 5.711626727133989e-10 0.0
229 4.89301271230579 2.0 2.0 3.710738383233547e-10 0.0
28 1.2372578313897975 3.0 2.0 5.975380190648139e-10 0.0
385 3.9955620719319995 2.0 2.0 3.3378455555066466e-10 0.0
75 0.1954988651741587 1.0 2.0 1.609805622138083e-10 0.0
329 0.8219624345056218 1.0 2.0 7.312337402254343e-10 0.0
273 0.7327343476390524 2.0 2.0 7.121343514882028e-10 0.0
179 0.06849373484146781 3.0 2.0 1.2823875294998288e-10 0.0
131 4.567119780876965 2.0 2.0 4.1109160520136356e-10 0.0
76 3.3723676702520606 3.0 2.0 6.684786058031023e-10 0.0
386 2.1220752265671763 3.0 2.0 2.319211489520967e-10 0.0
274 0.9553072227954544 1.0 2.0 7.912603905424476e-10 0.0
29 2.0984263190657657 3.0 2.0 5.666151992045343e-10 0.0
387 0.005335161349648843 3.0 2.0 7.630660547874868e-10 0.0
330 3.836760651358418 2.0 2.0 7.239577826112509e-10 0.0
77 0.5373076649611903 2.0 2.0 1.3751559890806675e-9 0.0
230 0.899817296418405 3.0 2.0 9.904397302307189e-10 0.0
30 5.831211983175308 3.0 2.0 1.002263161353767e-9 0.0
275 4.640876564271821 1.0 2.0 5.939000402577221e-10 0.0
180 4.873792394502743 3.0 2.0 5.011315806768835e-10 0.0
132 1.9607459315448068 1.0 2.0 7.23048287909478e-10 0.0
231 4.363191719028691 3.0 2.0 3.9199221646413207e-10 0.0
331 2.031230985379807 1.0 2.0 4.065441316924989e-10 0.0
78 5.457008821871568 2.0 2.0 7.203198038041592e-10 0.0
181 8.06394729114254 2.0 2.0 9.031282388605177e-10 0.0
276 8.934577329513559 1.0 2.0 4.574758349917829e-10 0.0
31 1.2897483746928629 2.0 2.0 4.220055416226387e-10 0.0
332 1.450308306635634 3.0 2.0 6.97582436259836e-10 0.0
79 4.398367665809928 1.0 2.0 7.703420124016702e-10 0.0
277 1.1925152039220848 2.0 2.0 1.039552444126457e-9 0.0
133 3.853226094332058 2.0 2.0 4.4929038267582655e-10 0.0
388 2.3556984295773873 3.0 2.0 1.0313669918105006e-9 0.0
134 1.5929030992647313 2.0 2.0 7.612470653839409e-10 0.0
389 4.910626124066766 1.0 2.0 1.1996235116384923e-9 0.0
232 7.909712621969447 3.0 2.0 4.765752237290144e-10 0.0
333 1.8135374127396062 3.0 2.0 4.829416866414249e-10 0.0
278 0.16919877069267386 1.0 2.0 2.6830093702301383e-10 0.0
32 1.9882124794130505 2.0 2.0 2.3010215954855084e-10 0.0
233 5.934330905769457 1.0 2.0 4.019966581836343e-10 0.0
390 0.9196049454585591 2.0 2.0 4.711182555183768e-10 0.0
80 1.2564713903993834 3.0 2.0 5.848050932399929e-10 0.0
182 0.8665197014415753 3.0 2.0 1.0231815394945443e-9 0.0
334 2.441764177632649 1.0 2.0 9.922587196342647e-10 0.0
234 3.902650910327793 1.0 2.0 3.283275873400271e-10 0.0
391 5.953399075116977 1.0 2.0 1.4915713109076023e-10 0.0
279 0.7001994902639126 3.0 2.0 1.90084392670542e-10 0.0
135 0.6543894259648368 1.0 2.0 2.2464519133791327e-10 0.0
81 3.693934853126848 2.0 2.0 2.446540747769177e-10 0.0
392 5.724234732506375 1.0 2.0 5.538822733797133e-10 0.0
335 2.1835480088484474 3.0 2.0 6.84849510435015e-10 0.0
183 5.261043932949178 2.0 2.0 5.566107574850321e-10 0.0
33 7.157850269053597 3.0 2.0 2.9467628337442875e-10 0.0
136 3.629172919998382 3.0 2.0 7.248672773130238e-10 0.0
82 1.4404992602194397 1.0 2.0 1.2823875294998288e-10 0.0
336 1.7032697795020795 1.0 2.0 1.6643753042444587e-10 0.0
235 3.9301262379831314 2.0 2.0 3.2741809263825417e-11 0.0
337 1.3138220803630247 1.0 2.0 1.673470251262188e-10 0.0
34 11.872866819496267 2.0 2.0 3.510649548843503e-10 0.0
393 3.2053027378206025 2.0 2.0 4.602043190971017e-10 0.0
83 1.5246542737895652 2.0 2.0 3.80168785341084e-10 0.0
184 5.004207923731883 1.0 2.0 4.611138137988746e-10 0.0
280 2.385623518295688 2.0 2.0 4.674802767112851e-10 0.0
394 1.1264422549611481 1.0 2.0 4.1018211049959064e-10 0.0
185 2.3546068170726357 2.0 2.0 1.9463186617940664e-10 0.0
35 1.9048820507669006 3.0 2.0 5.275069270282984e-11 0.0
236 4.0082890518006025 1.0 2.0 7.548806024715304e-10 0.0
395 1.8827048450511938 3.0 2.0 6.984919309616089e-10 0.0
137 1.716576737100695 3.0 2.0 1.3460521586239338e-10 0.0
281 11.370246959557335 3.0 2.0 6.857590051367879e-10 0.0
186 0.5985996266736038 3.0 2.0 5.07498043589294e-10 0.0
396 1.988290733028407 1.0 2.0 6.630216375924647e-10 0.0
84 1.764428655467782 2.0 2.0 1.3733369996771216e-10 0.0
187 2.707080390679039 2.0 2.0 6.857590051367879e-10 0.0
237 5.2646129336262675 3.0 2.0 4.847606760449708e-10 0.0
85 2.562441743988529 1.0 2.0 2.6284396881237626e-10 0.0
397 0.5344053686640109 2.0 2.0 1.8189894035458565e-10 0.0
138 5.106216643542211 2.0 2.0 4.711182555183768e-10 0.0
86 8.448988375999761 1.0 2.0 1.1232259566895664e-9 0.0
238 1.674735716993382 2.0 2.0 2.701199264265597e-10 0.0
87 1.0437950905561593 2.0 2.0 7.876224117353559e-10 0.0
139 5.91020888800449 1.0 2.0 6.366462912410498e-10 0.0
398 3.9826043517859944 2.0 2.0 1.646185410209e-10 0.0
338 6.307121001809719 1.0 2.0 4.5201886678114533e-10 0.0
239 1.4522004219161317 2.0 2.0 2.446540747769177e-10 0.0
282 1.2393203974443168 2.0 2.0 2.992237568832934e-10 0.0
339 1.0838075881365512 1.0 2.0 8.549250196665525e-10 0.0
140 0.7995582306739379 1.0 2.0 3.8562575355172157e-10 0.0
36 10.193602617850047 1.0 2.0 1.9736035028472543e-10 0.0
283 5.532573340919043 2.0 2.0 1.9372237147763371e-10 0.0
399 6.48936243897333 1.0 2.0 3.246896085329354e-10 0.0
37 5.464490448399374 2.0 2.0 6.97582436259836e-10 0.0
340 4.424473203011075 1.0 2.0 6.59383658785373e-10 0.0
188 3.724498258128733 2.0 2.0 7.239577826112509e-10 0.0
400 2.756916322023244 1.0 2.0 5.948095349594951e-10 0.0
141 1.591987997178876 2.0 2.0 1.4733814168721437e-9 0.0
189 3.163172685475729 2.0 2.0 2.7193891583010554e-10 0.0
38 1.8804100891848066 3.0 2.0 1.1186784831807017e-10 0.0
88 13.1402681010768 1.0 2.0 1.0186340659856796e-10 0.0
142 1.2829869580000377 3.0 2.0 5.939000402577221e-10 0.0
240 1.061436200972821 1.0 2.0 2.28283170145005e-10 0.0
190 1.1596428560606 3.0 2.0 7.621565600857139e-10 0.0
143 5.645623364893254 3.0 2.0 6.320988177321851e-10 0.0
341 4.372279082752357 3.0 2.0 6.675691111013293e-10 0.0
89 0.03901801431311469 3.0 2.0 7.321432349272072e-10 0.0
191 0.564270443697751 2.0 2.0 6.46650732960552e-10 0.0
144 2.811236164516231 3.0 2.0 1.8553691916167736e-10 0.0
39 1.8286190743128827 2.0 2.0 6.239133654162288e-10 0.0
342 2.150104847336479 3.0 2.0 4.4292391976341605e-10 0.0
145 2.664729380956487 3.0 2.0 5.70253178011626e-10 0.0
241 1.438119041360551 1.0 2.0 2.28283170145005e-10 0.0
192 1.7001883479533717 3.0 2.0 3.356035449542105e-10 0.0
90 3.159258010047779 3.0 2.0 2.2009771782904863e-10 0.0
284 3.0534073850703862 2.0 2.0 3.0740920919924974e-10 0.0
193 4.5384845885164395 1.0 2.0 1.4806573744863272e-9 0.0
242 7.5511363906607585 2.0 2.0 4.256435204297304e-10 0.0
40 0.7105561344069429 3.0 2.0 1.0732037480920553e-10 0.0
91 4.863467521596249 2.0 2.0 7.412381819449365e-10 0.0
285 4.48989370831805 2.0 2.0 4.874891601502895e-10 0.0
194 1.8617214742498618 1.0 2.0 4.911271389573812e-10 0.0
41 1.7938857317494694 1.0 2.0 3.055902197957039e-10 0.0
92 2.559731462131822 1.0 2.0 8.776623872108757e-10 0.0
286 4.253660385969852 2.0 2.0 5.275069270282984e-10 0.0
343 6.389370560689713 2.0 2.0 8.139977580867708e-10 0.0
146 1.8387600867717993 2.0 2.0 6.912159733474255e-10 0.0
287 2.4527346447666787 1.0 2.0 7.421476766467094e-10 0.0
243 1.7285290782583616 1.0 2.0 1.8189894035458565e-10 0.0
93 4.386939899166464 1.0 2.0 1.0350049706175923e-9 0.0
344 1.7060887310963153 3.0 2.0 4.2928149923682213e-10 0.0
288 5.02533224679064 2.0 2.0 5.238689482212067e-10 0.0
94 1.5736869096726878 1.0 2.0 6.948539521545172e-10 0.0
195 5.907828681389219 1.0 2.0 2.955857780762017e-10 0.0
95 0.700691163274314 3.0 2.0 2.1191226551309228e-10 0.0
42 0.9881075223693188 3.0 2.0 8.203642209991813e-10 0.0
244 6.884385466997628 2.0 2.0 8.176357368938625e-10 0.0
147 2.1153170135075925 3.0 2.0 2.3737811716273427e-10 0.0
345 0.5724489364347392 3.0 2.0 4.18367562815547e-10 0.0
196 6.218585324924788 1.0 2.0 3.064997144974768e-10 0.0
245 10.602027916022053 3.0 2.0 1.6825651982799172e-10 0.0
346 3.254546522457531 2.0 2.0 2.964952727779746e-10 0.0
96 6.247870188612069 1.0 2.0 4.4656189857050776e-10 0.0
289 2.0213658824723097 2.0 2.0 7.148628355935216e-10 0.0
148 1.3507033837486233 3.0 2.0 2.764863893389702e-10 0.0
347 0.20521689669476473 3.0 2.0 4.911271389573812e-10 0.0
246 3.5029010732232564 3.0 2.0 4.638422979041934e-10 0.0
43 0.5427573633824068 2.0 2.0 7.958078640513122e-10 0.0
348 1.591459110728465 2.0 2.0 3.956301952712238e-10 0.0
149 2.111681831209353 2.0 2.0 7.412381819449365e-10 0.0
44 1.48020214780081 1.0 2.0 2.955857780762017e-10 0.0
97 2.3173208834086836 1.0 2.0 1.1605152394622564e-9 0.0
349 1.7101871184459014 3.0 2.0 3.965396899729967e-10 0.0
150 4.10141205877153 3.0 2.0 1.0941221262328327e-9 0.0
290 4.499821154291567 2.0 2.0 6.757545634172857e-10 0.0
45 6.966373005256173 2.0 2.0 1.7826096154749393e-10 0.0
46 2.1753962981747463 1.0 2.0 5.675246939063072e-10 0.0
197 4.896788615093101 1.0 2.0 8.421920938417315e-10 0.0
350 13.31470029935008 3.0 2.0 3.9108272176235914e-10 0.0
291 2.231837606312183 2.0 2.0 2.4283508537337184e-10 0.0
247 0.6626579617350217 2.0 2.0 1.3460521586239338e-10 0.0
98 0.09543074973043986 3.0 2.0 1.737134880386293e-10 0.0
99 0.7077213932025188 2.0 2.0 5.493347998708487e-10 0.0
248 0.13445850652897207 2.0 2.0 4.4565240386873484e-10 0.0
198 0.15152288123135804 2.0 2.0 1.8462742445990443e-10 0.0
292 0.5571288437786279 3.0 2.0 4.2382453102618456e-10 0.0
47 1.595418951657848 2.0 2.0 2.764863893389702e-10 0.0
100 1.7162736223399406 2.0 2.0 8.803908713161945e-10 0.0
199 2.8068424896027864 3.0 2.0 8.349161362275481e-10 0.0
48 0.6752907322206738 3.0 2.0 6.521077011711895e-10 0.0
293 1.8380210832456214 3.0 2.0 3.7834979593753815e-10 0.0
249 5.692549101548138 1.0 2.0 5.838955985382199e-10 0.0
49 5.179840572902322 1.0 2.0 5.247784429229796e-10 0.0
200 0.8427150104798784 1.0 2.0 1.8735590856522322e-10 0.0
294 1.1290363896168856 3.0 2.0 7.903508958406746e-10 0.0
50 3.718010337177475 3.0 2.0 7.785274647176266e-10 0.0
250 3.2318519896616635 3.0 2.0 7.994458428584039e-10 0.0
295 1.77921121260988 3.0 2.0 8.058123057708144e-10 0.0
296 3.7553905613312963 3.0 2.0 4.2746250983327627e-10 0.0
297 6.137747188764479 3.0 2.0 6.257323548197746e-10 0.0
298 0.5556828177250281 3.0 2.0 5.493347998708487e-10 0.0
299 11.05516180347513 1.0 2.0 5.247784429229796e-10 0.0
300 4.717976698180792 3.0 2.0 2.5011104298755527e-10 0.0
