251 4.816256123745916 3.0 2.0 1.7130059859482571e-7 0.0
351 0.3506432549766032 3.0 1.0 8.071583579294384e-8 0.0
151 1.8710222072004399 3.0 2.0 3.870627551805228e-8 0.0
1 0.7508976259923656 1.0 3.0 1.098242137231864e-7 0.0
101 1.8231786558244494 3.0 2.0 1.1007432476617396e-7 0.0
201 2.468131680807346 1.0 2.0 9.420728019904345e-8 0.0
301 0.16942877394103562 3.0 2.0 4.962657840223983e-8 0.0
152 3.14130229872535 3.0 1.0 1.1559495760593563e-7 0.0
51 1.802721827334608 1.0 3.0 1.6004105418687686e-7 0.0
352 4.795771842040267 2.0 3.0 3.501554601825774e-8 0.0
153 0.3005962031602394 3.0 3.0 8.735787559999153e-8 0.0
252 0.6091336762583524 3.0 1.0 2.752767613856122e-8 0.0
202 0.5459896190059226 3.0 1.0 1.9904291548300534e-7 0.0
102 4.571696937942761 3.0 3.0 2.485439836164005e-7 0.0
302 15.413076083752458 2.0 3.0 8.112965588225052e-8 0.0
154 1.9335877477515169 3.0 2.0 1.5193199942586944e-7 0.0
52 4.311519036118625 3.0 2.0 1.7791535356082022e-8 0.0
103 1.9134874414612568 1.0 3.0 4.364392225397751e-8 0.0
2 5.591510007434408 2.0 3.0 7.468406693078578e-8 0.0
353 0.43580626578659576 3.0 2.0 8.828192221699283e-8 0.0
253 2.652676677906129 2.0 3.0 1.0335497790947556e-8 0.0
354 0.9741390219587629 1.0 1.0 2.2140739019960165e-8 0.0
155 1.0701035482434236 1.0 1.0 2.0767402020283043e-8 0.0
303 5.981955228467996 2.0 3.0 1.1575139069464058e-8 0.0
254 4.139555399959136 1.0 3.0 1.3740736903855577e-7 0.0
203 1.872821025781377 3.0 2.0 2.4563632905483246e-8 0.0
355 2.7369587004959612 1.0 2.0 2.744936864473857e-7 0.0
255 4.985248689408763 3.0 1.0 1.2978853192180395e-7 0.0
104 0.6059049325704109 3.0 2.0 1.1948122846661136e-7 0.0
356 8.03751759471561 1.0 3.0 2.474189386703074e-8 0.0
156 0.28238366083860456 2.0 2.0 1.6157628124346957e-7 0.0
204 5.059487700416867 3.0 2.0 1.3138560461811721e-7 0.0
53 2.6952648048500123 1.0 1.0 8.21883077151142e-8 0.0
256 4.557073388223216 2.0 1.0 2.6082489057444036e-8 0.0
205 1.6475542355456128 3.0 1.0 1.2857162801083177e-7 0.0
105 3.9244578629586613 3.0 2.0 1.324615368503146e-7 0.0
3 7.008024545493754 1.0 3.0 6.5583662944845855e-9 0.0
157 0.13066434412939998 2.0 2.0 1.0843905329238623e-8 0.0
106 0.05575813874747837 3.0 3.0 6.760274118278176e-9 0.0
4 6.304162586264283 3.0 1.0 6.160189514048398e-8 0.0
206 1.3707555700621015 1.0 2.0 3.164586814818904e-8 0.0
304 2.5611496406490915 3.0 3.0 4.413595888763666e-8 0.0
207 0.8893922470797406 3.0 3.0 1.505386535427533e-7 0.0
357 1.423445241549416 2.0 1.0 1.772241375874728e-8 0.0
107 2.184336711814467 3.0 1.0 8.974257070804015e-8 0.0
5 3.4282477539363754 2.0 2.0 1.5503883332712576e-7 0.0
158 7.03861794732984 3.0 2.0 1.6478588804602623e-7 0.0
257 2.00375521834394 1.0 3.0 6.90761225996539e-9 0.0
108 1.76286658146455 2.0 2.0 2.8892827685922384e-8 0.0
358 1.2695839580119355 3.0 3.0 1.0552685125730932e-7 0.0
208 0.38954432492937485 1.0 3.0 1.550506567582488e-8 0.0
258 0.5843746689661202 1.0 1.0 1.712305675027892e-8 0.0
159 3.874505503594264 3.0 1.0 2.481137926224619e-7 0.0
209 2.0757675712011405 3.0 3.0 1.9854542188113555e-7 0.0
54 2.6566836877082096 3.0 2.0 1.8179525795858353e-7 0.0
109 3.9231538146195817 2.0 3.0 3.3141986932605505e-8 0.0
6 5.9651117710527615 1.0 3.0 3.9111910155043006e-8 0.0
359 2.000384553162803 3.0 3.0 7.106791599653661e-9 0.0
210 2.916796991687079 3.0 3.0 8.231654646806419e-8 0.0
305 4.051769843164948 1.0 3.0 5.387573764892295e-7 0.0
160 9.411551492639774 3.0 2.0 1.2188138498459011e-8 0.0
110 3.012386852371492 3.0 2.0 2.685137587832287e-7 0.0
55 4.141355788706278 2.0 3.0 2.0535480871330947e-8 0.0
161 0.6628585112721339 2.0 3.0 8.49431671667844e-8 0.0
306 5.608357833285481 3.0 3.0 2.7635633159661666e-7 0.0
111 2.9872727018373553 2.0 2.0 1.3274166121846065e-7 0.0
162 9.801406378279353 2.0 1.0 7.449943950632587e-8 0.0
360 1.7272286947081739 3.0 3.0 9.044197213370353e-8 0.0
56 3.8231093857721135 1.0 3.0 1.2758209777530283e-7 0.0
112 2.7067472709022695 3.0 3.0 1.3811131793772802e-7 0.0
211 2.0681353933287028 1.0 2.0 3.2610842026770115e-8 0.0
259 0.31970888798059605 3.0 2.0 4.7317371354438365e-8 0.0
7 5.386159421992488 3.0 1.0 1.1833890312118456e-7 0.0
212 2.152278407384074 3.0 2.0 6.493610271718353e-8 0.0
307 5.184311799086572 3.0 3.0 1.98651832761243e-8 0.0
361 6.502192325684518 3.0 1.0 1.999987944145687e-7 0.0
113 2.4942408814804367 2.0 3.0 1.2072177923982963e-7 0.0
8 1.1214216082280473 2.0 3.0 9.552968549542129e-8 0.0
213 4.99960954978269 3.0 2.0 3.708464646479115e-8 0.0
163 2.6607186524906865 3.0 3.0 1.0791427484946325e-7 0.0
308 1.219780680625263 1.0 3.0 9.02819010661915e-8 0.0
362 4.239370097846404 3.0 2.0 1.74079104908742e-7 0.0
214 2.11804609450337 2.0 1.0 2.0686456991825253e-8 0.0
9 8.028167741345897 1.0 1.0 1.3160388334654272e-9 0.0
114 5.751791979277186 1.0 2.0 1.1817792255897075e-7 0.0
363 2.764337244714625 3.0 1.0 8.373535820282996e-8 0.0
309 2.5060498176080728 2.0 3.0 7.166454452089965e-8 0.0
164 6.665375724225669 1.0 3.0 1.533044269308448e-8 0.0
10 1.994489796263224 3.0 2.0 1.264143065782264e-7 0.0
260 4.111958478053566 2.0 3.0 1.0711846698541194e-7 0.0
11 0.7788454599412944 3.0 1.0 2.2624590201303363e-8 0.0
364 0.49536720392461575 3.0 2.0 8.96970959729515e-8 0.0
261 2.2911326896446553 3.0 3.0 4.0117811295203865e-8 0.0
310 2.8369044798419054 2.0 3.0 9.529594535706565e-8 0.0
115 2.1938587641161575 3.0 2.0 4.070625436725095e-8 0.0
311 4.597743888993136 3.0 3.0 1.4751458365935832e-7 0.0
165 0.3056477479694877 2.0 3.0 5.3963958634994924e-8 0.0
312 5.678719943025499 2.0 3.0 4.436878953129053e-8 0.0
12 10.528641165228692 3.0 3.0 9.731957106851041e-8 0.0
365 2.3490515228913864 3.0 1.0 5.336914910003543e-9 0.0
313 4.378626757144957 3.0 3.0 1.1668271326925606e-7 0.0
116 1.079608977328462 3.0 2.0 3.580316842999309e-8 0.0
166 2.4908646416679403 2.0 3.0 3.8878170016687363e-8 0.0
314 3.55093065220899 1.0 2.0 2.299657353432849e-8 0.0
262 0.44735059272352373 3.0 3.0 1.666649040998891e-7 0.0
215 9.539639946533498 2.0 3.0 1.4411489246413112e-7 0.0
117 7.135623076588672 2.0 2.0 2.7381247491575778e-8 0.0
167 2.592940054177234 3.0 1.0 2.976275936816819e-7 0.0
366 3.429872412199984 2.0 2.0 2.239958121208474e-7 0.0
13 1.0644062824285356 2.0 3.0 1.198295649373904e-7 0.0
263 4.952614567764613 1.0 3.0 8.843835530569777e-8 0.0
118 1.999299903303836 3.0 2.0 3.2633943192195147e-7 0.0
216 2.693911326212401 3.0 1.0 1.0678468242986128e-7 0.0
119 0.45963937973283464 1.0 1.0 2.65372364083305e-7 0.0
367 0.7399775349185802 1.0 3.0 1.9042636267840862e-7 0.0
368 6.8463275994690775 3.0 1.0 9.22773324418813e-9 0.0
315 5.628686428452056 3.0 3.0 7.709513738518581e-8 0.0
369 2.968613353317778 2.0 3.0 6.808477337472141e-8 0.0
14 7.04827392009247 2.0 2.0 9.92349669104442e-9 0.0
316 4.9349820426668884 2.0 2.0 1.60284798766952e-7 0.0
120 1.7866188811967731 1.0 1.0 8.451843314105645e-8 0.0
264 1.8163919240087125 1.0 3.0 8.045753929764032e-8 0.0
217 0.10105827127517841 3.0 3.0 3.15867509925738e-8 0.0
218 1.1854975853802898 3.0 3.0 2.7058467821916565e-7 0.0
57 5.427199470945197 3.0 1.0 7.280596037162468e-8 0.0
219 0.43479863655193185 1.0 3.0 2.0700463210232556e-7 0.0
121 8.062773537623798 2.0 1.0 1.6013200365705416e-7 0.0
168 2.6082077954088163 3.0 2.0 1.2478267308324575e-9 0.0
15 1.5196261406217673 3.0 2.0 1.661874193814583e-7 0.0
317 2.121160821099693 1.0 3.0 1.0339226719224826e-7 0.0
265 9.406418370293977 1.0 3.0 4.4948137656319886e-8 0.0
169 1.9016638949033222 2.0 3.0 2.2485528461402282e-7 0.0
220 1.17863385779674 3.0 3.0 7.644848665222526e-8 0.0
318 1.760630123095325 1.0 3.0 6.55654730508104e-9 0.0
370 7.052523626749462 3.0 3.0 2.649721864145249e-8 0.0
122 2.1734192866006197 3.0 3.0 5.7495526561979204e-8 0.0
371 1.7681408635962725 1.0 2.0 2.5771441869437695e-8 0.0
58 2.6032676380364137 3.0 1.0 9.432369552087039e-9 0.0
266 3.463770870990629 3.0 1.0 6.673144525848329e-8 0.0
319 9.502941818822364 3.0 1.0 2.188962753280066e-7 0.0
123 1.3233488245004992 3.0 1.0 4.865069058723748e-8 0.0
59 7.242075277295953 3.0 2.0 1.8447281036060303e-7 0.0
16 3.746681649410675 2.0 3.0 1.5911427908577025e-7 0.0
372 3.1223653573506454 2.0 1.0 5.1017195801250637e-8 0.0
170 1.5571976077790168 3.0 2.0 3.034801920875907e-8 0.0
373 3.199862580595436 2.0 1.0 1.0996791388606653e-7 0.0
267 5.538242858738158 2.0 1.0 6.300797394942492e-8 0.0
374 1.0052949942746636 1.0 2.0 9.214727469952777e-8 0.0
17 3.329578052565921 3.0 3.0 1.0141229722648859e-7 0.0
221 4.310122509066787 2.0 1.0 2.2276162781054154e-7 0.0
171 1.9984025277353794 3.0 2.0 3.787408786593005e-8 0.0
222 1.4121974551435414 3.0 3.0 1.124681148212403e-7 0.0
60 4.679427530696557 3.0 1.0 1.4797478797845542e-9 0.0
18 5.386579812828131 1.0 3.0 2.1197956812102348e-7 0.0
124 2.8412097735254065 1.0 3.0 2.905653673224151e-8 0.0
61 0.9616417328306852 1.0 2.0 3.636432666098699e-8 0.0
268 8.953064933710266 2.0 2.0 9.461473382543772e-8 0.0
62 9.213539329111882 2.0 3.0 2.5773078959900886e-7 0.0
223 11.212366191453839 3.0 3.0 1.818234522943385e-7 0.0
19 0.9011381586078642 3.0 3.0 2.512115315767005e-8 0.0
320 2.0136079024650826 2.0 2.0 9.100494935410097e-8 0.0
125 3.526058961153467 3.0 2.0 1.6642388800391927e-7 0.0
172 6.966126001661905 2.0 1.0 1.4495344657916576e-7 0.0
375 2.626951121053935 3.0 1.0 8.872666512615979e-8 0.0
63 6.162838555370399 3.0 2.0 6.53099050396122e-8 0.0
173 3.8444918790701195 1.0 3.0 9.064478945219889e-8 0.0
20 1.4116211755826953 3.0 1.0 1.1244264896959066e-7 0.0
174 12.375800079234978 2.0 2.0 9.257746569346637e-9 0.0
376 0.5694475485051953 3.0 2.0 6.188929546624422e-8 0.0
64 2.33882532561438 2.0 1.0 1.2809323379769921e-8 0.0
321 1.4396040564879513 3.0 3.0 1.2928467185702175e-7 0.0
21 4.740677879544819 2.0 3.0 1.0968142305500805e-7 0.0
126 0.20283393896897906 1.0 1.0 3.407876647543162e-9 0.0
224 2.0560446809831774 3.0 1.0 3.4151526051573455e-9 0.0
175 4.622984731551696 3.0 2.0 8.166716725099832e-8 0.0
65 4.668939405393758 1.0 1.0 3.3305695978924632e-9 0.0
377 0.26840082823764533 1.0 2.0 1.2862983567174524e-8 0.0
127 2.057217253546696 1.0 1.0 1.2161854101577774e-7 0.0
66 7.97110245247859 1.0 3.0 2.6700035959947854e-7 0.0
269 4.569891771558105 3.0 2.0 3.786171873798594e-7 0.0
378 3.8490472826597397 2.0 1.0 5.272886482998729e-8 0.0
128 1.1518284984376805 1.0 2.0 2.1858522814000025e-7 0.0
22 0.2994393848384789 3.0 2.0 9.072391549125314e-8 0.0
270 4.419121942946731 3.0 3.0 7.642938726348802e-8 0.0
225 4.2975562766623625 1.0 1.0 3.7316567613743246e-9 0.0
322 8.030118800961645 3.0 3.0 1.294911271543242e-7 0.0
67 0.1206962009146082 3.0 3.0 1.7106140148825943e-7 0.0
323 1.710181440334054 1.0 2.0 2.418619260424748e-8 0.0
379 1.2815588881549047 3.0 2.0 4.001776687800884e-8 0.0
23 1.6274200299958466 2.0 1.0 3.805689630098641e-8 0.0
176 0.9958611146030307 1.0 3.0 3.3615651773288846e-7 0.0
226 2.483130436097781 3.0 3.0 7.790276868036017e-8 0.0
271 0.6668868314227439 3.0 1.0 3.808709152508527e-7 0.0
129 3.4926043310151726 3.0 2.0 6.480331649072468e-8 0.0
324 1.5108094008319313 2.0 2.0 1.8403261492494494e-7 0.0
24 1.1387905921401398 2.0 1.0 3.5643097362481058e-9 0.0
227 0.12461268842889694 3.0 3.0 7.649305189261213e-8 0.0
272 4.709443506935713 1.0 2.0 5.170477379579097e-9 0.0
325 0.18068735497763555 3.0 3.0 1.0983058018609881e-7 0.0
130 0.48249972246048856 2.0 2.0 1.652006176300347e-8 0.0
68 3.137484699347624 3.0 2.0 3.483364707790315e-9 0.0
177 8.944612594703358 2.0 3.0 2.2118001652415842e-8 0.0
25 1.014469101681243 3.0 3.0 2.1066625777166337e-8 0.0
326 0.48465988258794823 3.0 1.0 2.758415575954132e-7 0.0
380 3.087798486400061 1.0 3.0 5.871788744116202e-8 0.0
228 4.057401132346058 1.0 1.0 8.624465408502147e-8 0.0
327 2.7000253712012636 2.0 1.0 1.48513208841905e-7 0.0
273 0.37192387843060715 3.0 3.0 3.264358383603394e-8 0.0
178 3.476173801416735 3.0 3.0 2.8821523301303387e-7 0.0
26 2.4910204024799896 1.0 3.0 1.0402527550468221e-7 0.0
69 3.2061739019845845 1.0 1.0 1.392072590533644e-8 0.0
381 0.9948387589174672 1.0 3.0 1.4632496458943933e-7 0.0
382 1.5969268969347468 1.0 1.0 1.2069722288288176e-7 0.0
27 0.6645671382539149 3.0 3.0 8.565439202357084e-8 0.0
274 1.7968548936587467 1.0 2.0 8.778260962571949e-8 0.0
131 4.953676405171791 3.0 2.0 3.093555278610438e-8 0.0
328 2.20644466667909 1.0 3.0 2.4643577489769086e-7 0.0
229 2.8832931881388504 2.0 1.0 9.612540452508256e-8 0.0
383 1.310634814471996 2.0 3.0 1.7419552023056895e-8 0.0
275 3.8153217089020472 2.0 3.0 3.243258106522262e-9 0.0
230 2.6093700307137624 2.0 1.0 4.890262061962858e-8 0.0
329 1.474901542187581 2.0 3.0 3.686727723106742e-8 0.0
179 1.0499280505136994 3.0 1.0 1.2522377801360562e-7 0.0
70 0.5826190765146748 3.0 3.0 1.4192573871696368e-7 0.0
132 4.953490498695828 1.0 1.0 4.0301529224961996e-8 0.0
231 3.809490569956324 3.0 2.0 8.382721716770902e-8 0.0
28 0.24644579191954108 3.0 1.0 1.240787241840735e-7 0.0
384 2.91755133402512 3.0 2.0 6.720256351400167e-8 0.0
385 5.567182848621087 3.0 3.0 6.051413947716355e-8 0.0
330 4.023174870077128 1.0 2.0 2.3512438929174095e-7 0.0
276 10.999237085921777 3.0 3.0 2.7898749976884574e-8 0.0
277 1.1479565612899023 2.0 1.0 8.147435437422246e-8 0.0
386 2.363615391224812 2.0 2.0 4.650883056456223e-8 0.0
29 1.5911382545400556 1.0 1.0 4.399225872475654e-9 0.0
278 1.4122420617204625 1.0 3.0 1.2464806786738336e-7 0.0
30 5.0877829196342645 1.0 3.0 1.8163336790166795e-7 0.0
387 0.05735021377040539 1.0 2.0 1.3614589988719672e-7 0.0
331 2.141911963783059 2.0 3.0 1.3068893167655915e-7 0.0
180 2.289923535716298 2.0 1.0 1.6480862541357055e-7 0.0
133 3.2374979170599545 3.0 1.0 1.323842298006639e-7 0.0
332 1.605820730463165 3.0 2.0 2.3221218725666404e-8 0.0
134 1.2473087314610893 3.0 1.0 3.582181307137944e-7 0.0
71 10.214646972775881 3.0 3.0 8.076312951743603e-8 0.0
181 3.327084391439712 3.0 1.0 3.439799911575392e-8 0.0
279 0.9010549544818787 3.0 2.0 1.8379796529188752e-7 0.0
72 2.17743730469374 2.0 2.0 9.298491931986064e-8 0.0
31 2.280227872726755 1.0 3.0 7.905782695161179e-8 0.0
135 1.4224843181218603 2.0 3.0 8.521055860910565e-9 0.0
182 3.458041223735563 3.0 1.0 1.6673766367603093e-8 0.0
73 7.625182937730642 3.0 2.0 1.2971213436685503e-8 0.0
232 4.229040959036865 3.0 1.0 4.209141479805112e-8 0.0
74 0.6135089327181049 2.0 3.0 1.2735381460515782e-7 0.0
136 2.921642147077364 2.0 3.0 2.66145434579812e-7 0.0
388 0.7237566743006028 3.0 3.0 1.3053340808255598e-7 0.0
333 2.0124378712080215 2.0 1.0 2.534225131967105e-7 0.0
334 1.4578681014863832 3.0 1.0 1.8289938452653587e-9 0.0
75 2.3160464429329295 3.0 3.0 1.6218109522014856e-8 0.0
233 7.141282616177705 1.0 2.0 1.6356807464035228e-7 0.0
389 4.340318064512758 1.0 1.0 6.068603397579864e-8 0.0
137 0.4999019408096501 2.0 1.0 8.763163350522518e-8 0.0
183 2.569038957941302 3.0 3.0 9.970062819775194e-8 0.0
390 0.6065772981000919 2.0 3.0 1.8754690245259553e-8 0.0
234 4.403957283182535 2.0 3.0 3.047898644581437e-8 0.0
335 2.0863468871448276 3.0 2.0 8.15671228338033e-8 0.0
336 1.7870880590398883 2.0 3.0 7.008657121332362e-8 0.0
280 1.9224340234777628 3.0 1.0 9.953237167792395e-8 0.0
391 5.791815395197773 3.0 3.0 2.1709638531319797e-8 0.0
32 1.750130476015329 3.0 2.0 5.8713339967653155e-8 0.0
337 1.3370562488398718 2.0 2.0 7.330436346819624e-8 0.0
76 1.728126143465488 3.0 3.0 1.1919019016204402e-7 0.0
235 3.8332289396057604 2.0 2.0 6.767913873773068e-8 0.0
281 11.666898100947947 2.0 1.0 1.3424596545519307e-7 0.0
184 5.8370082815526985 3.0 3.0 5.211404641158879e-10 0.0
138 7.447439763873263 3.0 1.0 4.0946360968519e-8 0.0
392 4.888813889830999 2.0 2.0 4.802313924301416e-8 0.0
77 0.8748518534957839 3.0 3.0 1.8389800970908254e-7 0.0
236 4.495701574211125 3.0 3.0 8.763163350522518e-8 0.0
185 2.035778866189503 3.0 3.0 1.0033909347839653e-7 0.0
338 0.6944945954346622 3.0 1.0 2.3439770302502438e-7 0.0
78 4.708330108924201 1.0 3.0 1.2465534382499754e-7 0.0
237 3.873429379955269 2.0 1.0 1.9580511434469372e-8 0.0
339 1.0674486236221128 1.0 3.0 2.1514733816729859e-7 0.0
33 3.608777173622002 3.0 3.0 1.2792042980436236e-7 0.0
139 5.629946737193677 3.0 3.0 1.3656244846060872e-7 0.0
79 3.526058106248456 1.0 2.0 2.4213295546360314e-7 0.0
282 6.783711704929374 1.0 3.0 4.334651748649776e-9 0.0
186 1.972312919651813 3.0 2.0 2.2446874936576933e-7 0.0
238 0.851396128313354 1.0 2.0 1.5650948625989258e-7 0.0
80 0.5558295942464611 1.0 3.0 2.3228494683280587e-8 0.0
187 3.323007546929148 2.0 2.0 1.325452103628777e-7 0.0
34 10.510036597625003 1.0 3.0 4.150479071540758e-8 0.0
393 6.670492965158701 3.0 1.0 1.2026339391013607e-7 0.0
140 1.3211066909370857 3.0 2.0 7.368089427473024e-8 0.0
340 5.754438153879164 3.0 2.0 1.1414431355660781e-7 0.0
283 3.4760341788769438 3.0 3.0 2.723027137108147e-9 0.0
141 2.640152610194491 3.0 2.0 6.304162525339052e-8 0.0
239 0.9471969375554181 2.0 1.0 1.8356422515353188e-7 0.0
142 1.2060882083787874 2.0 3.0 8.645474736113101e-8 0.0
394 2.253274050204709 3.0 2.0 3.6948404158465564e-7 0.0
341 4.999942840240692 2.0 3.0 2.0907464204356074e-7 0.0
35 0.4586598306486849 3.0 2.0 1.8807440937962383e-8 0.0
81 1.3283914639523573 1.0 3.0 8.042297849897295e-8 0.0
395 0.33712680209100654 3.0 2.0 6.067784852348268e-8 0.0
143 5.856025121189305 1.0 2.0 4.394678398966789e-8 0.0
284 5.30486143390408 3.0 3.0 2.2248332243179902e-7 0.0
82 3.125484339379909 3.0 1.0 7.990456651896238e-8 0.0
36 6.0739518986501935 1.0 1.0 8.40464053908363e-8 0.0
240 3.0906880191960227 1.0 3.0 8.653751137899235e-8 0.0
144 2.6353094498972496 3.0 2.0 1.4351917343446985e-7 0.0
342 2.2009577964126947 3.0 3.0 3.581408236641437e-8 0.0
285 7.298474269937287 3.0 3.0 1.3732733350479975e-7 0.0
188 0.31069090550045075 3.0 3.0 1.6424746718257666e-7 0.0
189 1.2561926127928018 2.0 2.0 1.316711859544739e-7 0.0
396 1.1717031216448959 3.0 3.0 2.05713149625808e-7 0.0
83 1.4447891237141448 3.0 2.0 8.803181117400527e-8 0.0
145 4.842416511872216 3.0 3.0 1.557527866680175e-7 0.0
397 0.8531943027774105 2.0 3.0 6.827212928328663e-8 0.0
190 1.4269526844855136 3.0 3.0 1.4589386410079896e-7 0.0
241 3.345790250454229 3.0 3.0 6.467689672717825e-8 0.0
84 1.383704274196134 3.0 1.0 2.4499149731127545e-7 0.0
191 2.8981167061774613 3.0 1.0 1.784974301699549e-8 0.0
398 2.2797504691079666 2.0 2.0 1.1166321201017126e-7 0.0
286 2.821728424883986 2.0 1.0 2.4911059881560504e-8 0.0
85 1.6142392556357663 1.0 1.0 3.9835958887124434e-7 0.0
242 6.66938281122566 1.0 3.0 8.037386578507721e-8 0.0
192 4.948870704965884 3.0 2.0 7.981088856467977e-8 0.0
37 7.019696009498148 1.0 3.0 8.425831765634939e-8 0.0
86 3.3575824202816875 3.0 3.0 4.681351128965616e-8 0.0
287 1.8930869750638522 2.0 1.0 1.711669028736651e-8 0.0
343 5.528653805187787 1.0 2.0 1.7160255083581433e-7 0.0
193 6.140397515431687 3.0 1.0 8.867482392815873e-8 0.0
87 1.122722733012779 3.0 2.0 8.637198334326968e-8 0.0
38 1.6382585275914607 3.0 2.0 2.0134393707849085e-8 0.0
243 2.50204369965104 1.0 2.0 9.624454833101481e-8 0.0
146 8.195428793358587 3.0 1.0 1.4637498679803684e-7 0.0
194 0.9821498043493193 3.0 2.0 9.13569238036871e-8 0.0
288 1.0255190104944631 1.0 2.0 9.834548109211028e-8 0.0
399 2.1107187317702483 3.0 2.0 2.296801540069282e-7 0.0
289 0.8264208425098332 1.0 1.0 1.2451073416741565e-7 0.0
147 2.599872321345174 3.0 1.0 1.1793599696829915e-7 0.0
39 1.75995296084875 2.0 2.0 7.846210792195052e-8 0.0
290 2.8670545965997007 3.0 2.0 1.312546373810619e-7 0.0
400 2.369299454130669 3.0 2.0 2.1096002456033602e-7 0.0
344 2.5266319995680533 3.0 3.0 1.347425495623611e-7 0.0
244 3.791195590803909 2.0 3.0 8.705956133781001e-8 0.0
291 5.6992747440981475 2.0 2.0 5.4069460020400584e-8 0.0
148 1.3723752353089367 3.0 3.0 9.428003977518529e-8 0.0
245 9.349173153274023 2.0 3.0 2.842061803676188e-7 0.0
88 3.0409670066037506 1.0 1.0 2.9495822673197836e-8 0.0
40 4.427030673288755 3.0 3.0 2.1662344806827605e-8 0.0
41 4.138963045043056 3.0 1.0 2.7197165763936937e-7 0.0
195 4.308436835168322 3.0 2.0 1.2155396689195186e-8 0.0
149 2.452749497464538 3.0 1.0 1.2398231774568558e-8 0.0
292 2.3774798369686323 1.0 1.0 3.9208316593430936e-8 0.0
246 4.79905584458902 2.0 1.0 2.443721314193681e-8 0.0
89 0.08613041251192044 2.0 3.0 1.5521436580456793e-8 0.0
293 2.0088763499115885 1.0 1.0 1.4287525118561462e-7 0.0
196 7.3460215212853655 3.0 1.0 2.792512532323599e-8 0.0
345 2.053758511909109 3.0 2.0 2.3253051040228456e-8 0.0
247 2.836233677868222 2.0 2.0 3.95757524529472e-8 0.0
197 6.939314211871533 1.0 2.0 2.4265318643301725e-9 0.0
346 3.693590122155001 2.0 2.0 4.3631189328152686e-7 0.0
248 0.02578285348317877 3.0 3.0 9.11149982130155e-8 0.0
150 5.839472370955264 3.0 1.0 8.169536158675328e-8 0.0
90 3.157909618705162 3.0 2.0 1.2522923498181626e-7 0.0
347 0.6363595871043799 3.0 2.0 3.4663571568671614e-8 0.0
294 1.413160290929227 1.0 3.0 1.3563021639129147e-7 0.0
348 1.5797525732796203 3.0 1.0 2.056094672298059e-8 0.0
349 2.309262602846502 3.0 3.0 5.222682375460863e-8 0.0
249 3.2480191089216532 1.0 2.0 1.0116400517290458e-7 0.0
91 4.05733990292174 3.0 1.0 1.9456365407677367e-7 0.0
295 3.981693040317623 1.0 1.0 1.2958480510860682e-7 0.0
42 1.7619120899489644 3.0 3.0 8.371171134058386e-8 0.0
296 10.34713501436272 3.0 1.0 7.593371265102178e-8 0.0
198 3.9308203193650115 2.0 3.0 1.7344518710160628e-7 0.0
250 5.888514416792532 1.0 3.0 1.8149876268580556e-8 0.0
350 6.806466782372809 1.0 2.0 1.6861122276168317e-7 0.0
199 2.4067107076989487 3.0 1.0 3.1962736102286726e-7 0.0
297 3.65969236615274 2.0 2.0 7.784365152474493e-8 0.0
92 4.495567476871656 2.0 3.0 1.2212603905936703e-7 0.0
298 0.2107968629043171 3.0 2.0 2.2062886273488402e-7 0.0
299 3.8880569149951043 1.0 3.0 7.030666893115267e-8 0.0
200 1.2903052807614586 3.0 3.0 2.3258689907379448e-7 0.0
43 0.1580820129638596 1.0 1.0 1.67474354384467e-8 0.0
93 2.2493881075279205 2.0 1.0 7.06550054019317e-8 0.0
300 0.9536573702571332 1.0 3.0 6.635582394665107e-8 0.0
44 2.78783718845807 3.0 1.0 2.2589847503695637e-7 0.0
94 2.7364235156328505 1.0 2.0 3.2608113542664796e-8 0.0
95 2.1685673426036374 3.0 2.0 1.681228241068311e-7 0.0
45 5.221488918979958 3.0 2.0 3.800960257649422e-8 0.0
46 3.370785183404223 3.0 1.0 1.2357304512988776e-8 0.0
96 6.61060106122568 2.0 1.0 1.854450601967983e-7 0.0
47 0.695836182560015 1.0 2.0 1.4288070815382525e-7 0.0
97 0.335595429978639 3.0 1.0 2.0332663552835584e-8 0.0
48 0.9363957283385389 2.0 2.0 1.7020829545799643e-7 0.0
49 3.5792824567306525 2.0 2.0 1.4698343875352293e-8 0.0
98 0.14261248371985857 3.0 3.0 5.4206793720368296e-8 0.0
99 1.3356929088913603 1.0 3.0 1.4006855053594336e-7 0.0
50 1.4099658657305554 1.0 3.0 5.919082468608394e-8 0.0
100 4.398978551185792 2.0 3.0 2.2925632947590202e-8 0.0
