201 2.121786532645274 2.0 3.0 2.7321220841258764e-9 0.0
281 11.652234955627137 1.0 1.0 5.307811079546809e-9 0.0
1 0.7668999802372127 2.0 3.0 8.54306563269347e-8 0.0
361 8.223673497392156 1.0 1.0 5.461151886265725e-8 0.0
161 0.48095134927098115 1.0 1.0 2.280103217344731e-9 0.0
121 8.739780751726357 1.0 1.0 1.9672370399348438e-9 0.0
321 1.2450953088664392 1.0 2.0 1.3603312254417688e-8 0.0
162 6.321987846396951 1.0 1.0 1.2351847544778138e-8 0.0
362 4.8182220290782425 1.0 1.0 1.3169483281672001e-8 0.0
81 5.4884682045103546 1.0 2.0 1.206353772431612e-8 0.0
41 3.248553001891196 1.0 2.0 1.1378415365470573e-7 0.0
2 9.1361436875668 1.0 3.0 4.992216418031603e-9 0.0
122 2.4920974922497408 1.0 2.0 1.757325662765652e-8 0.0
82 1.4208278481128218 1.0 1.0 3.4095137380063534e-8 0.0
202 2.3357997501425416 2.0 3.0 9.69066604739055e-9 0.0
241 1.415828124330801 3.0 3.0 1.1114025255665183e-9 0.0
163 4.399677086383235 1.0 1.0 5.4324118536897e-9 0.0
123 1.1196765018485166 1.0 2.0 1.1785232345573604e-8 0.0
322 7.128953385003115 1.0 3.0 1.9553226593416184e-8 0.0
83 1.8633807444875856 1.0 2.0 1.407897798344493e-9 0.0
363 6.934760111023934 1.0 3.0 3.437708073761314e-8 0.0
323 1.2474248913458723 2.0 2.0 1.4651959645561874e-9 0.0
203 1.4472565410487732 2.0 2.0 1.2605596566572785e-9 0.0
164 7.154375893062024 1.0 1.0 2.0836523617617786e-9 0.0
242 8.28156366836447 3.0 1.0 2.5376721168868244e-8 0.0
324 2.127007145289099 2.0 3.0 2.511114871595055e-9 0.0
364 0.3036630005826737 2.0 3.0 9.933501132763922e-9 0.0
325 0.9451335620233294 2.0 3.0 3.3305695978924632e-9 0.0
204 5.586574073789961 3.0 1.0 4.981302481610328e-9 0.0
84 3.0237127477612376 1.0 2.0 1.3533281162381172e-9 0.0
3 0.5295762392452161 1.0 2.0 3.246896085329354e-8 0.0
326 0.627452689483107 1.0 2.0 1.2086275091860443e-8 0.0
205 1.103305605782225 1.0 1.0 3.067725629080087e-9 0.0
4 4.380588785455984 1.0 2.0 1.2531927495729178e-8 0.0
327 3.8093708015676384 1.0 2.0 8.774804882705212e-9 0.0
85 1.6028033156180754 1.0 3.0 2.4317159841302782e-8 0.0
42 1.7776593645539833 2.0 2.0 1.3397766451817006e-8 0.0
165 1.0017777668526833 2.0 3.0 3.6707206163555384e-9 0.0
86 4.778819242797908 1.0 3.0 4.6202330850064754e-10 0.0
206 5.19954948306804 2.0 3.0 1.2995769793633372e-8 0.0
365 2.128222921066481 3.0 2.0 1.3000317267142236e-8 0.0
87 0.7952518733836769 1.0 1.0 5.6206772569566965e-9 0.0
243 2.264303255949926 1.0 3.0 4.773028194904327e-9 0.0
207 1.1903470160759753 2.0 1.0 3.6170604289509356e-9 0.0
5 5.90638070310888 1.0 3.0 2.763954398687929e-9 0.0
282 2.954119266476482 1.0 3.0 3.696004569064826e-8 0.0
124 4.899075857860225 1.0 1.0 7.038943294901401e-8 0.0
366 3.2653844526885223 1.0 1.0 2.1795131033286452e-8 0.0
283 4.489010543238692 1.0 2.0 6.7993823904544115e-9 0.0
328 3.876941733304193 1.0 1.0 2.1516825654543936e-8 0.0
208 0.7382271915612364 1.0 1.0 1.3542376109398901e-8 0.0
244 6.187953916434708 1.0 2.0 6.220943760126829e-10 0.0
166 1.833423034138832 1.0 2.0 2.0099832909181714e-9 0.0
43 2.0546932379875216 3.0 2.0 3.98813426727429e-8 0.0
367 0.21023096435419575 1.0 1.0 2.1582309273071587e-9 0.0
329 1.0054727417245886 1.0 3.0 1.1132215149700642e-9 0.0
368 4.019429838186625 2.0 2.0 2.4042492441367358e-8 0.0
167 2.4314412448511575 1.0 2.0 3.396053216420114e-9 0.0
369 4.4063184202423145 2.0 2.0 3.188324626535177e-8 0.0
209 1.9114709093282727 1.0 2.0 2.7466739993542433e-9 0.0
245 10.272568973839952 1.0 1.0 2.9911461751908064e-8 0.0
125 1.3401746240560897 1.0 2.0 4.789762897416949e-8 0.0
330 3.868999233785871 2.0 3.0 4.473440640140325e-8 0.0
44 2.862213745225745 1.0 1.0 1.5198565961327404e-8 0.0
88 5.183093520221519 2.0 2.0 4.347384674474597e-10 0.0
210 4.351600427602534 2.0 1.0 7.793914846843109e-8 0.0
45 6.072270717326319 1.0 2.0 2.6693669497035444e-9 0.0
246 3.126236337953742 1.0 1.0 3.168679540976882e-9 0.0
126 2.7651041615663416 1.0 2.0 1.550142769701779e-8 0.0
370 8.29695970729881 3.0 1.0 6.0135789681226015e-9 0.0
46 3.0318582602922106 2.0 1.0 4.527464625425637e-9 0.0
371 1.8408058819295547 1.0 2.0 6.638038030359894e-8 0.0
284 0.8460074312297365 1.0 1.0 1.812622940633446e-9 0.0
127 2.3514797339812503 1.0 1.0 1.710759534034878e-8 0.0
372 0.17573738097053138 2.0 3.0 3.434251993894577e-8 0.0
331 1.8021727574596298 2.0 3.0 6.079972081352025e-9 0.0
168 4.116986793333126 1.0 2.0 2.7142050385009497e-8 0.0
47 0.34655860549901263 2.0 1.0 3.2241587177850306e-9 0.0
211 3.350135226830389 3.0 1.0 2.1874257072340697e-8 0.0
48 1.4109104786784883 2.0 1.0 5.629772203974426e-9 0.0
332 1.2189483183101402 2.0 1.0 4.551111487671733e-9 0.0
285 3.17371970851309 1.0 2.0 4.709636414190754e-8 0.0
373 3.1382421787548083 2.0 3.0 2.845354174496606e-8 0.0
169 2.589385359406151 3.0 3.0 1.911757863126695e-9 0.0
128 0.41425078053725883 2.0 2.0 5.7098077377304435e-9 0.0
374 2.0216839601180254 2.0 3.0 4.077264748048037e-9 0.0
49 3.619219372227235 1.0 2.0 3.6452547647058964e-9 0.0
333 3.1449757459504326 1.0 3.0 5.940819391980767e-9 0.0
6 8.21563871836588 2.0 2.0 2.825800038408488e-9 0.0
286 5.987865634926493 1.0 3.0 5.5237251217477024e-8 0.0
334 2.482210218320688 2.0 3.0 7.571543392259628e-9 0.0
212 3.661766000861462 1.0 1.0 1.6434569261036813e-9 0.0
247 1.0486572621957748 1.0 1.0 3.091645339736715e-8 0.0
170 1.5576792700503574 1.0 2.0 2.9440343496389687e-8 0.0
89 0.9633641197997349 2.0 1.0 1.892749423859641e-8 0.0
287 1.8288441090826382 2.0 2.0 3.4217009670101106e-8 0.0
129 1.5794770320298994 1.0 1.0 6.274240149650723e-8 0.0
375 6.212349491745044 3.0 2.0 9.243103704648092e-8 0.0
50 3.43230948420387 1.0 2.0 5.0978997023776174e-8 0.0
171 1.7353232038512942 1.0 1.0 2.510205376893282e-9 0.0
248 0.20571358039705956 1.0 3.0 1.647731551202014e-8 0.0
376 0.7506275412051764 1.0 3.0 6.448317435570061e-10 0.0
7 5.743765394236107 1.0 1.0 1.732769305817783e-8 0.0
172 5.556442256744049 1.0 3.0 1.1355950846336782e-8 0.0
213 1.6591490051960136 2.0 2.0 1.1735210136976093e-8 0.0
130 0.4279465489798895 3.0 2.0 1.202624844154343e-8 0.0
51 2.2279729782312643 1.0 1.0 9.219547791872174e-9 0.0
288 3.5680813066865085 1.0 3.0 3.575223672669381e-9 0.0
8 0.9544313132773823 1.0 1.0 4.743014869745821e-9 0.0
249 4.934667733832612 1.0 2.0 6.172831490403041e-8 0.0
214 2.2807315274476423 2.0 3.0 2.220167516497895e-8 0.0
173 4.22431226144181 3.0 1.0 1.0074472811538726e-8 0.0
289 1.4636709815713402 2.0 1.0 3.6651726986747235e-8 0.0
377 0.018852629409593646 1.0 2.0 2.4334440240636468e-8 0.0
174 7.756084436103265 2.0 2.0 6.666596163995564e-9 0.0
335 1.1495984822231549 1.0 2.0 2.6027009880635887e-8 0.0
378 3.6819369686400023 2.0 2.0 7.648850441910326e-9 0.0
52 4.167441043930012 1.0 1.0 1.311036612605676e-8 0.0
336 1.7857457173213334 1.0 1.0 2.392880560364574e-9 0.0
131 0.982158851929853 1.0 3.0 5.911715561524034e-10 0.0
337 0.40021615893783746 1.0 1.0 1.69893610291183e-9 0.0
9 5.0134566655524395 1.0 1.0 1.8518221622798592e-8 0.0
175 5.674689614616 2.0 1.0 3.6789060686714947e-9 0.0
250 3.6758254845335614 1.0 3.0 5.3057192417327315e-8 0.0
10 3.2278129045407695 1.0 1.0 1.3758835848420858e-8 0.0
379 1.7161796077998588 1.0 1.0 8.92669049790129e-9 0.0
132 0.826084879834525 1.0 3.0 5.805304681416601e-9 0.0
90 2.572722063112451 2.0 2.0 1.020907802740112e-8 0.0
251 1.0738239022994094 1.0 3.0 3.611603460740298e-9 0.0
53 3.7549239971267525 2.0 3.0 1.0891199053730816e-8 0.0
176 0.5532941057099379 1.0 3.0 5.868059815838933e-9 0.0
11 1.6037877813450905 1.0 2.0 1.5774276107549667e-8 0.0
290 4.899897432163925 1.0 1.0 5.816582415718585e-8 0.0
380 2.4303443720546056 1.0 1.0 6.5599124354776e-8 0.0
215 8.221385912649566 1.0 2.0 3.438890416873619e-8 0.0
91 3.8060628906296188 1.0 2.0 2.422893885523081e-9 0.0
12 6.561010861061732 1.0 2.0 1.6416379367001355e-9 0.0
338 4.382776270893373 3.0 1.0 1.0249095794279128e-8 0.0
133 3.1792581390127452 1.0 3.0 1.3663338904734701e-8 0.0
291 5.584698713102625 1.0 2.0 1.9631443137768656e-8 0.0
339 1.0218242059127078 3.0 1.0 4.8510628403164446e-8 0.0
216 2.9398166016453615 1.0 1.0 3.9608494262211025e-9 0.0
381 1.975786995200906 1.0 3.0 1.4606484910473228e-8 0.0
252 0.45091275107188267 2.0 1.0 1.1287738743703812e-8 0.0
134 0.3617693760061229 1.0 3.0 1.14796421257779e-8 0.0
382 1.3057516404896887 2.0 2.0 1.609805622138083e-10 0.0
92 3.3900642154312663 3.0 2.0 1.2950295058544725e-8 0.0
217 0.09501173102034954 1.0 2.0 4.045432433485985e-9 0.0
54 5.3824251617279515 1.0 3.0 1.487751433160156e-8 0.0
253 2.017645133220867 2.0 2.0 1.4484612620435655e-8 0.0
340 4.858233192562693 1.0 3.0 5.439233063952997e-8 0.0
177 7.999575077055852 1.0 1.0 9.528775990474969e-9 0.0
292 0.5451214633085328 1.0 2.0 4.2176907300017774e-8 0.0
13 2.241323469879717 1.0 3.0 1.507578417658806e-8 0.0
218 0.846190372678393 2.0 2.0 5.456968210637569e-10 0.0
293 1.905232906123274 2.0 1.0 1.0557414498180151e-8 0.0
93 2.115897115852931 2.0 3.0 4.985849955119193e-9 0.0
383 0.6832591710099223 3.0 1.0 5.338733899407089e-10 0.0
135 1.129375433700261 1.0 1.0 9.075847628992051e-9 0.0
14 8.666232776578909 1.0 2.0 1.6379999578930438e-9 0.0
178 3.083105882806194 1.0 3.0 4.706635081674904e-9 0.0
384 4.63182863529255 1.0 2.0 9.869836503639817e-9 0.0
341 7.537802473505508 1.0 2.0 9.80253389570862e-9 0.0
219 0.5369237303166301 3.0 3.0 8.73624230735004e-8 0.0
94 1.6837261615492025 1.0 3.0 1.0594703780952841e-8 0.0
55 2.3935247253593843 1.0 2.0 1.2730197340715677e-8 0.0
136 2.793344484301997 1.0 2.0 6.400205165846273e-8 0.0
294 1.215454256216617 3.0 1.0 7.487324182875454e-8 0.0
385 5.448749075008891 1.0 3.0 2.0318111637607217e-9 0.0
95 1.8936505438359745 1.0 1.0 1.7857928469311446e-8 0.0
179 0.4059123151091626 3.0 2.0 1.9556864572223276e-8 0.0
15 0.5219325819616643 1.0 3.0 7.398739398922771e-9 0.0
220 1.3238647771304386 3.0 2.0 4.1372913983650506e-9 0.0
295 2.080494819863816 1.0 1.0 5.332549335435033e-8 0.0
386 2.6065451890990516 3.0 2.0 1.6880221664905548e-9 0.0
96 5.054100641671539 1.0 2.0 1.3123099051881582e-8 0.0
137 0.7515160634575295 1.0 2.0 2.1091182134114206e-9 0.0
387 0.0016929284611251205 2.0 2.0 2.1748746803496033e-8 0.0
16 1.750170350944245 1.0 1.0 9.081304597202688e-9 0.0
342 2.8007705436666583 2.0 2.0 3.8719917938578874e-8 0.0
180 3.78221766432398 1.0 1.0 5.140555003890768e-8 0.0
97 0.2295382796855847 1.0 3.0 1.1586053005885333e-8 0.0
56 2.6543550792557653 3.0 3.0 3.6698111216537654e-9 0.0
17 1.833425299029841 1.0 1.0 1.888111000880599e-9 0.0
296 2.34819145968504 3.0 2.0 5.7480065152049065e-9 0.0
181 4.216412196696183 1.0 3.0 2.346496330574155e-9 0.0
254 6.045145439133194 2.0 2.0 8.287497621495277e-8 0.0
18 6.664077903786165 2.0 2.0 2.0827428670600057e-9 0.0
297 3.525943315553377 1.0 1.0 4.782123141922057e-9 0.0
138 5.598885312318089 1.0 1.0 2.6107954909093678e-8 0.0
98 0.14156531556363916 2.0 2.0 2.5784174795262516e-9 0.0
298 1.077794178345357 2.0 3.0 2.2317180992104113e-8 0.0
19 0.48329595739960496 1.0 2.0 3.356035449542105e-9 0.0
20 1.3916600849388487 2.0 2.0 5.174115358386189e-9 0.0
388 1.7774725088420382 2.0 3.0 3.22888809023425e-8 0.0
221 3.731200071368221 1.0 2.0 1.2905729818157852e-9 0.0
255 6.307469574485367 3.0 3.0 6.028312782291323e-8 0.0
139 6.768860938453145 1.0 1.0 1.5734258340671659e-9 0.0
222 0.304131535534907 2.0 3.0 1.25883161672391e-8 0.0
182 2.6165052850319626 1.0 1.0 2.9308466764632612e-8 0.0
99 1.4734675709914882 2.0 1.0 1.1105839803349227e-8 0.0
343 6.058479926272412 2.0 3.0 5.349647835828364e-9 0.0
299 8.377559360571468 1.0 2.0 3.3300239010713995e-8 0.0
389 4.838627906787224 3.0 2.0 2.2747371986042708e-8 0.0
21 3.219312354169233 1.0 2.0 1.7463207768741995e-8 0.0
100 5.575904828538114 1.0 1.0 7.87986209616065e-9 0.0
183 4.867863501523971 1.0 1.0 4.6957211452536285e-9 0.0
256 1.911947785594748 1.0 1.0 4.119101504329592e-9 0.0
140 1.5287957568816637 2.0 1.0 6.572918209712952e-9 0.0
390 0.7722984822066792 2.0 2.0 3.534296411089599e-9 0.0
223 7.545097052112396 2.0 3.0 2.0752850105054677e-8 0.0
22 0.013580839746282436 1.0 3.0 6.611116987187415e-9 0.0
391 5.01594300684701 1.0 1.0 4.7674802772235125e-8 0.0
23 1.1379063021595357 3.0 3.0 1.0595613275654614e-9 0.0
57 0.06349461062745831 2.0 3.0 4.602043190971017e-9 0.0
101 1.3677380738663487 1.0 1.0 1.4470060705207288e-9 0.0
257 2.658736290954039 1.0 2.0 1.3105818652547896e-8 0.0
24 3.7033923456092452 3.0 2.0 4.813955456484109e-9 0.0
300 3.462182073340955 3.0 2.0 1.165062712971121e-8 0.0
344 2.459668058223542 1.0 2.0 1.1832526070065796e-9 0.0
392 3.4708528467999713 1.0 3.0 1.4795659808441997e-8 0.0
258 0.9235883030178229 2.0 3.0 1.2295458873268217e-8 0.0
58 0.8885363029421569 1.0 1.0 2.9622242436744273e-9 0.0
102 3.1284164207936556 1.0 2.0 1.4213583199307323e-8 0.0
184 3.9874442444379383 2.0 3.0 1.902662916108966e-9 0.0
141 1.1179455411638628 1.0 3.0 1.5133991837501526e-9 0.0
224 5.2214547845724155 1.0 2.0 5.067067831987515e-8 0.0
301 1.2138907918870245 2.0 2.0 2.916749508585781e-9 0.0
25 7.347454031752932 3.0 1.0 6.046957423677668e-8 0.0
185 1.9282499994133104 1.0 3.0 1.5261321095749736e-9 0.0
103 2.7027015533640224 1.0 2.0 4.2509782360866666e-9 0.0
142 0.6641751615461544 1.0 3.0 2.330125425942242e-9 0.0
186 0.4325819394343853 1.0 1.0 1.153239281848073e-9 0.0
302 18.516470945405672 1.0 1.0 2.1730556909460574e-8 0.0
225 2.5351399785631656 1.0 1.0 2.0610059436876327e-8 0.0
393 4.67308418122775 1.0 3.0 3.2414391171187162e-9 0.0
26 3.366564690681116 1.0 1.0 9.276845958083868e-10 0.0
143 6.066413584041584 2.0 2.0 1.4551915228366852e-10 0.0
259 2.1404527397517086 3.0 3.0 4.610228643286973e-9 0.0
59 4.214322467141756 1.0 1.0 4.302000888856128e-8 0.0
187 2.8363520167076786 1.0 1.0 8.025381248444319e-9 0.0
27 1.012801441924239 1.0 1.0 6.825484888395295e-8 0.0
226 3.9140219793880533 2.0 3.0 6.044501787982881e-9 0.0
345 1.330330397335274 1.0 1.0 7.039488991722465e-10 0.0
104 0.9381761054482922 1.0 2.0 6.122718332335353e-9 0.0
346 2.6753007060851814 2.0 1.0 2.3374013835564256e-9 0.0
394 4.232832202726058 1.0 2.0 1.016906026052311e-8 0.0
227 0.6165359850638197 2.0 2.0 1.3663338904734701e-8 0.0
395 1.7253757977268833 2.0 3.0 6.2045728554949164e-9 0.0
260 0.45370365448434313 1.0 2.0 9.228642738889903e-9 0.0
144 8.43238145209034 2.0 1.0 1.0502844816073775e-8 0.0
105 2.1310830917682324 1.0 1.0 2.687556843739003e-9 0.0
28 0.7060002421530953 1.0 1.0 6.027767085470259e-8 0.0
303 2.2716696591069194 2.0 3.0 4.81122697237879e-9 0.0
396 1.4561890448494523 1.0 1.0 2.9303919291123748e-9 0.0
347 1.5643797966295097 1.0 2.0 6.003574526403099e-9 0.0
228 2.731887710848241 1.0 2.0 3.386048774700612e-9 0.0
145 6.0599465344002965 1.0 1.0 2.5564077077433467e-8 0.0
188 3.3323302208700625 2.0 2.0 1.5640580386389047e-8 0.0
348 1.811224989243783 2.0 3.0 4.2764440877363086e-9 0.0
60 3.4325687346208724 2.0 1.0 2.2161657398100942e-8 0.0
189 2.846754284824783 1.0 1.0 3.4015101846307516e-9 0.0
229 3.7421988316855277 1.0 1.0 9.002178558148444e-9 0.0
397 0.22394748075203097 1.0 3.0 5.473339115269482e-9 0.0
29 2.1689046478277305 1.0 3.0 4.627509042620659e-9 0.0
304 2.8159479741843825 2.0 3.0 5.581387085840106e-8 0.0
106 0.16807688286644407 1.0 1.0 1.083026290871203e-8 0.0
190 1.1022225315155083 1.0 3.0 7.277776603586972e-9 0.0
30 5.161346102497191 1.0 2.0 9.89530235528946e-10 0.0
61 3.417641711916076 1.0 3.0 2.6184352464042604e-9 0.0
349 2.75140454295979 2.0 3.0 1.2590135156642646e-8 0.0
107 0.5388176899850805 1.0 1.0 6.939444574527442e-10 0.0
62 2.649507618669304 1.0 3.0 2.2302629076875746e-8 0.0
398 4.441032296146659 1.0 1.0 4.31100488640368e-9 0.0
261 6.51490845799708 3.0 3.0 1.6677404346410185e-8 0.0
191 1.147005134191204 1.0 1.0 1.4852957974653691e-8 0.0
31 1.9702016223491228 1.0 2.0 2.0236257114447653e-9 0.0
230 0.9246149529626564 1.0 1.0 7.4214767664670944e-9 0.0
63 2.8958593160459714 3.0 2.0 8.640199666842818e-11 0.0
350 8.828055202666292 2.0 3.0 9.368704922962934e-9 0.0
192 4.087936529043873 3.0 2.0 8.776623872108757e-9 0.0
108 2.3572449237908586 1.0 1.0 1.2305463314987719e-8 0.0
305 5.133240873592513 2.0 3.0 1.99524947674945e-8 0.0
231 3.9967978020486044 1.0 1.0 4.0490704122930765e-9 0.0
351 1.382562593644252 2.0 1.0 3.7962308852002025e-9 0.0
193 4.646170658741539 1.0 1.0 6.500158633571118e-9 0.0
32 3.397338288667015 1.0 1.0 2.6469933800399303e-8 0.0
64 1.3453434697385092 1.0 3.0 3.082641342189163e-8 0.0
109 4.627647863926541 1.0 3.0 3.98176780436188e-9 0.0
399 4.324607581314922 3.0 3.0 6.622576620429754e-8 0.0
194 0.7162034861630673 1.0 3.0 2.7275746106170118e-9 0.0
306 1.250829694687127 2.0 3.0 4.206412995699793e-9 0.0
146 1.3549057156324125 1.0 1.0 7.174094207584858e-9 0.0
33 4.471690897555163 2.0 3.0 7.058679329929873e-8 0.0
352 2.8402546201214136 1.0 1.0 2.338128979317844e-8 0.0
65 5.452143809505287 1.0 3.0 8.581992005929351e-9 0.0
400 1.2412438464143634 3.0 3.0 2.939486876130104e-9 0.0
66 5.476984625687692 1.0 2.0 8.44192982185632e-9 0.0
262 2.249502455300899 1.0 1.0 3.5045559343416244e-8 0.0
34 4.280740319709366 1.0 2.0 1.419721229467541e-9 0.0
307 2.514517633944706 1.0 3.0 4.386492946650833e-9 0.0
263 3.6893827148633136 2.0 1.0 1.395164872519672e-9 0.0
147 1.956165619629246 1.0 2.0 4.905814421363175e-9 0.0
67 0.8904175432617194 1.0 3.0 5.415131454356015e-9 0.0
110 2.461827175686267 1.0 3.0 2.9867806006222963e-9 0.0
232 6.790725174176259 2.0 3.0 6.160917109809816e-9 0.0
308 0.8739326729901222 1.0 3.0 7.266862667165697e-9 0.0
195 3.7224242787960975 3.0 2.0 2.475735527696088e-8 0.0
35 2.2606496189873724 2.0 3.0 8.368260751012713e-9 0.0
111 4.267540202286909 2.0 3.0 8.731149137020111e-10 0.0
353 3.997881157367374 3.0 1.0 1.6531885194126517e-8 0.0
233 7.538363291085261 1.0 1.0 1.4169927453622222e-9 0.0
309 2.4493445913030882 2.0 3.0 1.760781742632389e-9 0.0
264 1.7686073857239535 1.0 3.0 8.014740160433576e-8 0.0
68 3.479492532007498 3.0 3.0 7.848939276300371e-10 0.0
112 1.7495526486891322 2.0 2.0 1.5332261682488024e-8 0.0
354 0.4748423642140551 1.0 2.0 6.465597834903747e-9 0.0
196 6.870169872092447 1.0 2.0 5.305992090143263e-9 0.0
234 2.8834890297093807 1.0 2.0 3.02261469187215e-8 0.0
355 3.140450604567377 2.0 2.0 2.807792043313384e-8 0.0
148 1.5065917602678383 1.0 1.0 3.0166120268404484e-8 0.0
69 3.769691026131113 2.0 2.0 6.5074345911853015e-9 0.0
310 4.280817981742075 1.0 1.0 7.329617801588029e-9 0.0
113 2.7921953273289546 2.0 1.0 4.9171831051353365e-8 0.0
356 6.284376215482553 2.0 2.0 5.110268830321729e-8 0.0
114 3.367487637917293 3.0 3.0 3.1886884244158864e-9 0.0
149 2.297960530639102 2.0 2.0 1.0586518328636885e-9 0.0
265 1.156188595618005 2.0 1.0 5.142283043824136e-9 0.0
311 0.7733009297589888 1.0 2.0 3.2396201277151704e-9 0.0
70 1.1804820418001327 2.0 1.0 3.1768649932928383e-9 0.0
235 8.804496202978044 2.0 1.0 5.231049726717174e-8 0.0
115 1.9083237621453009 2.0 1.0 2.063643478322774e-9 0.0
312 1.139483595312413 2.0 2.0 2.6702764444053173e-9 0.0
197 1.2554477344183397 1.0 3.0 1.5727891877759248e-8 0.0
150 3.11187594365947 1.0 2.0 4.7593857743777335e-9 0.0
151 1.2359119953289337 1.0 1.0 3.59978002961725e-9 0.0
236 3.6018603932243423 2.0 1.0 4.451067070476711e-9 0.0
152 1.62478252076653 1.0 3.0 1.3089447747915983e-8 0.0
266 0.6506040429831046 1.0 2.0 2.3380380298476666e-8 0.0
116 1.2659760949245538 1.0 3.0 6.530171958729625e-10 0.0
153 1.2000330660139298 2.0 2.0 9.00399754755199e-10 0.0
313 7.536249720800697 1.0 2.0 3.787135938182473e-9 0.0
357 5.972779488007291 2.0 1.0 7.410562830045819e-9 0.0
267 3.599948833247254 3.0 1.0 1.7125785234384239e-9 0.0
198 0.0723931692809856 3.0 2.0 1.3472345017362386e-8 0.0
154 1.8162855023092561 1.0 1.0 1.3342287275008857e-9 0.0
314 2.377610085557535 1.0 1.0 2.3865140974521637e-9 0.0
199 2.225685553657968 1.0 2.0 3.889908839482814e-9 0.0
237 9.657293847241817 1.0 3.0 7.889138942118734e-8 0.0
155 1.250647598049909 1.0 1.0 1.6962076188065112e-9 0.0
268 9.257814298982339 1.0 3.0 1.914850145112723e-8 0.0
71 5.877229629808426 2.0 2.0 1.5860678104218096e-8 0.0
156 0.055156378522951854 3.0 1.0 8.412825991399586e-10 0.0
358 7.099065735859767 1.0 1.0 3.638524503912777e-8 0.0
72 2.360421438474077 2.0 1.0 4.855610313825309e-8 0.0
200 0.719851829297113 2.0 1.0 3.229251888114959e-8 0.0
73 7.59807545851254 1.0 1.0 3.372133505763486e-8 0.0
238 0.1415091834805935 3.0 2.0 3.4879121812991798e-9 0.0
117 5.924328946335663 2.0 2.0 2.840351953636855e-8 0.0
315 7.023398867735523 1.0 1.0 6.305162969511002e-8 0.0
359 1.4836170943508478 1.0 2.0 1.3670614862348884e-8 0.0
74 0.9209001424151211 1.0 1.0 3.446984919719398e-10 0.0
316 6.36068544448608 1.0 1.0 5.8564182836562395e-8 0.0
118 1.5431336286928854 3.0 3.0 2.991328074131161e-9 0.0
157 0.4248436393754673 1.0 3.0 2.8333488444332033e-8 0.0
119 1.3252474738801538 1.0 3.0 2.043361746473238e-8 0.0
239 2.241203581685113 3.0 3.0 7.107701094355434e-9 0.0
75 4.680874602025142 1.0 1.0 5.606852937489748e-8 0.0
120 2.8759113919586525 2.0 2.0 2.3283064365386963e-10 0.0
317 1.0467583903282502 2.0 2.0 5.4178599384613335e-9 0.0
318 2.343111672114901 2.0 1.0 4.9650225264485925e-8 0.0
36 5.881014196806063 1.0 2.0 6.744812708348036e-9 0.0
76 1.0808709141801955 1.0 3.0 1.6907506505958736e-9 0.0
360 1.1246692493095907 2.0 3.0 1.6698322724550962e-9 0.0
240 4.135269989617882 2.0 1.0 5.229594535194337e-10 0.0
269 2.72050813172973 2.0 1.0 7.881681085564196e-9 0.0
77 0.4052082753241848 1.0 3.0 6.270056474022567e-9 0.0
37 4.3456880818157515 1.0 3.0 7.325616024900228e-8 0.0
319 2.9148610373649717 2.0 1.0 9.499672160018235e-9 0.0
270 4.047748157390743 1.0 2.0 1.6916601452976465e-9 0.0
78 4.523294039208849 2.0 1.0 2.9631337383762e-9 0.0
38 2.387468282415284 3.0 1.0 1.1641532182693481e-9 0.0
158 4.149778382105069 2.0 2.0 3.688001015689224e-9 0.0
271 0.5528075032016204 2.0 2.0 1.5823388821445405e-8 0.0
79 3.6169090176481404 1.0 1.0 4.846606316277757e-8 0.0
320 2.663096568787296 3.0 2.0 3.8642610888928175e-8 0.0
159 5.326585749859078 2.0 2.0 2.4436303647235036e-8 0.0
272 4.037417000039568 1.0 1.0 4.190314939478412e-8 0.0
80 2.0779901466175943 1.0 3.0 5.356014298740774e-9 0.0
160 8.016652802323733 3.0 2.0 4.9066329665947706e-8 0.0
39 4.236088096569802 3.0 2.0 1.1976226232945919e-8 0.0
273 0.32377964052830066 2.0 2.0 1.3624230632558465e-9 0.0
274 0.6522619281022344 2.0 2.0 4.057255864609033e-9 0.0
275 3.3799892527022166 3.0 1.0 6.851132638985291e-8 0.0
40 2.8382249424466863 1.0 2.0 4.294633981771767e-8 0.0
276 10.516666863573846 3.0 1.0 7.283142622327432e-8 0.0
277 0.8767159690742119 1.0 2.0 1.849275577114895e-8 0.0
278 1.1539441935692594 2.0 2.0 5.719812179449946e-9 0.0
279 2.1247507375028363 2.0 2.0 3.597051545511931e-8 0.0
280 2.530911227760953 1.0 2.0 9.358700481243432e-9 0.0
