251 NaN NaN NaN NaN 1.0
1 NaN NaN NaN NaN 1.0
151 NaN NaN NaN NaN 1.0
101 NaN NaN NaN NaN 1.0
152 NaN NaN NaN NaN 1.0
351 1.3825664112919185 1.0 1.0 2.7293936000205576e-9 0.0
352 NaN NaN NaN NaN 1.0
353 NaN NaN NaN NaN 1.0
153 1.2011511223699927 3.0 2.0 6.411937647499144e-10 0.0
154 NaN NaN NaN NaN 1.0
155 NaN NaN NaN NaN 1.0
201 1.957166583802973 2.0 2.0 2.8939211915712804e-8 0.0
102 3.1284185480562883 1.0 2.0 1.1114934750366956e-8 0.0
301 1.2138881754981412 2.0 2.0 4.005414666607976e-9 0.0
302 NaN NaN NaN NaN 1.0
51 2.2279741513266345 2.0 1.0 1.0356416169088334e-8 0.0
156 0.05515633556024113 1.0 1.0 1.2832970242016017e-9 0.0
354 0.47484763726424717 1.0 2.0 6.76482159178704e-9 0.0
355 3.1404517461523938 2.0 2.0 2.5812369131017476e-8 0.0
2 9.136180995581526 1.0 3.0 3.735294740181416e-9 0.0
252 0.4509174563627312 2.0 1.0 1.201988197863102e-8 0.0
253 NaN NaN NaN NaN 1.0
254 NaN NaN NaN NaN 1.0
255 NaN NaN NaN NaN 1.0
256 NaN NaN NaN NaN 1.0
257 NaN NaN NaN NaN 1.0
258 NaN NaN NaN NaN 1.0
103 2.7027085131630884 1.0 2.0 4.155481292400509e-9 0.0
356 6.2843768382845155 2.0 2.0 5.4610609367955476e-8 0.0
52 4.1674449921738415 1.0 1.0 1.2087184586562216e-8 0.0
202 2.437757217881881 2.0 1.0 9.336872608400881e-9 0.0
157 0.42484345332377416 3.0 3.0 2.8968315746169537e-8 0.0
104 0.9381707194625051 1.0 2.0 6.483787728939205e-9 0.0
259 2.1404546256580943 3.0 3.0 4.306457412894815e-9 0.0
260 NaN NaN NaN NaN 1.0
261 NaN NaN NaN NaN 1.0
262 NaN NaN NaN NaN 1.0
263 NaN NaN NaN NaN 1.0
203 1.3297346714243758 2.0 2.0 1.5161276678554714e-9 0.0
204 NaN NaN NaN NaN 1.0
205 NaN NaN NaN NaN 1.0
206 NaN NaN NaN NaN 1.0
207 NaN NaN NaN NaN 1.0
208 NaN NaN NaN NaN 1.0
303 2.271666491678843 1.0 3.0 6.194568413775414e-9 0.0
304 NaN NaN NaN NaN 1.0
3 0.5282082699122839 1.0 2.0 3.1116542231757194e-8 0.0
105 1.9642914244104759 1.0 1.0 1.3960743672214448e-9 0.0
106 NaN NaN NaN NaN 1.0
107 NaN NaN NaN NaN 1.0
108 NaN NaN NaN NaN 1.0
53 3.7549241528467974 2.0 3.0 1.2657437764573842e-8 0.0
209 1.9114697298464307 1.0 2.0 3.932655090466142e-9 0.0
357 5.972774402713185 2.0 1.0 7.939888746477664e-9 0.0
4 4.380564858389334 1.0 2.0 1.125590642914176e-8 0.0
264 1.8101351717632497 1.0 3.0 8.247570804087445e-8 0.0
265 NaN NaN NaN NaN 1.0
266 NaN NaN NaN NaN 1.0
267 NaN NaN NaN NaN 1.0
109 4.627652080818734 2.0 3.0 2.699380274862051e-9 0.0
210 4.351603347251512 2.0 1.0 7.637572707608342e-8 0.0
110 NaN NaN NaN NaN 1.0
211 NaN NaN NaN NaN 1.0
212 NaN NaN NaN NaN 1.0
111 4.267538056319609 3.0 3.0 6.875779945403337e-10 0.0
5 6.440140445873112 1.0 3.0 3.0204319045878947e-9 0.0
268 9.257824253028957 1.0 3.0 1.8170794646721333e-8 0.0
305 5.133231765914388 2.0 3.0 1.8199898477178067e-8 0.0
112 1.7495513283611217 2.0 2.0 1.4052602637093514e-8 0.0
113 NaN NaN NaN NaN 1.0
114 NaN NaN NaN NaN 1.0
358 7.099105470042559 1.0 1.0 3.413424565223977e-8 0.0
359 NaN NaN NaN NaN 1.0
360 NaN NaN NaN NaN 1.0
54 5.353829322719321 1.0 1.0 1.5168552636168897e-8 0.0
213 1.6591623124677426 2.0 2.0 1.4248143997974694e-8 0.0
214 NaN NaN NaN NaN 1.0
306 1.2508309173845191 2.0 3.0 5.255060386843979e-9 0.0
115 2.0135883586444834 1.0 2.0 2.5447661755606532e-9 0.0
361 8.223667811851556 1.0 1.0 5.190577212488279e-8 0.0
158 4.442689143230382 2.0 2.0 5.274159775581211e-9 0.0
116 1.4677523441459925 1.0 2.0 1.2109012459404767e-8 0.0
117 NaN NaN NaN NaN 1.0
307 2.514521865934512 1.0 3.0 6.927621143404394e-9 0.0
55 2.9578885080663895 1.0 3.0 3.938112058676779e-9 0.0
56 NaN NaN NaN NaN 1.0
362 4.818211916157452 1.0 1.0 1.4123543223831803e-8 0.0
363 NaN NaN NaN NaN 1.0
118 1.5431384126786725 2.0 3.0 5.911715561524034e-10 0.0
119 NaN NaN NaN NaN 1.0
120 NaN NaN NaN NaN 1.0
121 NaN NaN NaN NaN 1.0
122 NaN NaN NaN NaN 1.0
364 0.30366394982411293 2.0 3.0 1.1810698197223246e-8 0.0
365 NaN NaN NaN NaN 1.0
123 1.11967675876258 1.0 2.0 1.053831510944292e-8 0.0
308 0.8349528093222034 2.0 2.0 7.605194696225226e-9 0.0
309 NaN NaN NaN NaN 1.0
159 5.326584050406382 2.0 2.0 2.489377948222682e-8 0.0
160 NaN NaN NaN NaN 1.0
161 NaN NaN NaN NaN 1.0
162 NaN NaN NaN NaN 1.0
215 8.221396004868438 1.0 2.0 3.2654497772455215e-8 0.0
216 NaN NaN NaN NaN 1.0
310 4.093450851531088 1.0 1.0 8.32096702652052e-9 0.0
311 NaN NaN NaN NaN 1.0
312 NaN NaN NaN NaN 1.0
366 3.6428048922171 1.0 2.0 3.1485797080677e-8 0.0
217 0.09501169659779407 2.0 2.0 2.5265762815251946e-9 0.0
367 0.21022967638782575 1.0 1.0 3.77985998056829e-9 0.0
368 NaN NaN NaN NaN 1.0
369 NaN NaN NaN NaN 1.0
370 NaN NaN NaN NaN 1.0
371 1.84080531161635 1.0 2.0 5.614401743514463e-8 0.0
372 NaN NaN NaN NaN 1.0
163 4.3996817216902855 1.0 1.0 4.0618033381178975e-9 0.0
269 2.7205299365996325 2.0 1.0 8.97944119060412e-9 0.0
6 8.215614893244492 2.0 2.0 3.0358933145180345e-9 0.0
7 NaN NaN NaN NaN 1.0
8 NaN NaN NaN NaN 1.0
218 0.7317330762143683 2.0 2.0 1.7762431525625288e-9 0.0
270 3.8705503123692324 2.0 2.0 9.922587196342647e-10 0.0
313 7.868575167343806 1.0 3.0 1.8526407075114548e-9 0.0
314 NaN NaN NaN NaN 1.0
373 3.138246367456304 2.0 3.0 2.804335963446647e-8 0.0
374 NaN NaN NaN NaN 1.0
57 0.06349703673913609 2.0 3.0 2.4510882212780416e-9 0.0
164 7.03077796843354 1.0 1.0 1.3797034625895321e-9 0.0
271 0.4537740727300843 2.0 3.0 1.3415046851150692e-8 0.0
9 4.1403743853006745 2.0 2.0 9.399627742823213e-9 0.0
10 NaN NaN NaN NaN 1.0
11 NaN NaN NaN NaN 1.0
219 0.48847017099797085 2.0 1.0 5.342553777154535e-8 0.0
58 0.8714037903773715 1.0 1.0 4.891262506134808e-9 0.0
12 6.397918302911421 3.0 3.0 3.934928827220574e-8 0.0
13 NaN NaN NaN NaN 1.0
14 NaN NaN NaN NaN 1.0
15 NaN NaN NaN NaN 1.0
315 7.023407245553244 1.0 1.0 5.632682587020099e-8 0.0
316 NaN NaN NaN NaN 1.0
317 NaN NaN NaN NaN 1.0
318 NaN NaN NaN NaN 1.0
319 NaN NaN NaN NaN 1.0
320 NaN NaN NaN NaN 1.0
321 NaN NaN NaN NaN 1.0
375 6.349297467972065 2.0 2.0 6.111804395914078e-10 0.0
165 1.0017770385074982 2.0 3.0 2.482011041138321e-9 0.0
220 1.266558335042646 3.0 2.0 1.0070834832731634e-8 0.0
124 4.667646037265513 2.0 1.0 3.694822225952521e-8 0.0
125 NaN NaN NaN NaN 1.0
16 1.7501668634231464 1.0 1.0 1.0531948646530509e-8 0.0
376 0.7506247132187127 1.0 3.0 2.622982719913125e-9 0.0
377 NaN NaN NaN NaN 1.0
272 4.037414994696519 1.0 1.0 4.387220542412251e-8 0.0
59 4.214287086213517 3.0 1.0 4.145294951740652e-8 0.0
60 NaN NaN NaN NaN 1.0
61 NaN NaN NaN NaN 1.0
378 3.681942337545479 2.0 2.0 8.815732144284993e-9 0.0
379 NaN NaN NaN NaN 1.0
126 2.195860541180082 1.0 1.0 1.488660927861929e-8 0.0
322 7.125160383719049 1.0 1.0 2.2818312572780997e-8 0.0
17 1.8334232670604251 1.0 1.0 1.722582965157926e-9 0.0
18 NaN NaN NaN NaN 1.0
19 NaN NaN NaN NaN 1.0
20 NaN NaN NaN NaN 1.0
127 2.3514772038051888 1.0 1.0 1.8858372641261667e-8 0.0
128 NaN NaN NaN NaN 1.0
62 2.6687425586787867 1.0 3.0 2.408705768175423e-8 0.0
63 NaN NaN NaN NaN 1.0
64 NaN NaN NaN NaN 1.0
65 NaN NaN NaN NaN 1.0
323 1.247423633463768 2.0 2.0 2.3737811716273427e-10 0.0
324 NaN NaN NaN NaN 1.0
325 NaN NaN NaN NaN 1.0
326 NaN NaN NaN NaN 1.0
327 NaN NaN NaN NaN 1.0
166 1.833422741114191 1.0 2.0 3.3396645449101925e-9 0.0
167 NaN NaN NaN NaN 1.0
168 NaN NaN NaN NaN 1.0
169 NaN NaN NaN NaN 1.0
66 4.467003095127438 2.0 1.0 1.0086296242661774e-8 0.0
273 0.4413570129272557 3.0 2.0 1.013177097775042e-9 0.0
274 NaN NaN NaN NaN 1.0
275 NaN NaN NaN NaN 1.0
276 NaN NaN NaN NaN 1.0
277 NaN NaN NaN NaN 1.0
278 1.5189715199103375 2.0 1.0 3.0104274628683925e-10 0.0
21 3.2193225055834773 1.0 2.0 1.5081241144798696e-8 0.0
22 NaN NaN NaN NaN 1.0
23 NaN NaN NaN NaN 1.0
380 2.430338176971418 1.0 1.0 6.38956407783553e-8 0.0
67 0.8830045459562825 1.0 3.0 5.630681698676199e-9 0.0
24 3.808615026098778 3.0 3.0 5.366018740460277e-10 0.0
25 NaN NaN NaN NaN 1.0
26 NaN NaN NaN NaN 1.0
129 1.5794815191675298 1.0 1.0 6.631944415858015e-8 0.0
130 NaN NaN NaN NaN 1.0
131 NaN NaN NaN NaN 1.0
132 NaN NaN NaN NaN 1.0
170 1.5576911011648917 1.0 2.0 2.9930561140645295e-8 0.0
171 NaN NaN NaN NaN 1.0
172 NaN NaN NaN NaN 1.0
381 1.975785722150249 1.0 3.0 1.4999386621639132e-8 0.0
382 NaN NaN NaN NaN 1.0
279 2.1780723537794984 2.0 2.0 3.001969162141904e-8 0.0
27 1.0127962997030409 1.0 1.0 7.18646333552897e-8 0.0
28 NaN NaN NaN NaN 1.0
328 3.8769553556157916 1.0 1.0 1.8804712453857064e-8 0.0
329 NaN NaN NaN NaN 1.0
221 3.731159877113896 2.0 2.0 1.4788383850827813e-9 0.0
222 NaN NaN NaN NaN 1.0
223 NaN NaN NaN NaN 1.0
173 4.224311946431044 1.0 1.0 1.0124495020136237e-8 0.0
174 NaN NaN NaN NaN 1.0
175 NaN NaN NaN NaN 1.0
68 3.479481514037616 1.0 3.0 2.10275175049901e-9 0.0
330 3.869004847814722 2.0 3.0 4.1761268221307546e-8 0.0
133 3.1792591912289936 1.0 3.0 1.7729689716361463e-8 0.0
134 NaN NaN NaN NaN 1.0
383 0.49988667210891435 1.0 3.0 4.663888830691576e-9 0.0
69 3.769691829375006 2.0 2.0 5.246874934528023e-9 0.0
29 2.118426617593286 1.0 2.0 2.156411937903613e-9 0.0
30 NaN NaN NaN NaN 1.0
176 0.5365754893846315 2.0 3.0 6.236223271116614e-8 0.0
177 NaN NaN NaN NaN 1.0
384 4.631843895187558 1.0 2.0 8.408278517890722e-9 0.0
385 NaN NaN NaN NaN 1.0
331 1.80217324955629 2.0 3.0 3.4560798667371273e-9 0.0
332 NaN NaN NaN NaN 1.0
333 NaN NaN NaN NaN 1.0
334 NaN NaN NaN NaN 1.0
335 NaN NaN NaN NaN 1.0
336 NaN NaN NaN NaN 1.0
337 NaN NaN NaN NaN 1.0
338 NaN NaN NaN NaN 1.0
224 5.221456985014811 1.0 2.0 5.722631613025442e-8 0.0
280 2.530916612227884 1.0 2.0 8.517417882103473e-9 0.0
70 1.1804822475460242 1.0 1.0 4.20550350099802e-9 0.0
71 NaN NaN NaN NaN 1.0
339 1.021822710194101 3.0 1.0 4.8307811084669083e-8 0.0
340 NaN NaN NaN NaN 1.0
341 NaN NaN NaN NaN 1.0
31 1.9662017620921688 1.0 3.0 1.978150976356119e-9 0.0
32 NaN NaN NaN NaN 1.0
33 NaN NaN NaN NaN 1.0
178 3.083093953138814 1.0 3.0 4.3783074943348765e-9 0.0
179 NaN NaN NaN NaN 1.0
386 2.61509905713865 1.0 2.0 1.800799509510398e-9 0.0
387 NaN NaN NaN NaN 1.0
72 2.360416747054842 2.0 1.0 4.49745130026713e-8 0.0
73 NaN NaN NaN NaN 1.0
281 11.652230596289883 1.0 1.0 6.993104761932045e-9 0.0
282 NaN NaN NaN NaN 1.0
283 NaN NaN NaN NaN 1.0
284 NaN NaN NaN NaN 1.0
135 1.129373335856144 2.0 1.0 6.145455699879676e-9 0.0
225 2.5351424022373976 1.0 1.0 1.8358150555286556e-8 0.0
34 3.5338952200127096 2.0 1.0 1.297667040489614e-8 0.0
74 0.9208953137112985 2.0 1.0 2.029992174357176e-9 0.0
75 NaN NaN NaN NaN 1.0
76 NaN NaN NaN NaN 1.0
226 3.914025085961839 1.0 3.0 4.5556589611805975e-9 0.0
136 2.793334948906704 1.0 2.0 5.914716894039884e-8 0.0
285 3.173720102675361 1.0 2.0 4.2938154365401715e-8 0.0
286 NaN NaN NaN NaN 1.0
180 3.782215075483691 1.0 1.0 5.0423295760992914e-8 0.0
35 2.383935643816585 1.0 1.0 2.980414137709886e-9 0.0
227 0.6165401654925518 2.0 2.0 1.4319994079414755e-8 0.0
287 1.8388459423804306 2.0 1.0 2.9372131393756717e-8 0.0
77 0.40520634235326725 1.0 3.0 8.133611117955297e-9 0.0
342 2.939915493130684 2.0 3.0 3.3862306736409664e-8 0.0
137 0.7515178208104771 2.0 2.0 1.446096575818956e-10 0.0
78 4.4718746039616235 1.0 2.0 1.0686562745831907e-9 0.0
181 4.216404918104672 1.0 3.0 1.5370460459962487e-9 0.0
388 1.9073840225901222 2.0 2.0 1.9714207155629992e-8 0.0
389 NaN NaN NaN NaN 1.0
228 2.73188374552592 1.0 2.0 3.949025995098054e-9 0.0
288 3.2828646472298715 3.0 2.0 1.7071215552277863e-9 0.0
289 NaN NaN NaN NaN 1.0
390 0.7722916946913756 2.0 2.0 2.92584445560351e-9 0.0
391 NaN NaN NaN NaN 1.0
79 3.616899031085268 1.0 1.0 4.723915481008589e-8 0.0
229 3.742200287855667 1.0 1.0 1.0595613275654614e-8 0.0
230 NaN NaN NaN NaN 1.0
392 3.470849068748066 1.0 3.0 1.3334101822692901e-8 0.0
231 3.492718937144673 1.0 1.0 3.094100975431502e-9 0.0
182 2.6924474574352644 1.0 1.0 3.750665200641379e-8 0.0
183 NaN NaN NaN NaN 1.0
184 NaN NaN NaN NaN 1.0
185 NaN NaN NaN NaN 1.0
186 NaN NaN NaN NaN 1.0
138 5.598903229256393 3.0 1.0 5.18011802341789e-8 0.0
343 6.058467099679547 1.0 3.0 6.651134754065424e-9 0.0
187 2.8363498698054173 1.0 1.0 6.5410858951509e-9 0.0
80 2.0610385177478747 1.0 3.0 5.0595190259628e-9 0.0
139 6.768858029816329 1.0 1.0 2.117303665727377e-9 0.0
393 4.708174722467447 1.0 3.0 3.5770426620729268e-9 0.0
394 NaN NaN NaN NaN 1.0
395 NaN NaN NaN NaN 1.0
290 4.899902674294935 1.0 1.0 5.922720447415486e-8 0.0
291 NaN NaN NaN NaN 1.0
140 1.5287968016564264 1.0 1.0 6.124537321738899e-9 0.0
141 NaN NaN NaN NaN 1.0
232 6.763389041654591 1.0 1.0 4.0938175516203046e-8 0.0
396 1.4561879723387392 1.0 1.0 3.344212018419057e-9 0.0
142 0.6641760219608841 2.0 3.0 2.993147063534707e-9 0.0
233 7.538360493452274 1.0 1.0 1.0095391189679503e-10 0.0
234 NaN NaN NaN NaN 1.0
235 NaN NaN NaN NaN 1.0
344 2.175759215218932 1.0 1.0 2.4265318643301725e-9 0.0
81 5.488475042118807 3.0 2.0 1.5032128430902958e-8 0.0
82 NaN NaN NaN NaN 1.0
292 0.5451219385522563 1.0 2.0 4.193589120404795e-8 0.0
293 NaN NaN NaN NaN 1.0
83 2.0272180719475728 3.0 1.0 1.825355866458267e-9 0.0
84 NaN NaN NaN NaN 1.0
85 NaN NaN NaN NaN 1.0
143 6.066396630822055 3.0 2.0 1.1095835361629725e-9 0.0
144 NaN NaN NaN NaN 1.0
145 NaN NaN NaN NaN 1.0
86 4.6204011157824425 2.0 1.0 1.1605152394622564e-9 0.0
87 NaN NaN NaN NaN 1.0
88 NaN NaN NaN NaN 1.0
89 NaN NaN NaN NaN 1.0
236 3.6003021170363354 3.0 3.0 4.913999873679131e-9 0.0
188 3.3323611247196823 1.0 2.0 1.6165358829312027e-8 0.0
189 2.5649936166537373 2.0 3.0 5.4824340622872114e-9 0.0
397 0.41220834397790895 2.0 1.0 1.3876160664949566e-8 0.0
294 1.21545763433096 2.0 1.0 7.118160283425823e-8 0.0
295 NaN NaN NaN NaN 1.0
190 1.1022251769099967 2.0 3.0 7.340531738009304e-9 0.0
191 NaN NaN NaN NaN 1.0
192 NaN NaN NaN NaN 1.0
193 NaN NaN NaN NaN 1.0
345 1.3319397006780491 1.0 1.0 1.1605152394622564e-9 0.0
346 NaN NaN NaN NaN 1.0
347 NaN NaN NaN NaN 1.0
194 0.7714560845161031 1.0 1.0 1.3524186215363443e-9 0.0
195 NaN NaN NaN NaN 1.0
237 9.657346500149288 1.0 3.0 7.811286195646971e-8 0.0
398 4.44103184486994 1.0 1.0 5.3805706556886435e-9 0.0
348 1.8112278347289248 1.0 3.0 7.797098078299314e-9 0.0
36 5.880942930847596 1.0 2.0 5.356014298740774e-9 0.0
196 6.8701661464456265 1.0 2.0 3.969034878537059e-9 0.0
296 2.4260489826319827 3.0 2.0 7.174094207584858e-9 0.0
297 NaN NaN NaN NaN 1.0
298 NaN NaN NaN NaN 1.0
238 0.14150879994485877 2.0 2.0 4.021785571239889e-9 0.0
239 NaN NaN NaN NaN 1.0
349 2.751408481353792 2.0 3.0 1.1540578270796686e-8 0.0
399 4.324609437893741 3.0 3.0 7.101152732502669e-8 0.0
400 NaN NaN NaN NaN 1.0
37 4.345687972911037 1.0 3.0 7.541348168160766e-8 0.0
299 8.377547332112954 1.0 2.0 3.197783371433616e-8 0.0
300 NaN NaN NaN NaN 1.0
146 1.354964877011298 2.0 1.0 6.984009814914316e-9 0.0
147 NaN NaN NaN NaN 1.0
90 2.57269130415807 2.0 2.0 7.756170816719532e-9 0.0
350 8.82804974678038 2.0 3.0 1.0968506103381515e-8 0.0
197 1.2554349486890715 3.0 3.0 1.3935277820564806e-8 0.0
38 2.3874738673202955 3.0 1.0 1.7325874068774283e-9 0.0
91 3.0282728171277995 1.0 3.0 1.966327545233071e-9 0.0
240 3.776169258173468 1.0 2.0 1.6366357158403844e-8 0.0
198 0.08135835412213055 3.0 1.0 1.591160980751738e-8 0.0
199 NaN NaN NaN NaN 1.0
148 1.5065914483693632 1.0 1.0 3.0160663300193846e-8 0.0
92 3.3900698609795654 3.0 2.0 1.1983502190560102e-8 0.0
200 0.7198492119368893 2.0 1.0 3.4428012440912426e-8 0.0
149 2.297958455654225 1.0 2.0 2.1636878955177963e-9 0.0
150 NaN NaN NaN NaN 1.0
93 2.115893684016555 2.0 3.0 3.27054294757545e-9 0.0
241 1.4158290202103672 1.0 3.0 1.355147105641663e-10 0.0
242 NaN NaN NaN NaN 1.0
39 4.236075032324152 1.0 2.0 1.3643330021295696e-8 0.0
40 NaN NaN NaN NaN 1.0
94 1.6358879285144212 1.0 1.0 1.20171534945257e-8 0.0
95 NaN NaN NaN NaN 1.0
96 5.054094585351777 1.0 2.0 1.443640940124169e-8 0.0
97 NaN NaN NaN NaN 1.0
243 2.3331060079271992 1.0 2.0 5.70253178011626e-9 0.0
244 NaN NaN NaN NaN 1.0
98 0.14156433163043403 2.0 2.0 1.6016201698221266e-9 0.0
41 3.248555903821398 1.0 2.0 1.1293741408735514e-7 0.0
245 10.272565764404135 1.0 1.0 3.334207576699555e-8 0.0
246 NaN NaN NaN NaN 1.0
99 1.4746705082197877 1.0 1.0 8.869392331689596e-9 0.0
100 NaN NaN NaN NaN 1.0
42 1.7776650078176317 2.0 2.0 1.1739757610484958e-8 0.0
43 NaN NaN NaN NaN 1.0
44 NaN NaN NaN NaN 1.0
45 NaN NaN NaN NaN 1.0
247 1.174546472619113 1.0 3.0 3.1374838727060705e-8 0.0
46 3.0318603770392656 1.0 1.0 4.181856638751924e-9 0.0
47 NaN NaN NaN NaN 1.0
248 0.2331025605344621 1.0 3.0 1.6681042325217277e-8 0.0
48 1.4118061341487191 1.0 1.0 4.306457412894815e-9 0.0
49 NaN NaN NaN NaN 1.0
50 NaN NaN NaN NaN 1.0
249 5.620403648934371 1.0 2.0 4.1230123315472156e-8 0.0
250 NaN NaN NaN NaN 1.0
