151 1.4492662755237689 1.0 2.0 1.1990963685093448e-5 0.0
301 1.81821045430479 1.0 2.0 1.5411441381729674e-5 0.0
201 2.262152406381574 3.0 3.0 1.895445166155696e-6 0.0
351 0.8466702189452917 2.0 2.0 3.0089577194303274e-6 0.0
101 4.60000386613865 1.0 3.0 3.2669322536094114e-6 0.0
51 2.717303886405716 1.0 3.0 4.079564860148821e-6 0.0
1 2.2317958874664328 2.0 3.0 2.6229161449009553e-5 0.0
152 2.2885944082754577 2.0 1.0 1.5496807463932782e-6 0.0
52 2.304036839024775 1.0 3.0 4.493641426961403e-6 0.0
102 1.2905718788751983 2.0 1.0 2.8482127163442783e-6 0.0
202 3.004659823538532 3.0 1.0 2.6411817088956013e-6 0.0
352 5.325645252725735 1.0 3.0 2.578171006462071e-6 0.0
251 3.5791517250036122 1.0 2.0 3.4667964428081177e-6 0.0
302 12.58500716432718 2.0 2.0 4.441491000761744e-6 0.0
2 6.715312181911941 2.0 1.0 6.093623596825637e-6 0.0
153 1.831325856013791 2.0 1.0 5.309886546456255e-6 0.0
103 2.5146422048201202 2.0 1.0 4.581664143188391e-6 0.0
53 3.8480935592797323 1.0 2.0 6.487646714958828e-6 0.0
203 1.9094776683796226 1.0 2.0 7.3920937211369164e-6 0.0
154 1.4918290732130117 1.0 1.0 4.955499207426328e-6 0.0
353 5.20572952096154 2.0 2.0 1.1699100468831602e-5 0.0
3 0.977654265718229 3.0 3.0 3.1271974876290187e-6 0.0
252 10.692657267924005 2.0 3.0 6.633707016590051e-6 0.0
303 3.9669888043717947 3.0 3.0 4.899220584775321e-7 0.0
204 4.5247617685599835 3.0 2.0 1.380914000037592e-6 0.0
104 2.6862754749545275 1.0 3.0 4.542064743873198e-6 0.0
4 6.368526343601843 2.0 3.0 6.144143299025018e-6 0.0
155 0.47164062406591256 3.0 1.0 1.4822508092038333e-5 0.0
354 1.1356139757790515 2.0 3.0 2.7141140890307724e-7 0.0
54 8.04337799725181 1.0 1.0 7.233047654153779e-6 0.0
253 3.516751091072365 1.0 2.0 3.3310761864413507e-6 0.0
105 1.112581159652109 1.0 1.0 2.6407525183458347e-5 0.0
355 4.315201039775275 2.0 2.0 1.1480906323413365e-6 0.0
205 1.0139565738136298 1.0 3.0 4.5291410060599446e-5 0.0
156 0.005484410739882151 1.0 2.0 2.3180308744485956e-5 0.0
304 3.1757140694571717 3.0 1.0 2.587788003438618e-6 0.0
55 1.5383765809765464 1.0 1.0 2.624932585604256e-5 0.0
5 5.542880653669272 1.0 2.0 4.227909812470898e-6 0.0
356 4.991753014313872 3.0 2.0 1.1029715096810833e-6 0.0
157 0.38011093953718955 3.0 1.0 2.5546751203364693e-6 0.0
206 9.514293005384388 1.0 2.0 4.356250246928539e-5 0.0
305 7.601516162938424 1.0 3.0 1.0671212294255383e-5 0.0
56 2.8252960441859614 2.0 3.0 7.3774181146291085e-6 0.0
106 3.2973447161275544 1.0 3.0 7.319450560316909e-6 0.0
254 9.224771214565408 1.0 3.0 2.6960573450196534e-5 0.0
357 8.92790378869904 3.0 1.0 1.1842994354083203e-6 0.0
6 0.5497749243022554 2.0 1.0 5.932894055149518e-6 0.0
306 0.9343891515291034 2.0 2.0 1.3007984307478182e-6 0.0
57 2.3651579873221635 2.0 2.0 2.6153711587539874e-6 0.0
207 1.4640061978461745 1.0 2.0 2.9991427254572045e-5 0.0
255 10.763837177068126 1.0 1.0 6.292915713856928e-6 0.0
158 3.4033831318120065 1.0 2.0 6.213738743099384e-6 0.0
107 0.5832531374326209 1.0 1.0 1.896081357699586e-5 0.0
307 2.0981450486960966 2.0 2.0 2.2892172637511976e-6 0.0
358 9.382994723837328 1.0 3.0 1.7313204807578586e-6 0.0
58 1.1138603361741843 2.0 2.0 5.3532903621089645e-6 0.0
359 2.241426224276438 2.0 1.0 1.0889125405810773e-6 0.0
208 1.9580741734753246 1.0 1.0 2.4475848476868123e-6 0.0
256 0.557711309635124 1.0 2.0 3.6213577914168127e-6 0.0
108 2.497382275878408 3.0 2.0 1.0645559996191878e-5 0.0
308 0.7612602335520933 2.0 2.0 6.417073564080056e-6 0.0
209 2.8062355083784496 3.0 2.0 1.5760066162329167e-5 0.0
109 3.139814503972957 2.0 3.0 2.9063339752610773e-6 0.0
59 2.5784281691558135 2.0 3.0 1.0276089597027749e-6 0.0
309 2.198612077954749 3.0 2.0 3.5353041312191635e-6 0.0
360 1.2021260951169097 1.0 1.0 6.4855294112931006e-6 0.0
257 1.8630173658111744 3.0 3.0 2.5893241399899125e-6 0.0
210 2.080617747044016 1.0 3.0 3.720523636729922e-6 0.0
361 5.146051058456578 1.0 1.0 1.4523839126923122e-6 0.0
310 2.7838046823399054 2.0 2.0 3.1085613045434e-5 0.0
7 5.906559526058118 2.0 3.0 2.201855750172399e-5 0.0
159 6.079756405290027 3.0 3.0 1.6960857465164736e-5 0.0
8 3.4172919011161866 1.0 2.0 1.078852619684767e-6 0.0
110 0.22960198232613038 3.0 2.0 4.748414539790247e-6 0.0
258 2.1138319837154995 2.0 2.0 8.476535185764078e-6 0.0
60 7.978817872772197 1.0 2.0 6.347291673591826e-6 0.0
160 7.305427118855732 1.0 2.0 8.680417522555217e-7 0.0
111 5.680143955331005 3.0 2.0 6.053269316907972e-7 0.0
311 1.5130509881946637 1.0 2.0 2.388615030213259e-6 0.0
211 2.3175916820655402 1.0 3.0 4.847743184654973e-7 0.0
259 2.088743806585626 1.0 1.0 4.5963770389789715e-7 0.0
362 7.725539917926653 1.0 2.0 6.0293805290712044e-5 0.0
112 1.514072389481953 2.0 1.0 7.547081622760743e-6 0.0
9 2.872158536574716 1.0 3.0 5.338885785022285e-6 0.0
61 4.899732674361076 1.0 3.0 3.3015267945302185e-5 0.0
212 3.3591475391240238 2.0 2.0 4.320175321481656e-6 0.0
260 2.8256390022088453 1.0 2.0 4.049710696563125e-6 0.0
161 3.333977501561094 1.0 1.0 4.043767239636509e-5 0.0
312 2.2749552444984147 2.0 2.0 1.9003864508704282e-6 0.0
10 1.3873766240467376 1.0 2.0 2.203097210440319e-6 0.0
62 10.874002273112637 3.0 2.0 1.3174034393159673e-5 0.0
363 8.656264365879906 1.0 2.0 3.8642056097160093e-5 0.0
113 2.982709548497951 2.0 3.0 5.030897227698006e-6 0.0
213 2.095763676390561 1.0 3.0 2.8818240025429986e-6 0.0
162 6.460337829961645 2.0 2.0 6.930714334885124e-6 0.0
63 3.2634050581254996 1.0 2.0 1.873158907983452e-6 0.0
364 2.6698057404137217 3.0 2.0 3.1139934435486794e-6 0.0
214 0.5646934783380857 3.0 2.0 5.167298695596401e-6 0.0
11 1.6006419360164728 2.0 2.0 4.047971742693335e-6 0.0
114 2.058747087206939 2.0 1.0 7.530522452725563e-6 0.0
163 4.764458692974586 3.0 2.0 5.342878466763068e-6 0.0
64 3.7335623188464524 2.0 3.0 1.016165697365068e-6 0.0
365 1.380498933032868 2.0 2.0 3.33335337927565e-5 0.0
115 2.5188794412388233 2.0 1.0 7.766175258439034e-7 0.0
12 6.930137135568657 1.0 1.0 1.1147365512442775e-5 0.0
215 3.6977080225969985 1.0 2.0 3.654568899946753e-6 0.0
261 5.6061160199278675 3.0 3.0 3.1580275390297174e-6 0.0
65 3.7720875140112184 2.0 3.0 2.139623393304646e-5 0.0
366 2.647196524969331 2.0 2.0 1.688925658527296e-5 0.0
164 9.44697618797909 3.0 3.0 9.184356713376474e-6 0.0
116 1.8061920607196953 1.0 3.0 2.7412137569626793e-5 0.0
216 0.6070843854195118 1.0 3.0 1.7355485397274606e-5 0.0
13 2.0971527649016934 1.0 2.0 2.9565228942374233e-5 0.0
367 0.538370199570636 2.0 2.0 3.1301424314733595e-6 0.0
262 0.3659242951980559 1.0 2.0 0.00010624337119224947 0.0
313 7.229525273385661 2.0 2.0 1.8478140191291459e-6 0.0
217 1.0561342944074568 3.0 1.0 5.419933586381376e-6 0.0
165 0.39632575347059174 1.0 3.0 1.7663260223343968e-6 0.0
368 2.0634243955646525 2.0 2.0 1.3288226909935474e-6 0.0
117 2.2605803852984536 1.0 2.0 2.2391482161765452e-5 0.0
14 5.744628496880978 1.0 1.0 7.511793228331953e-6 0.0
263 2.4981295684756333 2.0 2.0 3.273218590038596e-5 0.0
314 2.6482879658633465 1.0 3.0 4.311894372222014e-6 0.0
66 6.808423294192835 2.0 3.0 1.05007538877544e-5 0.0
218 0.9450636674209818 2.0 2.0 2.821139423758723e-5 0.0
15 0.40664956060754776 3.0 2.0 5.557312761084177e-7 0.0
315 6.364688145709806 2.0 1.0 1.1274678399786353e-6 0.0
118 2.607054320269526 1.0 3.0 6.009106982673984e-6 0.0
369 9.273462874696634 1.0 2.0 9.362935088574886e-6 0.0
166 0.5148896230984974 3.0 1.0 7.345042831730098e-7 0.0
264 1.4377511032762413 1.0 2.0 2.6084571800311096e-6 0.0
67 0.8727391083411931 2.0 2.0 4.853818609262817e-7 0.0
316 5.745301994063993 1.0 1.0 8.797196642262861e-7 0.0
119 1.8649771647287707 1.0 2.0 9.28248482523486e-6 0.0
219 2.3532164880143682 2.0 3.0 8.322313078679144e-7 0.0
16 1.7386157526889292 3.0 3.0 9.261540981242433e-6 0.0
370 11.153131303111877 1.0 1.0 4.2983656385331415e-6 0.0
167 1.12950936060588 3.0 2.0 0.00048033659186330624 0.0
68 4.089631348424518 1.0 2.0 2.0185661924188025e-6 0.0
265 3.918374328137361 3.0 3.0 1.831895951909246e-5 0.0
120 1.7789387051161611 2.0 3.0 5.562530532188248e-6 0.0
17 0.6874161317955441 2.0 3.0 1.4296201698016375e-6 0.0
220 2.2244664420686604 3.0 1.0 4.7106168494792655e-6 0.0
371 0.7851919967797585 2.0 1.0 5.222815161687322e-6 0.0
317 2.7482489826088567 1.0 3.0 1.2217315997986589e-5 0.0
69 4.595158529031323 2.0 2.0 2.4400833353865892e-8 0.0
266 0.7281553908014757 2.0 3.0 6.720532837789506e-6 0.0
318 2.363876104265728 1.0 2.0 4.392381924844813e-6 0.0
168 1.617157055899952 1.0 2.0 1.7724995814205613e-5 0.0
372 0.06700255534997268 2.0 2.0 9.069730913324747e-5 0.0
221 5.5900970003749535 1.0 3.0 3.7861682358197868e-6 0.0
70 1.03104475723012 1.0 3.0 3.6836172512266785e-7 0.0
18 5.689001919305156 1.0 2.0 1.6144205801538192e-5 0.0
121 1.9487198122078553 1.0 3.0 4.991103833162924e-5 0.0
169 2.280498417276249 2.0 2.0 6.52117159916088e-6 0.0
19 0.7972740902841906 2.0 2.0 1.4550632840837352e-6 0.0
373 3.7415560154677223 2.0 2.0 3.0085939215496182e-6 0.0
122 2.9178602921274432 2.0 1.0 8.842498573358171e-7 0.0
267 2.58147718705186 3.0 1.0 3.4499189496273175e-6 0.0
222 3.61147176013219 1.0 3.0 5.195654921408277e-6 0.0
123 0.714846832166586 2.0 3.0 6.098366611695383e-6 0.0
319 0.8421035443061555 2.0 2.0 1.312171298195608e-5 0.0
170 0.5138568051497714 1.0 3.0 8.221049938583747e-7 0.0
268 5.0947199315196485 2.0 1.0 3.714483682415448e-6 0.0
20 1.4554836196311953 3.0 2.0 1.146138947660802e-5 0.0
71 5.937968166814244 1.0 3.0 8.274982974398881e-6 0.0
374 3.5560182197459653 2.0 1.0 1.9072052054980304e-5 0.0
223 3.3661606653240597 1.0 1.0 6.1445971368812025e-6 0.0
171 2.2147038451184926 1.0 2.0 1.8637857465364505e-5 0.0
21 1.6019371631664399 3.0 2.0 5.578676791628823e-7 0.0
320 2.694366509495012 1.0 3.0 2.632360155985225e-5 0.0
124 2.891169433205505 2.0 2.0 2.642736944835633e-7 0.0
224 5.136173958075233 2.0 2.0 4.789074409927707e-6 0.0
375 3.797033326356541 3.0 1.0 5.629119186778553e-6 0.0
172 3.469146347397327 1.0 2.0 2.7657860300678294e-5 0.0
269 3.089171605430238 3.0 2.0 6.635048521275166e-6 0.0
125 2.2613093797881447 2.0 2.0 5.344081728253514e-7 0.0
376 0.7924114293309685 2.0 2.0 5.2729037633980624e-6 0.0
72 7.875960740591836 3.0 1.0 3.682669557747431e-6 0.0
22 4.371818327466826 3.0 2.0 4.2055744415847585e-6 0.0
173 2.8981584660632507 1.0 2.0 7.074213499436155e-7 0.0
270 3.45120496349773 2.0 3.0 2.2407948563341051e-7 0.0
321 2.975681000205441 2.0 2.0 5.454694473883137e-8 0.0
225 1.813300328074547 2.0 2.0 1.173908185592154e-5 0.0
73 8.331869036197531 1.0 1.0 6.249334546737373e-6 0.0
271 1.4227098931551154 1.0 1.0 1.6324615899065975e-5 0.0
126 3.466318698023315 1.0 2.0 1.5568764865747653e-5 0.0
377 0.537750227153083 2.0 2.0 2.3003491151030175e-5 0.0
23 2.2870883286595927 2.0 2.0 5.5296296523010824e-5 0.0
226 3.6998635024992836 3.0 1.0 1.4558991097146645e-6 0.0
174 2.291778018197874 3.0 2.0 2.0516181393759325e-6 0.0
127 2.6671238775670645 2.0 3.0 5.251049515209161e-7 0.0
378 2.9855753571955574 1.0 2.0 6.981950718909502e-6 0.0
24 0.8160929145633418 3.0 3.0 2.1053620002930984e-7 0.0
74 1.2457031344492862 1.0 3.0 6.1231767176650465e-6 0.0
272 5.30240481184228 1.0 3.0 8.525147677573841e-6 0.0
227 0.12877689289598493 1.0 2.0 1.7297727026743814e-5 0.0
175 4.949267559028158 2.0 3.0 1.9781891751335934e-6 0.0
322 7.369979518600303 1.0 3.0 3.8172542190295644e-5 0.0
75 2.2889543026230967 2.0 2.0 3.7312473068595864e-5 0.0
273 3.452129390103437 3.0 3.0 8.498827810399234e-6 0.0
228 2.471712741491501 1.0 2.0 1.8916744011221454e-6 0.0
25 4.753930763039534 1.0 2.0 1.785404128895607e-5 0.0
323 0.7140680214361055 2.0 2.0 6.278120054048486e-6 0.0
176 1.4260759439530375 3.0 3.0 1.9070375856244937e-6 0.0
379 2.3962185483214853 2.0 1.0 4.5866111577197444e-5 0.0
229 7.28941659672455 1.0 3.0 1.7987104001804255e-6 0.0
274 1.246019325519228 2.0 2.0 1.3494168342731427e-5 0.0
76 3.7526429041863594 3.0 1.0 6.3195811890182085e-6 0.0
26 1.1308904613870254 3.0 3.0 2.6919633455690928e-6 0.0
177 5.845561751144487 2.0 1.0 1.9877430531778373e-5 0.0
380 2.260073447245304 3.0 2.0 5.583842721534893e-7 0.0
324 4.816451328926632 2.0 1.0 8.124288797262125e-7 0.0
275 4.241274961977979 2.0 3.0 2.8583792300196365e-5 0.0
77 0.4442079013770126 1.0 1.0 2.10891266760882e-6 0.0
27 0.9944321574585047 1.0 1.0 3.204903805453796e-6 0.0
230 1.7956116390269017 1.0 2.0 2.1294150428730063e-5 0.0
325 0.8933476238544245 1.0 3.0 2.4147047952283174e-6 0.0
178 2.27087330591894 1.0 1.0 1.1401521078369115e-5 0.0
381 5.084435401031442 1.0 3.0 9.848495210462715e-6 0.0
231 4.971019142001751 2.0 1.0 3.0837618396617472e-6 0.0
128 6.93017631784096 2.0 2.0 5.791665898868814e-6 0.0
78 6.068537966142685 1.0 2.0 1.5197756511042826e-6 0.0
28 2.494127546900927 3.0 2.0 3.2129082683240995e-6 0.0
276 9.547853609155936 1.0 3.0 2.7664097615343053e-5 0.0
326 0.3714966123843624 1.0 2.0 3.1797371775610372e-6 0.0
382 2.5558155634771538 3.0 1.0 1.6665353541611694e-6 0.0
277 0.9795759416265355 2.0 3.0 2.3781840354786254e-6 0.0
79 3.376300016991081 3.0 3.0 5.552893526328262e-6 0.0
179 0.06470182976954675 3.0 3.0 1.2179581972304732e-5 0.0
232 8.914742746366755 1.0 2.0 1.0602756447042339e-5 0.0
129 1.78791202528555 2.0 2.0 6.081208994146436e-7 0.0
29 1.513419546703517 1.0 1.0 7.9801257015788e-6 0.0
327 2.5041100265098066 2.0 3.0 7.513072887377348e-6 0.0
383 0.7958987679630809 2.0 2.0 2.6568013709038496e-6 0.0
130 1.8816946927217941 1.0 3.0 6.374918484652881e-6 0.0
233 8.144569799889723 1.0 1.0 4.3666712372214533e-5 0.0
30 5.130815858698043 1.0 3.0 1.3013966963626444e-5 0.0
180 5.400638378871008 3.0 3.0 1.1958114555454813e-5 0.0
278 0.646966924336084 1.0 3.0 1.876414899015799e-5 0.0
384 2.735962582995853 2.0 2.0 7.73966712586116e-6 0.0
31 0.9007423001494317 2.0 1.0 4.884446752839722e-6 0.0
80 5.706693798872948 3.0 1.0 5.872941073903348e-6 0.0
234 4.488758592042359 2.0 1.0 2.2142427042126656e-5 0.0
181 6.347462166146215 1.0 2.0 8.699562386027537e-7 0.0
131 3.3647024692800187 1.0 2.0 2.3320026230067015e-5 0.0
279 2.8006133053240774 1.0 3.0 2.5342560547869653e-6 0.0
81 5.142171500499899 3.0 3.0 5.835016054334119e-6 0.0
32 2.929509638386662 1.0 3.0 2.3262218746822327e-6 0.0
235 8.388033546050792 2.0 2.0 1.3546197806135751e-5 0.0
132 0.19911174857588776 3.0 3.0 7.630267919012113e-5 0.0
328 0.3406450031707209 1.0 2.0 2.101015707012266e-5 0.0
385 2.8898767760729243 3.0 2.0 5.311205313773826e-6 0.0
182 0.5074158393708785 1.0 2.0 9.348000276077073e-6 0.0
82 2.184513786305615 1.0 2.0 3.634010681707878e-5 0.0
329 0.9167601706103596 2.0 3.0 1.7699267118587159e-6 0.0
280 1.2774389516725932 2.0 1.0 3.6495657695923e-7 0.0
236 4.623357824275445 3.0 3.0 2.76914124697214e-6 0.0
386 1.360547623682578 1.0 3.0 1.411385710525792e-6 0.0
183 4.448040216468144 1.0 2.0 5.845158739248291e-6 0.0
133 3.9544055032838514 1.0 2.0 7.127503522497136e-6 0.0
83 1.972928818931905 2.0 3.0 1.4653287507826462e-6 0.0
330 2.8941120859017246 1.0 2.0 2.0704101189039648e-6 0.0
33 8.041781114285186 1.0 2.0 5.169626274437178e-5 0.0
387 0.060291953981504776 2.0 2.0 2.9123802960384637e-6 0.0
281 7.167653293561671 1.0 1.0 1.3373809451877605e-5 0.0
134 0.5093401569138223 2.0 1.0 5.0165528591605835e-5 0.0
331 0.06759428437544557 1.0 2.0 2.392508577031549e-6 0.0
34 2.104191314416312 1.0 1.0 2.707611201913096e-7 0.0
388 2.034011958328847 1.0 2.0 3.7336548302846495e-5 0.0
184 3.795420522628774 3.0 3.0 2.690609107958153e-6 0.0
237 8.607620984057576 3.0 2.0 3.785748594964389e-5 0.0
84 3.5342170943731617 1.0 3.0 2.277216481161304e-6 0.0
332 0.9308191012933094 1.0 2.0 3.31863066094229e-6 0.0
282 1.3539824849121942 1.0 2.0 2.6826110115507618e-6 0.0
135 1.473275419391939 1.0 3.0 1.6487874745507725e-6 0.0
389 4.151856277476327 1.0 2.0 8.432867616647854e-6 0.0
185 1.7206195285671129 1.0 3.0 4.272837486496428e-5 0.0
238 0.32559948977541353 1.0 2.0 1.6999556464725174e-6 0.0
85 1.2735353352491074 3.0 3.0 5.1265169531689025e-6 0.0
35 2.681083934430717 1.0 2.0 1.2914151739096269e-5 0.0
283 6.328128351875421 1.0 1.0 1.1255489880568348e-5 0.0
136 4.365980418862819 3.0 1.0 3.7461486499523744e-6 0.0
333 2.1361272700250993 3.0 3.0 5.4542724683415145e-6 0.0
86 6.210989466077081 2.0 2.0 5.006967512599658e-6 0.0
390 1.6669585211384401 3.0 3.0 7.928329978312831e-6 0.0
239 1.3046092292006506 3.0 1.0 4.5649912863154896e-6 0.0
186 1.9821124620157207 3.0 1.0 1.1192428246431518e-5 0.0
36 0.6450031192343886 2.0 2.0 3.3513006201246753e-6 0.0
87 0.7932846769472235 1.0 3.0 5.857236828887835e-7 0.0
137 1.85482365903772 1.0 3.0 8.664965207572095e-7 0.0
391 4.517797615093514 1.0 3.0 1.8991904653375968e-6 0.0
334 2.8404732908729784 1.0 2.0 5.170703025214607e-5 0.0
37 3.1873282625019783 1.0 1.0 1.3923599908594042e-5 0.0
187 4.261568736830668 3.0 2.0 2.163487170037115e-5 0.0
284 2.377596622798592 2.0 2.0 2.0702509573311545e-6 0.0
240 5.931610319437823 1.0 3.0 4.732455636258237e-7 0.0
392 3.622247475108452 1.0 2.0 8.12689722806681e-6 0.0
38 1.6077673725976638 2.0 2.0 1.8421879758534487e-5 0.0
138 1.7659912833114504 2.0 1.0 1.6894809959921986e-6 0.0
335 2.6718963015900954 2.0 3.0 1.2005552889604587e-5 0.0
285 0.2224934132227645 2.0 2.0 6.164436854305677e-7 0.0
241 0.4668835591783136 2.0 2.0 5.27454903931357e-6 0.0
393 2.6281443792613572 1.0 2.0 2.092001523124054e-6 0.0
88 9.903441188731449 2.0 1.0 5.5879136198200285e-6 0.0
39 2.252080354752252 2.0 2.0 1.078887544281315e-5 0.0
139 3.5265186688120593 1.0 3.0 9.288069122703746e-7 0.0
188 7.900486596645351 1.0 3.0 2.14403717109235e-5 0.0
394 2.728498675065566 3.0 2.0 1.141495886258781e-6 0.0
286 4.244700916717193 2.0 2.0 4.040010935568716e-6 0.0
336 3.796139949161443 1.0 3.0 5.722736204916146e-6 0.0
242 13.787077536228026 1.0 1.0 6.97708674124442e-6 0.0
140 2.081361400138121 1.0 2.0 3.3846845326479524e-7 0.0
395 2.441858682608654 1.0 2.0 1.8044465832645074e-6 0.0
89 1.493605482228304 1.0 2.0 1.7046721950464416e-5 0.0
287 3.120866077088067 2.0 3.0 1.571255506860325e-5 0.0
189 3.000723160092093 3.0 1.0 2.324201886949595e-6 0.0
40 1.2328494561152183 2.0 3.0 6.928929906280246e-6 0.0
337 4.749770584245198 3.0 3.0 2.406527528364677e-6 0.0
396 1.3516826548675454 1.0 1.0 1.3213198144512717e-5 0.0
141 1.9383746372386668 1.0 1.0 1.5875230928941164e-5 0.0
190 2.4601975928108004 2.0 2.0 1.0148341971216723e-6 0.0
41 1.8608654062918504 1.0 3.0 3.217308403691277e-6 0.0
288 5.735445716538379 2.0 2.0 7.260143320308998e-6 0.0
243 2.5498009576222103 2.0 3.0 9.510056770523079e-6 0.0
90 2.291508327041811 1.0 1.0 2.8235635909368284e-6 0.0
397 1.9605609502723382 1.0 2.0 4.843139322474599e-6 0.0
142 3.3396317666902178 2.0 2.0 1.689944929239573e-5 0.0
338 6.762769069289789 3.0 1.0 7.3903511292883195e-6 0.0
191 0.3367474222159217 3.0 2.0 2.921558916568756e-6 0.0
42 0.1854429728937248 2.0 1.0 5.967555807728786e-6 0.0
339 1.4142794018716813 2.0 3.0 7.132684913813137e-7 0.0
289 6.4473944967430725 1.0 3.0 3.79495222659898e-5 0.0
91 4.7667119851194 3.0 2.0 6.316886356216855e-7 0.0
143 7.671187978668968 1.0 1.0 8.705337677383795e-7 0.0
398 8.436810621749828 3.0 3.0 5.336624781193677e-6 0.0
192 2.755870867278645 3.0 3.0 7.632870620000176e-6 0.0
43 0.36281240917196556 2.0 2.0 1.014515419228701e-5 0.0
340 1.8613014732618467 1.0 3.0 7.801080755598377e-6 0.0
244 8.875434849647718 3.0 2.0 8.55063262861222e-6 0.0
193 2.718420197359592 1.0 2.0 1.3102247976348735e-5 0.0
92 2.863357234506111 1.0 1.0 1.661216447246261e-5 0.0
144 1.7865205643447553 2.0 2.0 3.262900463596452e-5 0.0
399 3.120706009445712 2.0 3.0 5.37134019396035e-6 0.0
290 4.808446272018045 1.0 2.0 2.769280399661511e-6 0.0
245 11.857361779369967 1.0 1.0 9.452942322241142e-7 0.0
93 2.288455826230347 3.0 3.0 5.909734682063572e-6 0.0
341 6.480280128194863 1.0 2.0 1.719351166684646e-5 0.0
44 1.4311048335021042 2.0 3.0 1.1635838745860383e-6 0.0
400 3.2722170016131713 2.0 2.0 2.820095505740028e-5 0.0
145 3.9011608805358264 1.0 1.0 3.025474688911345e-5 0.0
194 1.8887244427733094 3.0 2.0 1.8175860532210208e-6 0.0
94 2.4951731587534596 2.0 2.0 3.627664227678906e-6 0.0
342 0.1795610342942382 1.0 3.0 2.8931563065270893e-6 0.0
246 1.409459460302969 2.0 3.0 1.1760795132431667e-5 0.0
45 7.067678094297662 1.0 3.0 5.372236319090007e-5 0.0
291 3.5576305000104185 2.0 3.0 1.3970502550364472e-6 0.0
195 2.496041936443362 3.0 2.0 1.3158078218111768e-6 0.0
95 0.3039213525989908 1.0 3.0 3.0381797841982916e-6 0.0
146 1.1799454360661912 3.0 2.0 8.249627171608154e-6 0.0
46 3.225718623758439 1.0 3.0 5.205772140470799e-6 0.0
343 3.9306729772652034 3.0 3.0 2.4025594029808417e-6 0.0
292 0.8897851537112729 2.0 3.0 3.9361220842693e-6 0.0
247 3.519026401987503 2.0 2.0 9.413597581442446e-6 0.0
196 3.430863641820906 1.0 2.0 3.895270947396057e-5 0.0
96 2.7134032413996465 2.0 2.0 1.6362214410037268e-5 0.0
293 1.4857260285425582 2.0 1.0 1.0376938007539138e-5 0.0
147 0.5616002419774304 3.0 2.0 1.3189414858061355e-5 0.0
344 2.532763091225206 1.0 2.0 5.733360012527555e-6 0.0
148 1.7947395473674987 3.0 1.0 8.667038855492137e-7 0.0
345 0.28914860500481154 1.0 2.0 7.350295163632836e-6 0.0
248 1.1851792501674936 1.0 3.0 3.7320660339901224e-7 0.0
197 7.978401457388827 1.0 2.0 3.7950803744024597e-6 0.0
149 2.3332864141430036 2.0 1.0 2.9561870178440586e-6 0.0
294 1.3536617696845497 3.0 1.0 6.311760444077663e-6 0.0
346 4.162936109531074 2.0 2.0 6.098178346292116e-6 0.0
150 4.656480029747399 3.0 3.0 3.131386620225385e-6 0.0
47 7.305895022720506 1.0 3.0 3.166118221997749e-5 0.0
97 4.084350851602721 1.0 3.0 7.961783012433443e-6 0.0
198 0.5746565693461889 1.0 2.0 1.1119318514829502e-5 0.0
295 3.1164090803358704 2.0 1.0 2.2561225705430843e-6 0.0
249 6.485994673545065 3.0 3.0 1.78298450919101e-5 0.0
48 0.42678272258126526 3.0 2.0 1.2436066754162312e-7 0.0
347 2.4864326045462803 2.0 2.0 1.183506174129434e-5 0.0
296 0.9111300158911035 1.0 3.0 8.689563401276246e-6 0.0
199 2.836983282559231 1.0 2.0 8.067479029705282e-6 0.0
98 1.6158205026422365 2.0 1.0 1.4358656699187122e-6 0.0
49 5.368452813490876 1.0 2.0 8.555796739528887e-6 0.0
250 1.2063123079533398 1.0 2.0 2.093671355396509e-6 0.0
297 9.046442206428765 1.0 1.0 4.456223905435763e-6 0.0
200 0.8003083812145633 2.0 2.0 9.610133201931603e-5 0.0
50 6.872994572038806 3.0 2.0 1.1357578841852956e-5 0.0
99 1.1450761576852528 1.0 3.0 2.3544116629636846e-6 0.0
348 1.6854617696244532 2.0 2.0 3.4280928957741708e-6 0.0
298 1.976472154728981 3.0 2.0 3.7825075196451508e-6 0.0
100 2.52083392840359 3.0 3.0 4.107435415789951e-6 0.0
349 0.9408353087819705 1.0 2.0 3.7338841138989665e-6 0.0
299 2.7090932428600354 1.0 1.0 5.100014277559239e-6 0.0
350 8.976767429532629 3.0 2.0 9.516232239548117e-6 0.0
300 3.8800092044584744 2.0 3.0 1.7563390429131687e-5 0.0
