201 1.84936734769326 3.0 2.0 3.64143488695845e-8 0.0
1 1.3202394899126375 2.0 1.0 7.387452569673769e-7 0.0
361 7.678508143522777 2.0 2.0 1.1812335287686437e-7 0.0
281 11.048180226844124 1.0 3.0 1.700209395494312e-7 0.0
321 1.0973858183770062 3.0 3.0 8.365077519556507e-8 0.0
121 6.338824949514674 1.0 2.0 7.622384146088734e-8 0.0
161 0.27829543539155566 2.0 2.0 3.529794412315823e-7 0.0
241 0.7141881713523617 3.0 2.0 5.8731529861688614e-8 0.0
41 2.5242341608136485 3.0 2.0 1.7781621863832697e-7 0.0
81 4.774001785228393 3.0 2.0 5.041238182457164e-8 0.0
2 8.118578128915033 1.0 2.0 1.2907730706501752e-7 0.0
362 5.107163399563433 1.0 2.0 9.20990714803338e-8 0.0
162 7.49908652553313 2.0 1.0 8.067399903666228e-8 0.0
202 2.752962236334497 1.0 3.0 4.2174906411673874e-7 0.0
82 1.240525748455184 1.0 2.0 2.534834493417293e-7 0.0
122 2.585122376209256 2.0 1.0 2.0543666323646903e-8 0.0
322 8.232184439044431 1.0 2.0 2.1816777007188648e-7 0.0
242 11.17046330957055 1.0 1.0 4.179846655461006e-7 0.0
123 1.0447647236287594 2.0 2.0 1.0685289453249425e-7 0.0
163 6.12181793374657 1.0 1.0 7.593371265102178e-8 0.0
83 1.7311164631701104 1.0 3.0 1.013177097775042e-8 0.0
203 1.8145621813891921 1.0 2.0 2.533224687795155e-7 0.0
282 0.883128355972076 1.0 3.0 3.1054423743626103e-7 0.0
3 1.851691418016344 1.0 2.0 1.409307515132241e-7 0.0
323 1.0506699118141114 2.0 3.0 1.3791213859803975e-7 0.0
42 0.9243391173422424 3.0 3.0 1.8389346223557368e-7 0.0
204 4.640303936050259 2.0 2.0 9.51968104345724e-8 0.0
164 7.002841559020453 1.0 3.0 7.51469997339882e-8 0.0
4 5.30977337999866 1.0 3.0 4.9674781621433794e-8 0.0
283 4.79492231353106 1.0 1.0 2.3534721549367532e-7 0.0
363 2.1180207922698173 3.0 3.0 1.0094390745507553e-7 0.0
205 1.255299184274918 2.0 2.0 2.5169993023155257e-7 0.0
243 2.997466781635012 1.0 1.0 2.972037691506557e-7 0.0
324 2.390947208605212 2.0 3.0 2.214628693764098e-7 0.0
43 1.3577240866361535 2.0 2.0 4.9476511776447296e-8 0.0
124 4.896241916298095 3.0 1.0 5.285710358293727e-8 0.0
84 2.2723639388841548 1.0 3.0 9.816449164645746e-8 0.0
364 0.44415734256654105 2.0 1.0 1.4630131772719324e-7 0.0
5 2.675284081915379 3.0 2.0 1.667185642872937e-7 0.0
284 0.5580246537519997 1.0 1.0 3.7064637581352144e-8 0.0
165 1.033588160544241 2.0 2.0 7.038124749669805e-8 0.0
206 3.957183922320837 3.0 2.0 1.8719401850830764e-7 0.0
325 0.3758014832092158 2.0 3.0 1.50199412018992e-7 0.0
85 1.3831605390678305 2.0 2.0 2.557408151915297e-8 0.0
326 0.4749670375331334 2.0 1.0 6.66741470922716e-8 0.0
125 1.4055240795441932 1.0 1.0 4.061257641296834e-8 0.0
207 1.243525192645393 3.0 2.0 4.0863233152776957e-7 0.0
365 2.362801360688536 1.0 1.0 1.0217263479717076e-7 0.0
244 7.488612030960212 3.0 3.0 1.0405619832454249e-7 0.0
86 5.531140477494773 2.0 2.0 9.33860064833425e-8 0.0
327 4.367097797312454 3.0 1.0 3.09382812702097e-7 0.0
285 2.3907509311902686 1.0 1.0 5.993524609948508e-7 0.0
44 3.36805643173102 2.0 2.0 4.953481038683094e-7 0.0
166 1.4962542707671673 1.0 3.0 6.824393494753167e-8 0.0
87 0.9265950093449646 2.0 2.0 6.180835043778643e-8 0.0
245 11.537669717647077 3.0 2.0 2.3821485228836536e-8 0.0
366 2.8442644590286363 3.0 3.0 1.5539626474492252e-8 0.0
208 1.782728959869928 1.0 1.0 3.6139681469649076e-8 0.0
286 4.116224821606011 2.0 2.0 3.6729034036397934e-8 0.0
45 6.734160738580613 2.0 1.0 1.2055352272000164e-8 0.0
167 1.8029510940123146 1.0 3.0 2.3348275135504082e-7 0.0
126 3.1973683729811455 3.0 1.0 2.3321172193391249e-7 0.0
287 2.2289987031017517 1.0 2.0 2.793321982608177e-7 0.0
328 2.0817167828226957 1.0 2.0 3.181321517331526e-8 0.0
209 1.7187412416078587 1.0 3.0 1.3079625205136836e-7 0.0
127 2.583763393226036 2.0 2.0 7.306607585633174e-8 0.0
367 0.27674940790711844 1.0 2.0 3.674904291983694e-8 0.0
246 2.939133226582271 2.0 3.0 7.754078978905454e-8 0.0
46 3.11499440825537 2.0 1.0 5.445963324746117e-8 0.0
368 1.45209354898725 1.0 1.0 5.38439053343609e-8 0.0
329 1.3825686202399083 1.0 1.0 4.943831299897283e-8 0.0
210 3.7427418214574573 2.0 3.0 1.9268009054940194e-7 0.0
369 4.107613450723875 2.0 2.0 3.438253770582378e-8 0.0
288 4.785344424659343 2.0 1.0 5.26142684975639e-8 0.0
6 4.248843132674665 1.0 3.0 1.5010118659120053e-7 0.0
128 0.796632901792691 2.0 2.0 2.005963324336335e-7 0.0
330 4.15024249115595 3.0 1.0 5.09969140694011e-7 0.0
168 2.76125524015697 3.0 1.0 6.222671800060198e-8 0.0
88 10.646812186769239 1.0 1.0 1.9301296561025083e-8 0.0
289 3.610151258062615 2.0 2.0 9.017348929774016e-7 0.0
169 2.6546654882749863 3.0 3.0 2.0391689758980647e-7 0.0
47 1.211856710662687 2.0 2.0 2.9157490644138306e-8 0.0
370 12.306516007385653 2.0 3.0 1.0811618267325684e-7 0.0
211 2.715725366560946 1.0 2.0 3.580771590350196e-8 0.0
371 1.9143533018705057 2.0 3.0 5.137471816851757e-7 0.0
331 1.4876741563130054 1.0 1.0 9.722862159833312e-8 0.0
89 0.07683654917491367 3.0 1.0 8.87966962181963e-8 0.0
247 0.8281852130494372 1.0 2.0 1.7036654753610492e-8 0.0
48 1.1803002426549938 2.0 3.0 2.3647589841857553e-7 0.0
129 1.4532491689442395 1.0 3.0 5.52045094082132e-8 0.0
332 1.0287630440197972 2.0 3.0 2.3696611606283113e-7 0.0
130 0.5781181972579361 2.0 1.0 1.0764142643893138e-7 0.0
49 4.056160992717196 3.0 2.0 6.339123501675203e-7 0.0
170 1.2996268650222191 2.0 2.0 6.164009391795844e-8 0.0
372 3.346426004287423 2.0 2.0 1.4491342881228775e-7 0.0
248 0.3246047590073431 3.0 2.0 2.851274985005148e-7 0.0
171 1.353550221747355 2.0 1.0 4.5941305870655924e-8 0.0
290 3.179776435634267 2.0 2.0 8.673941920278594e-8 0.0
131 4.142612575071325 3.0 3.0 3.494824341032654e-8 0.0
333 3.407482990409335 3.0 3.0 1.643365976633504e-7 0.0
7 6.267489555175416 3.0 3.0 5.152742232894525e-8 0.0
212 3.277598689250226 2.0 1.0 1.6967442206805572e-7 0.0
90 2.997322982051628 3.0 2.0 4.3105501390527934e-8 0.0
50 4.030303804827781 2.0 2.0 1.5997193258954212e-7 0.0
373 4.194859283776168 2.0 1.0 8.006281859707087e-9 0.0
172 4.196838206922621 1.0 1.0 1.43178112921305e-7 0.0
8 1.2382491010012018 1.0 3.0 8.381266525248066e-8 0.0
249 3.813076251622988 3.0 3.0 6.880172804812901e-7 0.0
132 0.6665973304970976 2.0 2.0 2.6750967663247138e-8 0.0
374 1.7362649893584603 1.0 2.0 3.6364508559927344e-7 0.0
173 4.032521257533517 2.0 3.0 1.090920704882592e-7 0.0
91 3.8828035943097348 3.0 2.0 4.7655703383497894e-8 0.0
213 0.6541333580953506 3.0 2.0 3.609420673456043e-8 0.0
51 2.0438824542343355 3.0 2.0 1.6494232113473117e-7 0.0
334 4.30321256514253 1.0 2.0 8.596825864515267e-7 0.0
291 5.088666917865339 3.0 2.0 1.1632346286205575e-7 0.0
174 9.458510639080487 3.0 2.0 1.1737211025319993e-7 0.0
214 2.8791401949783904 2.0 3.0 9.487848728895187e-8 0.0
52 3.499956369951178 2.0 1.0 9.693485480966046e-8 0.0
133 4.674764284412959 1.0 2.0 1.9916933524655178e-7 0.0
250 2.3434830536898517 2.0 1.0 4.360281309345737e-7 0.0
9 4.566070199405658 2.0 3.0 9.670930012362078e-8 0.0
92 3.071657710675936 3.0 1.0 1.4655233826488256e-7 0.0
292 0.5764211946661817 3.0 3.0 3.45887201547157e-7 0.0
375 5.446965164521316 2.0 2.0 1.2449072528397664e-7 0.0
335 0.776694707939896 1.0 1.0 7.618082236149348e-7 0.0
10 1.8403944397668965 1.0 3.0 8.89713192009367e-8 0.0
134 1.089842921737727 1.0 1.0 1.2869986676378176e-7 0.0
93 2.8874257497627696 2.0 1.0 1.8593800632515922e-7 0.0
251 1.8840169523082295 3.0 2.0 1.358712324872613e-7 0.0
175 6.143820742639946 3.0 3.0 1.781882019713521e-8 0.0
293 1.7140836493817915 3.0 3.0 1.1788597475970164e-7 0.0
376 0.9429255915001704 2.0 3.0 9.206269169226289e-8 0.0
336 2.4050026595632517 3.0 2.0 7.963626558193937e-8 0.0
53 4.531851079978878 2.0 1.0 5.230958777246997e-8 0.0
337 0.11791053245906369 1.0 1.0 3.852346708299592e-8 0.0
94 2.616604995513626 1.0 3.0 3.342665877426043e-8 0.0
11 2.3201211188697926 2.0 2.0 4.392195478430949e-7 0.0
176 0.3167769931769726 1.0 2.0 8.495226211380213e-8 0.0
377 0.0721150792487606 3.0 3.0 1.0020994523074478e-7 0.0
95 1.3684459201995196 1.0 3.0 1.1403790267650038e-7 0.0
252 3.926944043556432 2.0 1.0 2.4788369046291336e-7 0.0
135 0.49583455412903277 3.0 1.0 9.320683602709323e-8 0.0
294 1.1463572162701894 1.0 1.0 1.80643837666139e-7 0.0
215 7.585135693592747 2.0 2.0 2.181704985559918e-7 0.0
378 3.565100323630759 3.0 1.0 5.721813067793846e-8 0.0
12 7.841980085109753 1.0 1.0 1.7831735021900386e-7 0.0
54 5.0107856141785305 1.0 1.0 3.224959073122591e-7 0.0
96 5.741062121715004 2.0 3.0 8.070765034062788e-8 0.0
216 2.6125345302698406 3.0 3.0 3.796658347710036e-7 0.0
136 3.749208489623925 2.0 3.0 6.534201020258479e-7 0.0
177 6.75654424205095 1.0 1.0 8.608185453340411e-8 0.0
295 2.3810344947123667 3.0 1.0 5.317997420206666e-8 0.0
253 1.8410970942641143 3.0 1.0 2.8169870347483084e-7 0.0
217 0.18300058788554452 1.0 3.0 1.1838710634037852e-7 0.0
338 6.798307329698218 3.0 2.0 5.142101144883782e-8 0.0
55 2.2788166262071172 1.0 1.0 9.435825631953776e-8 0.0
178 2.584739639016334 2.0 1.0 1.0084659152198583e-7 0.0
13 0.6162714639394835 2.0 2.0 2.59997250395827e-8 0.0
137 1.2297382969700266 2.0 1.0 7.424023351632059e-8 0.0
296 2.267376707350195 2.0 2.0 5.068613972980529e-9 0.0
339 1.1101875234598992 2.0 2.0 1.0182702681049705e-8 0.0
379 2.6859760537536204 2.0 3.0 1.4766555977985263e-8 0.0
218 1.3713922650495078 1.0 2.0 4.952835297444835e-8 0.0
97 0.3153562361239892 3.0 2.0 2.475535438861698e-7 0.0
14 10.733835634920979 3.0 2.0 9.182258509099483e-8 0.0
179 0.5278262570136576 3.0 2.0 1.1327665561111644e-7 0.0
297 4.1701967588596744 2.0 2.0 2.14092324313242e-7 0.0
254 9.734466289844931 2.0 2.0 2.476681402185932e-7 0.0
340 4.273570839437525 2.0 3.0 2.6099041861016303e-7 0.0
298 0.5004466150749067 1.0 3.0 1.5929254004731774e-7 0.0
98 0.011021950474969344 2.0 3.0 5.2240466175135225e-8 0.0
56 1.625803291946795 1.0 3.0 1.705220711301081e-7 0.0
219 0.5847593774251436 3.0 3.0 2.42574060393963e-7 0.0
15 0.657329008967281 1.0 3.0 5.129959390615113e-7 0.0
380 2.895728254583446 2.0 3.0 2.0377046894282103e-7 0.0
180 3.8138306160726643 3.0 3.0 3.6170695238979533e-7 0.0
138 5.7924513828966155 3.0 1.0 1.4666602510260418e-7 0.0
381 3.3163091690821602 1.0 2.0 7.298694981727749e-8 0.0
341 7.277785421851149 2.0 1.0 6.226764526218176e-8 0.0
255 6.058352491440019 2.0 2.0 5.173533281777054e-7 0.0
181 5.407725727593061 1.0 2.0 1.186062945635058e-7 0.0
220 1.5987173273024382 2.0 1.0 1.279358912142925e-7 0.0
99 1.3994999152910168 1.0 3.0 1.0362145985709503e-7 0.0
16 1.6354882073501358 3.0 2.0 6.903428584337234e-8 0.0
382 1.2287997908424586 2.0 1.0 9.296854841522872e-8 0.0
299 12.021648950216331 1.0 2.0 8.710321708349511e-8 0.0
57 0.04830609513737727 3.0 2.0 2.6581074052955955e-7 0.0
17 1.6724066885999491 1.0 1.0 1.9822618924081326e-7 0.0
100 5.6958889940742665 2.0 1.0 2.2852600523037836e-7 0.0
139 6.278308231754636 3.0 1.0 1.6730155039113015e-8 0.0
383 0.7970302123358124 3.0 2.0 3.93238224205561e-8 0.0
342 1.5650993196359195 3.0 1.0 1.4594479580409825e-7 0.0
256 0.31402024521776184 2.0 1.0 2.990154825965874e-7 0.0
58 1.6487192543354467 1.0 2.0 9.654286259319633e-9 0.0
101 2.492894888180672 2.0 3.0 1.0295661923009902e-7 0.0
18 5.254200702018352 1.0 1.0 1.5623572835465893e-7 0.0
140 1.6307936981920648 1.0 1.0 1.0933763405773789e-7 0.0
182 1.3566539389630634 3.0 2.0 1.2977579899597913e-8 0.0
384 3.531181274111077 3.0 2.0 9.974064596462995e-8 0.0
19 0.4540970575890242 1.0 2.0 1.204471118398942e-7 0.0
102 2.5316181114430947 3.0 2.0 7.187099981820211e-8 0.0
257 1.9616744774630206 2.0 1.0 1.4032411854714155e-7 0.0
300 4.891711470574592 1.0 2.0 1.192884155898355e-7 0.0
221 8.323471756038998 1.0 2.0 5.605579644907266e-8 0.0
183 4.747972850695078 1.0 3.0 1.273983798455447e-7 0.0
385 5.805428387979191 3.0 2.0 8.841652743285522e-8 0.0
20 1.3825468229497346 2.0 1.0 2.2369931684806943e-8 0.0
258 0.6528921025837917 1.0 1.0 7.419021130772308e-8 0.0
59 5.018604067499837 1.0 1.0 3.413224476389587e-7 0.0
103 2.3333859281683544 1.0 3.0 4.387766239233315e-8 0.0
301 1.4683022759800224 1.0 2.0 5.2510586101561785e-8 0.0
343 7.033417967470086 3.0 2.0 7.45958459447138e-8 0.0
386 1.456637141869578 2.0 3.0 1.0972598829539493e-7 0.0
21 2.506295245981164 1.0 2.0 7.938706403365359e-8 0.0
387 0.008528684029442957 3.0 3.0 7.029757398413494e-8 0.0
222 0.7161657695360191 1.0 3.0 2.1690539142582566e-8 0.0
259 1.676834835052432 2.0 1.0 3.20806066156365e-8 0.0
184 5.730867879174184 3.0 1.0 5.120728019392118e-8 0.0
104 1.535009176710446 1.0 2.0 1.535490810056217e-7 0.0
302 14.959818978284602 1.0 1.0 1.0504118108656257e-7 0.0
344 1.3784506664687797 1.0 1.0 4.54147084383294e-8 0.0
22 0.9638449044723529 2.0 2.0 2.379420038778335e-8 0.0
185 2.2417112831099075 3.0 2.0 2.7185160433873534e-7 0.0
223 7.203939538148916 1.0 3.0 8.182996680261567e-8 0.0
23 1.4015082136029378 1.0 1.0 1.032194631989114e-7 0.0
60 0.22087934470437176 1.0 2.0 3.910645318683237e-8 0.0
186 0.39141570021456573 2.0 2.0 1.3254702935228124e-7 0.0
345 0.616383080750893 2.0 1.0 5.305946615408175e-7 0.0
303 2.416372218493052 2.0 2.0 1.27549355966039e-7 0.0
141 3.495362418481818 2.0 1.0 4.0071427065413445e-8 0.0
24 2.4123985543956223 2.0 1.0 3.6385699786478654e-7 0.0
388 2.61361637706068 3.0 1.0 1.258194970432669e-8 0.0
260 3.587325435657476 2.0 1.0 1.291518856305629e-7 0.0
187 2.5402850531645527 1.0 1.0 3.641680450527929e-7 0.0
224 4.226250249434088 1.0 2.0 2.724545993260108e-7 0.0
346 3.426511594921976 1.0 2.0 5.58629835722968e-8 0.0
61 3.12025162234022 3.0 1.0 2.8171598387416452e-8 0.0
105 3.085572210904502 2.0 1.0 1.0523763194214553e-7 0.0
142 0.8809521349940042 1.0 3.0 1.3637600204674527e-7 0.0
389 3.2406617399574316 1.0 2.0 5.794117896584794e-8 0.0
225 1.8265377509214886 2.0 1.0 2.2049698600312695e-7 0.0
347 0.9815472927621158 1.0 3.0 8.112783689284697e-8 0.0
143 6.840837661215119 3.0 1.0 6.534992280649021e-8 0.0
390 0.7316717460616928 2.0 3.0 1.2787313607987016e-7 0.0
304 2.0089967517287732 3.0 1.0 1.8865739548346028e-7 0.0
226 3.209180545180061 1.0 2.0 3.419336280785501e-8 0.0
348 2.5004701033922174 3.0 3.0 1.0499388736207038e-7 0.0
25 5.679593338891209 2.0 3.0 4.629582690540701e-7 0.0
188 2.5313552585339494 2.0 2.0 1.0166786523768678e-7 0.0
106 0.2654199796033936 3.0 2.0 5.6968019634950906e-8 0.0
261 2.4751305136032897 2.0 2.0 1.0045187082141638e-7 0.0
391 5.561547486289783 1.0 1.0 9.690484148450196e-8 0.0
62 6.911855780401311 3.0 1.0 1.5325076674344018e-7 0.0
189 3.1625989998792647 1.0 2.0 1.470916686230339e-7 0.0
227 0.4306521337639424 2.0 1.0 8.828192221699283e-8 0.0
26 3.3429126919636474 2.0 1.0 2.2337644622894004e-7 0.0
349 2.1834157547364157 3.0 2.0 4.5087290345691144e-8 0.0
190 1.0765262353143044 1.0 1.0 5.071160558145493e-8 0.0
305 7.0911974026657845 1.0 3.0 3.951390681322664e-8 0.0
107 1.2788816640950245 3.0 2.0 3.588229446904734e-8 0.0
392 2.8422806753351324 1.0 1.0 1.8374885257799178e-7 0.0
63 4.226092311280809 3.0 3.0 1.3339740689843893e-7 0.0
262 1.299740030126486 2.0 1.0 1.3457884051604196e-7 0.0
27 1.221056979476998 2.0 1.0 1.0242729331366718e-8 0.0
191 1.5925411302105204 3.0 1.0 4.307403287384659e-7 0.0
228 2.792234117987391 1.0 2.0 8.536608220310882e-8 0.0
350 10.005065996108897 2.0 2.0 9.18607838684693e-8 0.0
108 2.3702135699604696 2.0 1.0 5.039237294113263e-7 0.0
306 0.6621991060874279 1.0 2.0 2.8085196390748024e-8 0.0
64 1.1874046344073577 2.0 2.0 1.990811142604798e-7 0.0
263 2.888953638193925 2.0 3.0 4.4736225390806794e-8 0.0
393 4.007089844017173 2.0 1.0 1.1183874448761344e-7 0.0
144 8.571493396688311 2.0 1.0 1.6312333173118532e-7 0.0
229 4.860435086995494 1.0 3.0 9.173163562081754e-8 0.0
351 0.7686211662166897 2.0 2.0 1.3119188224663958e-7 0.0
109 3.8716192167521513 1.0 3.0 4.1804923966992646e-8 0.0
192 2.3004405627743836 3.0 1.0 7.755443220958114e-8 0.0
65 4.605784938987199 1.0 3.0 1.7154798115370795e-7 0.0
28 1.0341376608594146 3.0 2.0 5.719666660297662e-7 0.0
307 2.8007312777590414 1.0 3.0 5.150832294020802e-8 0.0
394 1.231825729186312 1.0 3.0 8.220104064093903e-8 0.0
193 4.69820183419688 3.0 2.0 3.4825461625587195e-8 0.0
352 5.454714706793311 1.0 1.0 1.924727257573977e-7 0.0
264 1.4613125662399398 2.0 3.0 3.115292201982811e-8 0.0
145 3.6577030173157254 2.0 3.0 2.1719006326748058e-7 0.0
66 7.362585375996787 1.0 2.0 3.282066245446913e-7 0.0
230 2.972255082349875 1.0 2.0 4.3590262066572905e-8 0.0
395 1.5754353417269158 2.0 2.0 3.422155714360997e-8 0.0
29 1.990220900206623 2.0 3.0 2.3121083359001204e-7 0.0
308 1.155215688615499 2.0 1.0 2.3733264242764562e-8 0.0
194 1.160741339539527 3.0 1.0 2.1799678506795317e-8 0.0
231 3.7851180435445713 2.0 2.0 8.330971468240023e-8 0.0
67 1.547774233014934 2.0 2.0 8.926417649490759e-8 0.0
110 1.5262737099092192 2.0 2.0 3.7949848774587736e-7 0.0
309 2.4716280956708943 2.0 3.0 1.818907549022697e-7 0.0
30 6.303748617025121 1.0 1.0 4.478943083086051e-7 0.0
396 0.8800642514070205 1.0 2.0 3.9071892388165e-8 0.0
353 3.5137278967122256 2.0 3.0 7.680864655412734e-8 0.0
265 1.330515515008301 2.0 1.0 6.592199497390538e-8 0.0
111 5.000978993030003 2.0 1.0 5.584115569945425e-8 0.0
68 3.293730806628446 2.0 2.0 7.412018021568656e-8 0.0
31 1.5979803966147301 2.0 1.0 2.298957042512484e-7 0.0
310 4.1252806778920785 1.0 1.0 1.0302301234332845e-7 0.0
146 0.8305248470405786 2.0 2.0 8.3747181633953e-8 0.0
112 2.8631306022562057 2.0 1.0 3.7744939618278295e-8 0.0
397 0.5096951065806934 3.0 2.0 9.052655514096841e-8 0.0
195 4.874588853343084 2.0 2.0 2.997130650328472e-7 0.0
354 0.12706829290073074 3.0 3.0 5.490437615662813e-8 0.0
232 6.594345535582761 2.0 1.0 2.5609188014641404e-7 0.0
266 0.10505860314697202 3.0 3.0 3.4929234971059486e-7 0.0
69 4.852028479892397 3.0 2.0 6.565824151039124e-8 0.0
355 2.9150415795757 2.0 3.0 2.2850053937872872e-7 0.0
311 0.992622373820268 2.0 2.0 1.0393705451861024e-7 0.0
113 3.0007335550799326 1.0 2.0 2.2836220523458906e-6 0.0
147 1.571093753371315 1.0 1.0 1.4199395081959665e-7 0.0
233 7.4425377517054585 3.0 1.0 5.3476469474844635e-8 0.0
356 5.692279119375598 3.0 3.0 1.4368288248078898e-7 0.0
196 6.010389134244178 3.0 2.0 4.4689841161016375e-8 0.0
398 4.748370200572026 1.0 3.0 3.260720404796302e-8 0.0
70 0.9900606321880332 1.0 2.0 3.586346792872064e-7 0.0
312 1.7362607710529119 1.0 3.0 4.216963134240359e-8 0.0
267 5.179916748757023 1.0 3.0 1.8789614841807634e-7 0.0
114 3.4112072751286178 2.0 2.0 3.1776380637893453e-7 0.0
234 2.83153185046649 1.0 1.0 2.825527189997956e-8 0.0
32 3.6667106492659514 2.0 2.0 5.713354767067358e-8 0.0
148 1.4303862483720877 3.0 1.0 2.648084773682058e-7 0.0
268 7.7501091977792385 1.0 1.0 6.70750523568131e-7 0.0
399 3.7889421943964408 1.0 3.0 1.1697557056322694e-7 0.0
115 1.999201216354777 2.0 3.0 1.8089667719323188e-7 0.0
313 5.290016179736995 1.0 2.0 1.1259089660597965e-7 0.0
149 2.233421888831799 2.0 2.0 1.771968527464196e-8 0.0
197 6.043093709749883 3.0 3.0 2.1650521375704557e-7 0.0
357 4.991078616101731 2.0 1.0 6.69697328703478e-8 0.0
400 2.8601147221816063 3.0 1.0 1.1738120520021766e-7 0.0
71 5.668664173665093 1.0 3.0 1.1582233128137887e-7 0.0
314 2.558331718571935 1.0 3.0 3.2869138522073627e-8 0.0
116 0.7496426650541252 2.0 2.0 5.9297235566191375e-8 0.0
235 10.378485499519229 2.0 1.0 6.401523933163844e-7 0.0
33 10.224920726395794 2.0 2.0 8.057031664066017e-8 0.0
72 2.6204757951927604 1.0 1.0 9.480936569161713e-8 0.0
150 4.787612831678416 2.0 1.0 1.0161875252379104e-7 0.0
151 1.3588279011310078 3.0 1.0 2.0760944607900456e-7 0.0
73 9.39864346520153 3.0 3.0 1.2401696949382313e-6 0.0
34 5.010599145705783 1.0 2.0 1.436046659364365e-7 0.0
358 6.600019733263252 2.0 2.0 3.532750270096585e-7 0.0
236 3.6992924343412596 1.0 1.0 8.145343599608168e-8 0.0
315 6.196402770265195 3.0 1.0 6.524805939989164e-8 0.0
198 0.19012866442972154 3.0 2.0 1.5260684449458495e-7 0.0
316 6.2823220583577495 3.0 2.0 1.696553226793185e-7 0.0
117 7.4772992199941655 3.0 1.0 9.2107893578941e-7 0.0
152 2.76431743732428 1.0 3.0 7.35844878363423e-8 0.0
199 2.5638325985328265 2.0 3.0 1.184753273264505e-7 0.0
74 1.2101742210579687 3.0 2.0 7.32115950086154e-8 0.0
359 1.6175678437684837 2.0 1.0 4.74377884529531e-7 0.0
153 1.1978631213169137 1.0 3.0 4.0229679143521935e-7 0.0
35 2.0518607547910506 3.0 3.0 3.466811904218048e-8 0.0
118 1.9017633011699218 3.0 3.0 2.1169853425817564e-7 0.0
200 0.8983723183100665 3.0 2.0 1.0316853149561211e-7 0.0
75 1.0107364676823636 1.0 1.0 2.452343323966488e-7 0.0
269 3.419656827391009 3.0 1.0 5.582041922025383e-7 0.0
154 1.5190029414443416 2.0 2.0 2.5260123948100954e-7 0.0
317 1.5778777384657587 3.0 2.0 6.431400834117085e-8 0.0
119 0.8881983464852965 2.0 1.0 2.859287633327767e-7 0.0
270 2.037045133771244 1.0 1.0 1.8254013411933556e-7 0.0
237 8.691124013330409 2.0 3.0 2.5938334147213027e-7 0.0
76 0.601885134132317 1.0 2.0 6.469963409472257e-8 0.0
318 3.1628905422912794 2.0 3.0 7.532189556513913e-7 0.0
155 0.8181930196788016 2.0 2.0 1.5051045920699835e-7 0.0
271 1.0303419907850184 2.0 1.0 7.404087227769196e-7 0.0
120 2.834009133373911 2.0 1.0 2.9126022127456963e-7 0.0
238 0.35227034239142085 2.0 3.0 1.0988060239469633e-7 0.0
360 0.914793489366275 1.0 3.0 7.385824574157596e-8 0.0
77 0.4277605184561253 2.0 1.0 1.1653628462227061e-7 0.0
156 0.026126845950784627 2.0 3.0 2.654905983945355e-7 0.0
78 5.138020719186898 3.0 2.0 3.305276550236158e-7 0.0
239 2.5746787776115525 3.0 3.0 4.200501280138269e-8 0.0
319 2.5293742778958404 3.0 1.0 1.1076735972892493e-8 0.0
157 0.4167832478069613 3.0 1.0 6.333175406325608e-8 0.0
272 3.777017773099942 2.0 2.0 2.5153894966933876e-8 0.0
79 4.069065219860931 1.0 2.0 2.931064955191687e-7 0.0
273 1.3267168076981761 1.0 1.0 2.1258529159240425e-8 0.0
36 5.294324497710477 2.0 2.0 8.714105206308886e-7 0.0
274 0.6205500652922638 2.0 3.0 4.2618194129318e-7 0.0
320 2.691942928968274 1.0 2.0 1.6562444216106087e-7 0.0
80 2.6528372431257594 1.0 1.0 2.1930645743850619e-7 0.0
240 4.291600392736655 3.0 2.0 8.089773473329842e-8 0.0
275 3.0725706794928556 2.0 2.0 1.0644998837960884e-7 0.0
37 3.676478919633155 2.0 3.0 1.6130434232763946e-7 0.0
158 1.67751771289295 3.0 2.0 5.277734089759178e-7 0.0
276 9.546160411600795 2.0 2.0 9.40981408348307e-8 0.0
38 1.7406211696470564 2.0 1.0 1.867010723799467e-8 0.0
277 1.2428733130673209 1.0 1.0 6.49706635158509e-8 0.0
278 1.097613961152092 2.0 3.0 3.0915998650016263e-7 0.0
159 5.895210567265167 1.0 2.0 3.986506271758117e-7 0.0
279 2.8867220289994293 1.0 1.0 6.394748197635636e-8 0.0
160 7.797043561375176 2.0 3.0 2.704928192542866e-7 0.0
39 5.098427208953581 2.0 1.0 1.7221373127540573e-7 0.0
40 0.9052724941193446 3.0 2.0 1.7459296941524372e-7 0.0
280 2.4856179811376933 1.0 2.0 7.897961040725932e-8 0.0
